/*--------------------------------*- C++ -*----------------------------------*\
  =========                 |
  \\      /  F ield         | OpenFOAM: The Open Source CFD Toolbox
   \\    /   O peration     | Website:  https://openfoam.org
    \\  /    A nd           | Version:  13
     \\/     M anipulation  |
\*---------------------------------------------------------------------------*/
FoamFile
{
    format      ascii;
    class       volVectorField;
    location    "0.4975";
    object      U;
}
// * * * * * * * * * * * * * * * * * * * * * * * * * * * * * * * * * * * * * //

dimensions      [0 1 -1 0 0 0 0];

internalField   nonuniform List<vector> 
1800
(
(0.0339932 -0.0345605 1.39995e-19)
(0.464998 -0.39507 6.47643e-20)
(0.944347 -0.766664 -3.55e-19)
(1.2625 -0.983773 4.76623e-19)
(1.41982 -1.06009 1.27672e-18)
(1.48131 -1.05457 5.69609e-19)
(1.49713 -1.01281 -3.00193e-19)
(1.49351 -0.959209 -7.66383e-19)
(1.48406 -0.899509 -4.04949e-19)
(1.45193 -0.848743 -3.31783e-19)
(0.0604915 -0.0504757 5.80414e-20)
(0.564284 -0.405917 -2.98507e-19)
(1.09886 -0.757787 4.13768e-21)
(1.44115 -0.956862 -4.33235e-19)
(1.60166 -1.02227 1.17615e-19)
(1.65747 -1.01162 1.30408e-18)
(1.66573 -0.967958 -9.58155e-19)
(1.65596 -0.913376 4.90784e-19)
(1.64147 -0.855241 8.10756e-19)
(1.61862 -0.811086 -4.16608e-19)
(0.0943227 -0.0656387 7.04776e-21)
(0.672339 -0.406957 8.95742e-20)
(1.25644 -0.730353 2.7232e-19)
(1.61616 -0.906988 -2.71628e-19)
(1.77481 -0.960985 -1.50325e-18)
(1.82137 -0.947155 3.49084e-19)
(1.81896 -0.90515 6.27076e-19)
(1.79891 -0.855028 -7.45841e-20)
(1.77463 -0.80346 -5.33599e-21)
(1.74163 -0.762067 -3.35988e-20)
(0.135428 -0.0781929 -1.08624e-20)
(0.787232 -0.395209 -1.03349e-19)
(1.41372 -0.681711 -2.39464e-19)
(1.78442 -0.831912 6.78124e-20)
(1.93795 -0.873492 3.9085e-19)
(1.97472 -0.856498 3.58154e-20)
(1.96271 -0.815922 -2.53242e-20)
(1.93449 -0.768858 5.76049e-19)
(1.90311 -0.720809 4.80396e-19)
(1.86702 -0.684035 -1.62417e-19)
(0.183491 -0.0867747 1.07418e-19)
(0.906554 -0.369899 1.63851e-19)
(1.56637 -0.613329 -7.82877e-20)
(1.94037 -0.735434 -9.17906e-20)
(2.08463 -0.765758 -1.17793e-18)
(2.1101 -0.747965 1.07016e-20)
(2.08838 -0.711642 9.74197e-19)
(2.05236 -0.670777 3.31943e-19)
(2.01439 -0.630026 2.08083e-20)
(1.97392 -0.598282 -2.12976e-19)
(0.237241 -0.0894577 -7.60295e-20)
(1.0264 -0.328869 2.23021e-19)
(1.70934 -0.524281 9.61624e-19)
(2.07934 -0.617539 -7.65563e-19)
(2.21133 -0.637705 -8.56156e-19)
(2.22524 -0.620366 1.47475e-18)
(2.19467 -0.589136 -1.07162e-18)
(2.15194 -0.554834 -1.19777e-18)
(2.1085 -0.521021 8.63352e-19)
(2.06482 -0.495171 -2.93107e-20)
(0.295157 -0.0849286 8.25559e-20)
(1.14297 -0.271958 -5.46295e-19)
(1.83823 -0.416783 -2.57119e-18)
(2.19737 -0.482346 1.28088e-18)
(2.31471 -0.494665 2.16709e-18)
(2.31722 -0.479874 -6.4209e-21)
(2.27899 -0.45544 -2.89254e-18)
(2.23099 -0.42909 2.69586e-21)
(2.1835 -0.403435 2.61271e-18)
(2.13736 -0.384001 6.87182e-19)
(0.354898 -0.0719601 -1.96993e-21)
(1.25146 -0.199046 4.33543e-19)
(1.94814 -0.292524 2.00962e-18)
(2.29063 -0.332592 -6.4919e-20)
(2.39199 -0.339522 -1.39781e-18)
(2.38394 -0.32892 -4.44005e-19)
(2.33945 -0.312297 0)
(2.28751 -0.294547 1.01496e-18)
(2.23717 -0.277428 4.66343e-21)
(2.18949 -0.264987 -8.31137e-19)
(0.413848 -0.0500003 2.6314e-21)
(1.34747 -0.111441 9.28988e-19)
(2.03526 -0.154797 1.82247e-18)
(2.35672 -0.172628 -1.90843e-18)
(2.44181 -0.176868 -1.43441e-18)
(2.42452 -0.172008 4.50092e-19)
(2.37541 -0.16407 -1.90448e-18)
(2.32106 -0.155416 -1.31328e-18)
(2.26922 -0.147089 1.55024e-18)
(2.22091 -0.141808 1.32058e-18)
(0.469068 -0.0190949 1.11371e-19)
(1.42672 -0.0111297 6.40368e-19)
(2.09626 -0.00708864 3.44407e-19)
(2.39386 -0.00654305 -2.78292e-18)
(2.46321 -0.010591 3.04464e-20)
(2.43841 -0.0126916 4.28386e-18)
(2.38639 -0.0139417 -2.29242e-18)
(2.33108 -0.0145832 -1.27591e-18)
(2.27902 -0.0150186 4.23565e-19)
(2.23103 -0.0168955 -9.59205e-19)
(-0.00321525 -0.000620168 9.82541e-20)
(-0.00195438 -0.0733366 5.3918e-20)
(0.034861 -0.156856 -1.6521e-21)
(0.0902195 -0.212564 -8.70261e-21)
(0.153852 -0.238632 -2.43866e-21)
(0.218357 -0.245734 -6.77809e-20)
(0.279785 -0.243207 7.54849e-21)
(0.336708 -0.236574 -2.22278e-21)
(0.388599 -0.228645 3.22473e-21)
(0.436936 -0.221951 -8.26903e-21)
(-0.00416253 0.00778222 2.85524e-20)
(0.00882269 -0.107977 7.39794e-20)
(0.059815 -0.247398 -1.01651e-19)
(0.124705 -0.340864 -4.75561e-20)
(0.192547 -0.383537 -7.83569e-20)
(0.257893 -0.393469 -1.05357e-19)
(0.318472 -0.386815 5.6831e-20)
(0.373846 -0.373186 4.95591e-21)
(0.423837 -0.357557 -2.24201e-20)
(0.471142 -0.345347 -2.6051e-21)
(-0.00620255 0.0146567 -4.33162e-20)
(0.0257118 -0.143011 1.69029e-19)
(0.100049 -0.335533 6.92247e-20)
(0.180677 -0.464315 2.70647e-19)
(0.255489 -0.522145 5.40644e-20)
(0.322245 -0.534247 -3.45615e-19)
(0.381447 -0.523296 -1.81945e-20)
(0.434295 -0.502762 1.25719e-19)
(0.481201 -0.479718 -6.94401e-20)
(0.526941 -0.462134 -2.04469e-20)
(-0.00881992 0.0193696 -1.16633e-19)
(0.0492885 -0.17831 -2.78352e-20)
(0.155688 -0.419796 3.25481e-20)
(0.257751 -0.580368 -1.38183e-19)
(0.341931 -0.651307 7.09216e-20)
(0.410457 -0.664691 2.1311e-19)
(0.467666 -0.649249 7.02907e-20)
(0.516997 -0.621977 -2.86337e-20)
(0.559691 -0.591938 2.23598e-20)
(0.603345 -0.569157 -3.17275e-21)
(-0.0111873 0.0214019 0)
(0.0804565 -0.213752 8.9197e-20)
(0.226776 -0.498779 2.13425e-19)
(0.355228 -0.686545 -2.57428e-19)
(0.45069 -0.767981 -5.88121e-19)
(0.521093 -0.781568 2.17342e-19)
(0.575612 -0.761461 -3.61267e-20)
(0.620456 -0.727733 -1.04392e-19)
(0.657928 -0.69126 0)
(0.698996 -0.663452 -1.01237e-20)
(-0.012509 0.0202792 4.16683e-20)
(0.120023 -0.249211 1.05603e-19)
(0.313299 -0.571035 1.93846e-20)
(0.472061 -0.780421 2.48169e-19)
(0.580045 -0.869273 -1.96252e-19)
(0.652109 -0.881885 -3.14146e-19)
(0.703163 -0.857032 5.71292e-19)
(0.742609 -0.817298 5.61591e-20)
(0.77404 -0.775092 -3.57614e-19)
(0.811961 -0.742326 -7.7786e-21)
(-0.0117936 0.0155129 6.12737e-21)
(0.168786 -0.284272 4.51938e-20)
(0.414944 -0.634937 1.47371e-19)
(0.606687 -0.859623 2.80793e-20)
(0.7276 -0.952542 3.24022e-19)
(0.80071 -0.963051 -4.26299e-19)
(0.847425 -0.933588 -4.41461e-19)
(0.880617 -0.888592 -3.86816e-19)
(0.905427 -0.841504 2.83671e-19)
(0.939199 -0.803604 3.12137e-19)
(-0.00771207 0.00696302 -1.28551e-19)
(0.227705 -0.31813 3.85275e-20)
(0.530897 -0.688766 3.1339e-19)
(0.75675 -0.921991 -1.78131e-19)
(0.890081 -1.01563 3.34714e-19)
(0.963216 -1.02322 8.33129e-19)
(1.00464 -0.989751 6.03352e-19)
(1.03074 -0.94085 -4.68505e-19)
(1.04855 -0.890083 -2.26949e-19)
(1.07576 -0.846782 3.25442e-19)
(0.000805673 -0.00492697 -2.226e-19)
(0.296917 -0.349397 -3.60346e-19)
(0.659199 -0.730479 5.62476e-19)
(0.918446 -0.965307 6.84738e-19)
(1.06255 -1.05645 -7.42239e-19)
(1.13413 -1.06058 8.67618e-19)
(1.16902 -1.02416 1.36791e-19)
(1.18699 -0.973343 -1.10011e-18)
(1.19728 -0.920411 -2.69114e-19)
(1.2129 -0.872022 3.57263e-19)
(0.014442 -0.019136 5.5396e-20)
(0.375943 -0.375846 -3.62679e-19)
(0.797317 -0.757361 -4.15523e-19)
(1.08748 -0.986744 7.22808e-19)
(1.23947 -1.07204 6.00197e-19)
(1.30689 -1.07186 -7.7632e-19)
(1.33294 -1.03293 -6.6093e-19)
(1.34066 -0.981172 3.98128e-19)
(1.34173 -0.925949 -4.10975e-19)
(1.33816 -0.873927 -2.54421e-19)
(0.620227 -0.180449 4.16465e-20)
(0.800461 -0.136179 -5.59246e-20)
(0.889098 -0.10676 6.45342e-21)
(0.940694 -0.0836498 1.01647e-20)
(0.970668 -0.0649055 -5.06762e-21)
(0.988524 -0.0495865 -2.34006e-21)
(0.999594 -0.0370499 -4.08593e-21)
(1.00661 -0.0266102 -3.01276e-21)
(1.01087 -0.0185533 7.36565e-21)
(1.01379 -0.00788073 2.84484e-21)
(0.637887 -0.257453 1.10377e-19)
(0.812986 -0.17593 1.20422e-20)
(0.897677 -0.128233 3.94033e-21)
(0.947223 -0.0957397 -4.96752e-21)
(0.975845 -0.0719956 -1.25519e-20)
(0.992683 -0.0538418 0)
(1.00296 -0.0396549 -4.3188e-21)
(1.00937 -0.028211 3.66313e-21)
(1.01322 -0.0195476 4.59312e-22)
(1.01578 -0.00828003 -3.4787e-21)
(0.666043 -0.331561 -7.76089e-20)
(0.83105 -0.214999 -3.46438e-20)
(0.909079 -0.149503 1.43051e-20)
(0.955185 -0.107711 -8.34043e-21)
(0.981808 -0.0789764 -3.68205e-21)
(0.997302 -0.0579918 5.88868e-21)
(1.0066 -0.0421598 0)
(1.0123 -0.0297249 0)
(1.01569 -0.0204694 -1.99864e-21)
(1.01785 -0.00864461 0)
(0.704848 -0.401204 -3.50623e-20)
(0.854312 -0.25286 7.13642e-20)
(0.923281 -0.170348 7.39122e-21)
(0.964582 -0.119445 0)
(0.988554 -0.0857758 1.84301e-20)
(1.00238 -0.0619922 -2.9069e-21)
(1.01052 -0.0445366 0)
(1.01541 -0.0311342 3.83097e-21)
(1.01827 -0.0213074 0)
(1.02 -0.00897028 6.13964e-22)
(0.754447 -0.464828 -4.09246e-20)
(0.88234 -0.289011 9.63223e-20)
(0.940233 -0.190553 -3.91097e-21)
(0.975416 -0.130829 0)
(0.996075 -0.092325 3.76285e-21)
(1.00789 -0.0658004 5.72116e-21)
(1.0147 -0.0467583 5.74866e-21)
(1.01866 -0.0324201 1.05892e-21)
(1.02093 -0.02205 -2.10933e-21)
(1.02222 -0.00925304 2.59811e-21)
(0.814651 -0.520858 -7.18916e-19)
(0.914561 -0.323057 -1.81505e-19)
(0.959813 -0.209979 1.47843e-21)
(0.98767 -0.141771 2.80318e-20)
(1.00436 -0.0985643 -5.90045e-21)
(1.01384 -0.069376 4.35634e-21)
(1.01912 -0.0487977 4.21612e-21)
(1.02206 -0.033565 -8.55237e-21)
(1.02369 -0.0226864 -2.03756e-22)
(1.02449 -0.00948828 8.27675e-23)
(0.884492 -0.567356 -2.29023e-21)
(0.949828 -0.354134 7.04277e-20)
(0.981646 -0.228452 2.43449e-21)
(1.00127 -0.152214 -8.1171e-22)
(1.01337 -0.104454 -2.14887e-20)
(1.02018 -0.0726872 5.15043e-21)
(1.02376 -0.0506317 -3.1394e-21)
(1.02558 -0.0345525 -4.14974e-21)
(1.0265 -0.0232047 1.03439e-21)
(1.02679 -0.00967081 -1.80056e-21)
(0.963466 -0.603088 2.83373e-19)
(0.986314 -0.381049 8.49392e-20)
(1.0045 -0.2453 0)
(1.01576 -0.161837 -4.63721e-22)
(1.02295 -0.109844 1.74436e-20)
(1.02686 -0.0756625 1.15505e-21)
(1.02858 -0.0522258 -1.42474e-20)
(1.02919 -0.0353637 4.05341e-21)
(1.02936 -0.0235945 -3.86757e-23)
(1.02913 -0.00979742 -3.22066e-22)
(1.05582 -0.632122 -4.21118e-19)
(1.02597 -0.406327 -2.28499e-19)
(1.02758 -0.261741 5.16588e-20)
(1.03032 -0.171081 -2.67977e-22)
(1.03258 -0.114815 -2.20255e-21)
(1.0336 -0.0782764 -1.36942e-20)
(1.03347 -0.0535431 3.62671e-21)
(1.03284 -0.035973 5.13114e-22)
(1.03223 -0.0238406 -3.11381e-21)
(1.03146 -0.00986566 -2.64182e-21)
(1.16392 -0.657297 2.96422e-19)
(1.07897 -0.430338 -2.25271e-19)
(1.05535 -0.28005 -3.82443e-20)
(1.04623 -0.182401 -4.06985e-20)
(1.04252 -0.121046 -2.19661e-20)
(1.04039 -0.0814763 -1.07802e-20)
(1.03837 -0.0550635 -5.33007e-21)
(1.0365 -0.0365981 0)
(1.03508 -0.0240363 -3.85868e-22)
(1.03379 -0.00988758 2.06556e-21)
(1.32409 -0.641185 4.66847e-19)
(1.1831 -0.430753 1.46754e-19)
(1.11566 -0.282079 -1.17134e-19)
(1.08085 -0.18432 7.41313e-21)
(1.06268 -0.122138 8.76419e-21)
(1.05268 -0.081847 -4.9259e-21)
(1.04629 -0.0549867 4.00841e-22)
(1.04184 -0.0363211 4.39286e-21)
(1.03896 -0.0237152 -3.07146e-21)
(1.03681 -0.00973479 4.2461e-23)
(1.37509 -0.523722 -6.45197e-21)
(1.21365 -0.364372 1.37585e-19)
(1.1422 -0.248534 1.17289e-19)
(1.10267 -0.167774 -1.42662e-20)
(1.07872 -0.113335 5.49605e-20)
(1.06399 -0.0767226 3.52606e-20)
(1.05424 -0.0517888 2.40389e-20)
(1.04754 -0.0342816 -2.36905e-21)
(1.04324 -0.0224137 8.42331e-21)
(1.04018 -0.00919435 3.75678e-21)
(1.43359 -0.450576 -1.44224e-19)
(1.26615 -0.327388 -1.1677e-20)
(1.17927 -0.228091 6.17933e-21)
(1.12787 -0.155585 5.55474e-37)
(1.09556 -0.105511 7.24373e-22)
(1.07533 -0.0715073 -9.76656e-35)
(1.06202 -0.0482486 -2.86827e-21)
(1.05302 -0.0319002 -2.07784e-34)
(1.04735 -0.0208356 8.26331e-22)
(1.04334 -0.00854296 -2.43979e-21)
(1.46983 -0.368496 -2.2106e-34)
(1.30205 -0.276787 -3.80301e-20)
(1.20795 -0.198106 -4.08553e-20)
(1.14904 -0.137817 0)
(1.11041 -0.0944669 -2.37662e-20)
(1.08556 -0.0643501 -1.60945e-20)
(1.06913 -0.0435054 -9.30585e-21)
(1.05805 -0.0287764 -2.54505e-34)
(1.0511 -0.0187996 -2.87591e-21)
(1.04622 -0.00770883 2.31021e-21)
(1.49243 -0.296357 -8.80241e-20)
(1.3295 -0.22935 4.67863e-21)
(1.2313 -0.167438 0)
(1.16688 -0.118172 0)
(1.12325 -0.0816837 0)
(1.09451 -0.0558858 0)
(1.07539 -0.0378587 -5.57445e-22)
(1.06251 -0.0250576 -2.8424e-34)
(1.05441 -0.0163795 7.27354e-22)
(1.04876 -0.00671974 2.75849e-34)
(1.50637 -0.229811 -3.29525e-20)
(1.34981 -0.182233 0)
(1.24956 -0.135339 0)
(1.18132 -0.0967553 0)
(1.13388 -0.0674033 0)
(1.10205 -0.0463092 0)
(1.0807 -0.0314379 9.27668e-22)
(1.0663 -0.0208252 5.75708e-21)
(1.05725 -0.0136243 6.82424e-22)
(1.05091 -0.00559368 3.13917e-21)
(1.51441 -0.168518 0)
(1.36415 -0.136285 -1.11401e-20)
(1.26316 -0.102627 -1.60203e-20)
(1.19237 -0.0741691 0)
(1.1422 -0.0520207 -1.10546e-20)
(1.10802 -0.0358762 -7.84321e-21)
(1.08492 -0.0244054 -4.4809e-21)
(1.06931 -0.0161832 -3.3758e-21)
(1.0595 -0.0105974 4.49831e-21)
(1.05259 -0.0043555 1.28071e-21)
(1.51716 -0.11192 9.04823e-21)
(1.37172 -0.0910402 6.84653e-21)
(1.27088 -0.0689779 -4.00714e-21)
(1.19883 -0.0502255 2.57134e-36)
(1.14703 -0.0353988 6.87916e-22)
(1.11133 -0.0244839 -6.05149e-35)
(1.0871 -0.0166847 6.89117e-22)
(1.07066 -0.0110745 3.01343e-21)
(1.06032 -0.00725218 5.61511e-22)
(1.05301 -0.00297733 -1.85603e-21)
(1.48975 -0.0524896 -4.49516e-20)
(1.34692 -0.0479633 1.02201e-20)
(1.24899 -0.0378241 1.15809e-20)
(1.1789 -0.0280646 0)
(1.1282 -0.0199354 7.17852e-21)
(1.09306 -0.013841 5.08026e-21)
(1.06908 -0.00945367 4.02912e-21)
(1.05283 -0.00628506 2.22003e-21)
(1.04259 -0.00411486 -2.08651e-21)
(1.03535 -0.00168518 2.26302e-21)
(1.06824 -0.00066456 0)
(0.986151 -0.00544338 0)
(0.923296 -0.00540557 0)
(0.875521 -0.00427855 0)
(0.840057 -0.003093 0)
(0.815257 -0.00217226 0)
(0.798245 -0.00149618 5.358e-22)
(0.786649 -0.00100713 -3.50519e-36)
(0.779316 -0.000646367 5.58006e-22)
(0.774205 -0.000252891 1.70601e-21)
(2.14571 -0.0175097 8.89499e-19)
(2.13781 -0.124833 6.14699e-20)
(2.11209 -0.230438 -1.31208e-19)
(2.06841 -0.332177 -3.54622e-19)
(2.00953 -0.42741 -1.21646e-19)
(1.93152 -0.517607 -1.83212e-19)
(1.85064 -0.588881 -4.45296e-19)
(1.73395 -0.670277 1.41053e-19)
(1.65678 -0.693438 0)
(1.49223 -0.776795 4.73648e-20)
(2.059 -0.0119526 2.27313e-19)
(2.05273 -0.0925758 -3.43213e-19)
(2.03378 -0.172175 -7.1607e-21)
(1.99864 -0.250563 -1.40135e-19)
(1.95669 -0.322414 2.49519e-20)
(1.89145 -0.399256 1.30821e-19)
(1.83798 -0.44688 9.81134e-21)
(1.74036 -0.533019 9.54852e-20)
(1.68632 -0.536885 -1.17428e-19)
(1.57373 -0.62816 2.72444e-20)
(1.98424 -0.00881474 -1.16858e-19)
(1.97942 -0.0728244 2.16856e-19)
(1.96504 -0.135672 1.93012e-19)
(1.93629 -0.198517 -2.33606e-19)
(1.90439 -0.253959 9.91083e-20)
(1.85091 -0.318575 1.34996e-19)
(1.80951 -0.351797 -6.20496e-20)
(1.73401 -0.4292 7.42436e-20)
(1.68526 -0.429204 7.61058e-20)
(1.60339 -0.510074 9.8945e-20)
(1.92701 -0.00952118 -2.01967e-19)
(1.92319 -0.0585479 4.36369e-20)
(1.91129 -0.106509 -1.0391e-19)
(1.8874 -0.155421 -6.49763e-20)
(1.86063 -0.197795 1.98023e-20)
(1.81722 -0.249919 -1.06312e-19)
(1.78092 -0.275019 8.82535e-20)
(1.72275 -0.338807 2.86812e-20)
(1.67793 -0.339501 -1.31381e-20)
(1.61613 -0.405895 9.75535e-21)
(1.88233 -0.00878477 5.41172e-20)
(1.87928 -0.0461248 5.24732e-20)
(1.86896 -0.0825241 -6.19071e-20)
(1.84892 -0.119929 2.30198e-19)
(1.82517 -0.152144 1.25964e-20)
(1.78951 -0.192366 -1.41864e-19)
(1.75629 -0.212032 2.15622e-20)
(1.70989 -0.261283 -8.91335e-20)
(1.669 -0.263506 1.14063e-19)
(1.61958 -0.314787 8.29787e-20)
(1.84852 -0.00949953 -1.07571e-19)
(1.84615 -0.0367742 -5.89392e-20)
(1.83692 -0.0633241 3.39576e-20)
(1.81964 -0.0907244 8.18547e-20)
(1.7978 -0.1145 4.76167e-20)
(1.76746 -0.144148 -4.16953e-20)
(1.73636 -0.159489 3.30413e-21)
(1.69729 -0.195835 5.24244e-20)
(1.65968 -0.199125 9.96697e-20)
(1.6176 -0.237323 -5.49603e-20)
(1.82371 -0.0106553 -4.36553e-20)
(1.82196 -0.0292223 -8.15346e-20)
(1.81361 -0.0472491 -5.50349e-20)
(1.79833 -0.0659365 -1.07923e-19)
(1.77789 -0.0823498 -1.83151e-20)
(1.75103 -0.102844 -3.25505e-21)
(1.72149 -0.114048 4.67123e-20)
(1.68678 -0.139498 -1.4836e-20)
(1.6517 -0.142857 -3.4007e-20)
(1.61365 -0.170071 9.5406e-21)
(1.80014 -0.0108839 3.66125e-20)
(1.79982 -0.0217428 3.33106e-20)
(1.79307 -0.0321842 1.26562e-20)
(1.78018 -0.0430171 -2.23682e-20)
(1.76181 -0.0526324 -1.81743e-20)
(1.73812 -0.0651593 3.32452e-20)
(1.7105 -0.0721649 -2.42635e-21)
(1.67877 -0.0890084 -4.5165e-20)
(1.6458 -0.0913738 1.03503e-20)
(1.61 -0.11119 5.01703e-20)
(1.7083 -0.0171643 -2.91871e-20)
(1.7088 -0.0195402 3.18747e-21)
(1.70611 -0.0213358 4.42117e-20)
(1.6998 -0.0232067 2.31616e-21)
(1.6894 -0.0242541 -3.54858e-21)
(1.67555 -0.0274972 -4.45395e-21)
(1.65708 -0.0273163 1.76472e-20)
(1.63661 -0.0346366 -2.77051e-20)
(1.60974 -0.0331611 3.58512e-20)
(1.58707 -0.0437685 1.18563e-19)
(1.08543 -0.010094 3.11361e-20)
(1.07529 -0.00714374 2.0396e-20)
(1.06846 -0.00414536 1.65135e-20)
(1.06536 -0.00122242 1.84344e-20)
(1.0651 0.00168453 -3.56021e-21)
(1.06877 0.00406997 5.08989e-21)
(1.07174 0.00700271 -8.50257e-21)
(1.08183 0.00717487 1.9182e-21)
(1.08023 0.0109472 -3.10708e-21)
(1.09848 0.00763467 3.42575e-21)
(1.37848 0.753505 -5.66258e-20)
(1.36421 0.799771 2.5079e-20)
(1.36867 0.855787 -4.53331e-19)
(1.37953 0.919933 2.17335e-19)
(1.39058 0.987805 8.75418e-19)
(1.39571 1.05499 -1.3774e-19)
(1.37488 1.10499 -8.51312e-19)
(1.271 1.08192 -4.47258e-20)
(0.985154 0.877009 -4.19856e-19)
(0.438146 0.399289 1.5125e-19)
(1.55397 0.725484 0)
(1.54434 0.772902 5.41877e-19)
(1.5423 0.825571 1.2217e-18)
(1.54856 0.88697 -7.44041e-19)
(1.55993 0.953855 -1.79976e-18)
(1.5683 1.02113 -1.40564e-19)
(1.54873 1.07134 -1.79579e-19)
(1.43404 1.04833 6.4792e-19)
(1.10986 0.846119 8.56847e-19)
(0.489936 0.38068 3.85901e-19)
(1.69888 0.701974 6.28155e-20)
(1.70203 0.748325 0)
(1.70512 0.796826 -6.56951e-20)
(1.71369 0.852605 7.66556e-19)
(1.72767 0.914334 5.28781e-20)
(1.73913 0.977348 -1.88608e-18)
(1.71963 1.02391 1.19629e-18)
(1.59253 0.99865 7.56281e-19)
(1.22873 0.801127 -7.781e-19)
(0.537181 0.354717 -2.82215e-19)
(1.81426 0.6679 -1.29648e-19)
(1.83023 0.710309 -1.0091e-19)
(1.84401 0.754173 2.28744e-19)
(1.86094 0.804214 -2.86469e-19)
(1.88177 0.860031 -1.37418e-18)
(1.89853 0.917349 -1.06508e-18)
(1.87942 0.958446 1.16827e-18)
(1.73881 0.929377 7.44117e-19)
(1.33418 0.73899 0)
(0.57467 0.319609 0)
(1.91164 0.614008 -8.02477e-19)
(1.93778 0.651677 -1.41673e-18)
(1.9625 0.691064 -5.58824e-19)
(1.98958 0.735734 -3.41556e-20)
(2.01921 0.785498 0)
(2.0424 0.836383 1.43783e-19)
(2.02328 0.871109 1.71412e-19)
(1.86732 0.837647 2.19291e-19)
(1.42022 0.657993 -3.28196e-19)
(0.599147 0.275735 -8.28592e-20)
(1.99841 0.539248 9.76672e-19)
(2.03186 0.572179 -4.298e-20)
(2.06557 0.607093 -1.15455e-18)
(2.10189 0.646369 0)
(2.13991 0.689751 0)
(2.16889 0.733432 0)
(2.14798 0.761307 1.49709e-18)
(1.97404 0.724871 -1.73841e-18)
(1.48255 0.559778 -1.08524e-18)
(0.609292 0.224907 -4.22474e-20)
(2.07542 0.447215 -1.31495e-18)
(2.11399 0.475172 -2.75871e-18)
(2.15451 0.505 -4.83248e-21)
(2.19822 0.53825 5.68257e-19)
(2.24302 0.574582 -4.18408e-20)
(2.27594 0.610513 1.30152e-18)
(2.25135 0.630164 -7.45236e-19)
(2.05542 0.594777 -2.16255e-18)
(1.52028 0.451101 1.81942e-19)
(0.605241 0.17062 1.28293e-19)
(2.13991 0.342258 -1.06518e-18)
(2.18226 0.364521 1.65641e-20)
(2.22782 0.388246 4.16746e-19)
(2.277 0.41451 -4.09407e-19)
(2.32662 0.442899 6.45683e-19)
(2.36132 0.469812 1.85336e-18)
(2.3293 0.483632 -2.27715e-19)
(2.10827 0.452699 -1.24234e-18)
(1.53338 0.334933 2.91784e-19)
(0.587573 0.116628 4.69848e-20)
(2.18872 0.227931 4.09485e-19)
(2.23389 0.243773 8.34152e-20)
(2.283 0.260479 -4.4419e-19)
(2.33589 0.278862 -1.05481e-18)
(2.38829 0.298526 9.51783e-20)
(2.42205 0.31715 9.83213e-20)
(2.37958 0.326132 -1.68531e-18)
(2.1331 0.301333 7.01433e-19)
(1.52179 0.215963 2.04686e-19)
(0.557909 0.0658305 -1.68206e-19)
(2.2197 0.10716 8.09099e-19)
(2.2667 0.115952 -1.24274e-18)
(2.31792 0.124864 1.9181e-19)
(2.3728 0.134711 2.63885e-18)
(2.42596 0.145301 1.3796e-18)
(2.45634 0.155342 -3.18271e-18)
(2.40149 0.161196 -3.30899e-18)
(2.12914 0.146496 1.61253e-18)
(1.48571 0.0991436 7.62912e-21)
(0.517852 0.0199691 5.53869e-20)
(0.512585 0.210662 -1.6682e-19)
(0.475429 0.217952 -1.52189e-19)
(0.43189 0.225915 8.29441e-20)
(0.383769 0.234477 -2.69311e-19)
(0.33082 0.24363 -3.28996e-20)
(0.272281 0.253082 2.26631e-19)
(0.207277 0.260459 5.45453e-20)
(0.135856 0.256084 -2.48294e-20)
(0.0654855 0.216696 3.11416e-21)
(0.0111979 0.10965 1.59386e-20)
(0.540857 0.31085 1.35029e-19)
(0.504524 0.324868 1.87368e-19)
(0.462352 0.340522 3.53597e-20)
(0.415799 0.357419 -7.20012e-20)
(0.364535 0.375424 -2.55271e-19)
(0.30778 0.394013 5.4974e-21)
(0.24423 0.409068 1.23742e-19)
(0.17235 0.40405 1.4046e-20)
(0.0964141 0.340658 -6.73371e-20)
(0.0269037 0.170023 -2.23502e-20)
(0.58639 0.406978 -1.38115e-19)
(0.551511 0.427467 -1.41398e-19)
(0.511693 0.450409 1.25582e-19)
(0.467805 0.475204 1.07627e-19)
(0.419374 0.501615 -6.2777e-20)
(0.365575 0.528868 -7.86786e-20)
(0.304384 0.55112 -8.59598e-20)
(0.231602 0.545191 -1.27992e-20)
(0.146222 0.45837 -4.13155e-20)
(0.0517928 0.226831 3.60983e-21)
(0.64808 0.496994 6.81999e-20)
(0.615254 0.523571 -2.00876e-20)
(0.578716 0.553193 -1.05403e-19)
(0.538529 0.585231 3.16044e-20)
(0.494015 0.619389 -7.77274e-20)
(0.444282 0.654619 2.02811e-20)
(0.386302 0.683384 -1.64234e-19)
(0.312162 0.6762 -1.26724e-20)
(0.213543 0.566917 -2.28294e-19)
(0.0850285 0.278466 4.73631e-20)
(0.724296 0.578928 -1.71467e-20)
(0.694102 0.611116 -3.01404e-21)
(0.661773 0.646696 -4.27209e-20)
(0.626361 0.685203 -1.78899e-19)
(0.586892 0.72631 8.01732e-20)
(0.542332 0.768675 -4.25164e-20)
(0.488353 0.803112 1.13218e-19)
(0.412381 0.794254 -5.02504e-20)
(0.296759 0.663796 2.88272e-19)
(0.125612 0.323557 2.1639e-19)
(0.812958 0.651297 -2.43048e-20)
(0.785749 0.688243 -9.09634e-20)
(0.758238 0.728561 1.15816e-19)
(0.728342 0.772345 8.76547e-20)
(0.694808 0.819326 2.32909e-19)
(0.656422 0.867769 1.40831e-19)
(0.607199 0.906817 4.37321e-19)
(0.528966 0.895686 1.95536e-19)
(0.393005 0.745633 1.67324e-19)
(0.171962 0.360299 1.91492e-19)
(0.912379 0.710982 -9.40204e-20)
(0.889623 0.752182 3.4507e-19)
(0.868651 0.796512 2.1339e-19)
(0.845788 0.844593 -2.48157e-19)
(0.819281 0.896307 -1.31458e-19)
(0.787722 0.94967 4.89679e-19)
(0.743338 0.992372 -9.5054e-20)
(0.661657 0.978807 -3.05558e-19)
(0.501414 0.811359 -5.93985e-20)
(0.223192 0.388207 2.01652e-19)
(1.01193 0.760961 1.87035e-19)
(0.991835 0.804029 5.27367e-20)
(0.977229 0.850179 -5.70348e-19)
(0.962774 0.901208 7.66139e-20)
(0.945739 0.956594 3.77281e-19)
(0.923774 1.01355 -2.54833e-19)
(0.886417 1.05814 -6.14343e-20)
(0.801873 1.04071 -1.33561e-19)
(0.615386 0.857511 1.29773e-20)
(0.276078 0.405428 -2.87378e-19)
(1.13421 0.782662 2.09628e-20)
(1.12298 0.828651 -3.91121e-19)
(1.11603 0.875828 -3.11849e-21)
(1.10754 0.928479 3.26318e-19)
(1.09617 0.987003 -3.29867e-19)
(1.08016 1.04795 6.76203e-19)
(1.04669 1.09569 4.75776e-19)
(0.955883 1.07702 -7.32601e-19)
(0.738126 0.883514 -3.73489e-20)
(0.331247 0.412916 -2.89005e-19)
(1.20451 0.799674 -2.29617e-19)
(1.20665 0.847534 -2.25873e-19)
(1.22068 0.897327 2.39206e-19)
(1.23147 0.951861 5.50142e-19)
(1.23607 1.01088 2.1644e-19)
(1.23289 1.07142 -5.67614e-19)
(1.20707 1.1176 4.16994e-20)
(1.11106 1.09425 1.59098e-19)
(0.860936 0.891406 -2.05737e-19)
(0.385311 0.411007 -2.05766e-19)
(0.827692 0.0209606 3.81654e-21)
(1.15382 0.0429599 -1.67273e-20)
(0.921022 0.050505 -1.42074e-20)
(1.04005 0.0535157 0)
(0.989162 0.0611537 1.67771e-20)
(0.973982 0.0719964 2.232e-20)
(0.95116 0.0872267 2.86702e-20)
(0.900252 0.107428 5.90206e-20)
(0.831621 0.136136 -8.56765e-20)
(0.665057 0.173526 -1.07513e-19)
(0.827157 0.0177807 3.35621e-20)
(1.15361 0.0426478 -5.33124e-20)
(0.921393 0.0523319 1.12909e-22)
(1.04173 0.0551428 -1.37945e-20)
(0.991794 0.0651793 9.08181e-21)
(0.978039 0.0782111 -1.14198e-20)
(0.956521 0.0983872 -7.09788e-20)
(0.908632 0.124813 0)
(0.841393 0.173845 1.847e-19)
(0.687835 0.238152 -2.26534e-19)
(0.826394 0.0147959 -3.04483e-20)
(1.15361 0.0422159 1.67118e-20)
(0.921697 0.0539048 3.36849e-20)
(1.04391 0.0565286 1.19501e-20)
(0.99475 0.0689534 -2.20448e-20)
(0.982876 0.0842254 1.38268e-22)
(0.962893 0.109247 -5.03366e-20)
(0.91999 0.142135 -4.27933e-21)
(0.854724 0.210504 1.23693e-22)
(0.7236 0.30094 5.99761e-19)
(0.825398 0.0120701 -2.32555e-20)
(1.15378 0.041656 -7.41247e-22)
(0.921947 0.0551766 2.57408e-20)
(1.04659 0.0576726 1.69293e-20)
(0.998047 0.0724423 -9.61167e-21)
(0.98848 0.0899943 -1.30701e-20)
(0.970381 0.119684 7.52798e-20)
(0.934117 0.159319 -1.22931e-21)
(0.871889 0.24552 -2.2318e-19)
(0.77171 0.360905 7.0217e-20)
(0.824168 0.00962317 1.66794e-20)
(1.15404 0.0409404 -2.94912e-20)
(0.922164 0.0560979 -1.91714e-20)
(1.04976 0.0585775 9.09563e-21)
(1.00169 0.0756141 0)
(0.994826 0.095472 0)
(0.979105 0.12959 6.43712e-20)
(0.950743 0.176318 1.52076e-22)
(0.893256 0.278291 -1.06845e-19)
(0.831256 0.417085 8.54306e-20)
(0.822709 0.00752725 3.95617e-21)
(1.15431 0.0400389 2.1273e-20)
(0.922374 0.05662 -4.86241e-20)
(1.05342 0.0592497 -2.66362e-20)
(1.00568 0.0784388 6.31817e-22)
(1.00189 0.100615 5.33352e-20)
(0.989188 0.138898 1.01005e-19)
(0.969562 0.193071 -7.45469e-22)
(0.919259 0.308038 1.85045e-19)
(0.901275 0.469981 -1.94219e-19)
(0.821015 0.00584765 -2.14217e-20)
(1.15449 0.0389154 1.35016e-20)
(0.922622 0.056696 -1.27037e-20)
(1.05757 0.0597003 -4.96536e-20)
(1.01001 0.0808873 -1.19374e-21)
(1.00967 0.105392 -8.77637e-22)
(1.00073 0.147579 -6.37106e-21)
(0.990185 0.209448 -1.84562e-19)
(0.95068 0.33325 1.41759e-19)
(0.978912 0.516595 -4.64785e-19)
(0.819086 0.00462371 -6.7971e-22)
(1.15452 0.0375079 -3.04938e-20)
(0.922962 0.0562935 2.50163e-20)
(1.06217 0.0599433 3.16444e-20)
(1.01466 0.0829181 -3.54753e-22)
(1.01815 0.109759 -6.30973e-20)
(1.01378 0.155659 -5.63815e-20)
(1.01231 0.22576 3.35787e-19)
(0.988071 0.356424 1.32275e-20)
(1.06379 0.568174 7.37787e-19)
(0.816911 0.00384701 9.55956e-21)
(1.15445 0.0356797 1.20044e-20)
(0.923467 0.0553724 3.0482e-20)
(1.06721 0.0599899 -3.28571e-20)
(1.01957 0.0844477 -6.06874e-20)
(1.02726 0.113456 1.57152e-21)
(1.02823 0.162166 -7.7952e-20)
(1.03609 0.238108 4.40684e-19)
(1.03534 0.366648 -8.06209e-21)
(1.14438 0.592637 -1.01114e-18)
(0.814481 0.00399447 1.61231e-21)
(1.15525 0.0336723 1.55058e-20)
(0.923969 0.0540594 9.46888e-21)
(1.07274 0.0601273 -6.70222e-20)
(1.02445 0.0861717 -5.95924e-20)
(1.03589 0.118313 -5.2747e-20)
(1.04091 0.172099 -1.395e-19)
(1.05461 0.25791 -4.0659e-19)
(1.07641 0.394108 -2.46284e-19)
(1.24126 0.659992 -1.05817e-18)
(0.81191 0.00360566 -4.54265e-21)
(1.15857 0.0303691 -3.17951e-21)
(0.925378 0.051033 -1.02667e-20)
(1.07971 0.0586578 1.5582e-20)
(1.03352 0.0849477 4.78717e-20)
(1.05127 0.118182 -3.71881e-20)
(1.06578 0.172076 1.2385e-19)
(1.0931 0.255857 -4.02563e-19)
(1.14868 0.372457 -1.75076e-19)
(1.23858 0.649709 5.77294e-19)
(0.812327 0.000930037 2.8609e-21)
(1.16281 0.0258599 8.85093e-21)
(0.929831 0.0454378 -7.10197e-21)
(1.0859 0.0547173 4.27368e-20)
(1.04431 0.0798295 7.5269e-20)
(1.06709 0.111827 1.08403e-19)
(1.09003 0.161843 2.6575e-20)
(1.13159 0.236639 2.11191e-19)
(1.20047 0.341045 2.60219e-19)
(1.31525 0.545212 3.84889e-21)
(0.812498 -0.00234939 -4.7913e-21)
(1.16758 0.0209503 -2.89733e-22)
(0.934792 0.0396605 3.41835e-21)
(1.09216 0.0499021 9.65006e-21)
(1.0548 0.0735077 2.09405e-34)
(1.082 0.10355 -8.06999e-21)
(1.11189 0.1488 -5.28692e-34)
(1.16527 0.214647 1.85639e-20)
(1.2372 0.29976 -5.4294e-20)
(1.38277 0.468951 -4.98463e-20)
(0.81275 -0.00684453 1.79752e-20)
(1.17259 0.015298 -7.5824e-36)
(0.939885 0.0334305 -3.78086e-21)
(1.09823 0.0441404 -1.70185e-20)
(1.06455 0.065775 -3.03615e-20)
(1.0955 0.0931394 -3.65106e-20)
(1.13113 0.132798 -6.52518e-34)
(1.19335 0.189709 -9.15745e-20)
(1.26656 0.256824 -1.25888e-19)
(1.4288 0.391227 8.91758e-20)
(0.813176 -0.0125304 0)
(1.17802 0.00897451 -2.19672e-36)
(0.945055 0.0269058 0)
(1.10395 0.0376052 0)
(1.07329 0.0568729 0)
(1.10731 0.0809641 0)
(1.14764 0.114555 -3.88511e-34)
(1.21585 0.162455 0)
(1.29069 0.213232 -2.0381e-20)
(1.45604 0.317358 5.35832e-20)
(0.813861 -0.0192709 5.89466e-21)
(1.18422 0.00217468 -3.12014e-21)
(0.950335 0.0203331 -4.55872e-21)
(1.10917 0.0305051 0)
(1.0809 0.0470467 0)
(1.11727 0.0674017 6.77506e-21)
(1.16134 0.0947154 2.71893e-20)
(1.23325 0.133494 -1.3648e-20)
(1.30995 0.170506 -2.99471e-20)
(1.47068 0.248068 2.0428e-19)
(0.814907 -0.0291626 -6.37402e-20)
(1.19142 -0.00569675 4.93731e-21)
(0.955696 0.0137534 -4.94899e-21)
(1.11372 0.023047 -5.85157e-21)
(1.0872 0.0365319 -1.09083e-20)
(1.12529 0.0527995 -8.41766e-21)
(1.17217 0.0737744 -2.0675e-20)
(1.24618 0.103439 -3.8036e-20)
(1.32443 0.12924 -5.2708e-20)
(1.47788 0.183565 7.2156e-20)
(0.816314 -0.0348643 -9.43516e-21)
(1.20003 -0.0123593 -7.62585e-21)
(0.960783 0.00909996 -5.2807e-21)
(1.11685 0.0153763 -7.94941e-21)
(1.09144 0.0253642 2.17691e-35)
(1.13071 0.0372276 7.29658e-21)
(1.17961 0.0517294 -9.42695e-34)
(1.25482 0.0721803 -1.38102e-20)
(1.334 0.0887193 1.85143e-20)
(1.48127 0.12136 2.59977e-20)
(0.813567 -0.0605201 1.61962e-19)
(1.18979 -0.02458 -8.32393e-21)
(0.948412 0.00185871 -5.50969e-21)
(1.10189 0.00895596 3.6226e-21)
(1.07744 0.014468 3.20698e-21)
(1.11757 0.0222433 1.4071e-20)
(1.16785 0.0307023 7.96771e-21)
(1.24392 0.0428488 -4.77087e-21)
(1.32274 0.051524 -1.99708e-20)
(1.46945 0.0680164 1.39234e-19)
(0.731343 -0.0387247 1.00839e-20)
(0.93226 -0.0197054 -5.39886e-35)
(0.704399 0.00236203 -6.35618e-21)
(0.843117 0.000134693 0)
(0.810932 0.00286196 0)
(0.846259 0.00442974 7.54255e-21)
(0.888535 0.00598191 -8.96882e-36)
(0.950934 0.00869049 -1.37647e-20)
(1.01753 0.00990629 -2.69195e-20)
(1.12874 0.0126684 5.62517e-20)
(1.47345 0.643709 -1.79021e-19)
(1.58423 0.620224 -2.72164e-19)
(1.6885 0.601775 0)
(1.77824 0.576453 1.13777e-19)
(1.85941 0.532423 5.39722e-19)
(1.93551 0.467543 -1.1875e-19)
(2.00483 0.386019 1.54182e-18)
(2.06325 0.293401 -7.80425e-20)
(2.10729 0.193361 -3.48446e-19)
(2.13513 0.0895459 3.30296e-19)
(1.51614 0.521021 8.02872e-20)
(1.59341 0.504134 1.08107e-19)
(1.67321 0.484758 -8.44616e-21)
(1.74957 0.456171 1.76511e-19)
(1.82128 0.414204 -1.5094e-19)
(1.88766 0.359338 -3.69572e-19)
(1.94631 0.294557 -1.10528e-19)
(1.99408 0.222983 5.09637e-19)
(2.02955 0.146968 -2.17557e-20)
(2.05116 0.0684836 -4.42094e-19)
(1.55274 0.412579 9.5876e-20)
(1.61154 0.391657 1.69417e-19)
(1.6732 0.373855 -3.32992e-19)
(1.73538 0.352978 7.04797e-20)
(1.7934 0.323353 4.55681e-19)
(1.84588 0.283159 -2.38703e-19)
(1.8922 0.23373 -5.31671e-19)
(1.93052 0.177761 -2.03696e-19)
(1.95934 0.117683 2.95103e-19)
(1.97725 0.0548955 -2.48423e-19)
(1.57197 0.331165 3.40093e-20)
(1.61879 0.312627 0)
(1.66628 0.298285 1.76952e-20)
(1.71644 0.28022 1.83724e-19)
(1.76471 0.25406 3.05932e-19)
(1.80872 0.219775 1.43926e-19)
(1.84785 0.179222 -6.91797e-20)
(1.8805 0.134586 -2.21175e-19)
(1.90511 0.0875954 1.50828e-19)
(1.92063 0.0392219 7.16776e-20)
(1.57933 0.262047 1.42342e-20)
(1.61953 0.244899 -6.62421e-20)
(1.65856 0.231376 -1.25913e-19)
(1.70059 0.215142 6.1501e-20)
(1.74204 0.193313 7.791e-22)
(1.77989 0.166185 8.95587e-20)
(1.81344 0.134899 1.52036e-19)
(1.84161 0.100783 -1.48934e-19)
(1.86305 0.064995 3.1845e-21)
(1.8767 0.028284 1.68871e-19)
(1.58021 0.20153 -2.11101e-19)
(1.61635 0.186702 -2.65827e-19)
(1.65002 0.17476 5.2711e-20)
(1.68638 0.160907 2.19277e-19)
(1.72296 0.14308 -3.81726e-20)
(1.75656 0.121653 -8.27864e-20)
(1.78635 0.0975411 1.22258e-19)
(1.81151 0.0716897 -5.49281e-20)
(1.8308 0.0449271 -1.51297e-19)
(1.84326 0.0177086 -6.62108e-20)
(1.57769 0.147361 3.76611e-20)
(1.61104 0.135347 4.18989e-21)
(1.64119 0.125105 -6.4606e-21)
(1.67381 0.113428 1.49603e-19)
(1.70719 0.0991276 2.06218e-19)
(1.73803 0.0826752 -2.14317e-19)
(1.7654 0.0648009 -7.81943e-20)
(1.78863 0.0461381 1.39963e-19)
(1.80664 0.0271799 9.91038e-20)
(1.81848 0.00817916 2.70824e-20)
(1.57265 0.095993 -1.35563e-19)
(1.60318 0.0867476 6.87985e-21)
(1.63016 0.0781885 2.70483e-19)
(1.65977 0.0687322 6.40674e-21)
(1.69055 0.0579387 -7.81898e-20)
(1.7191 0.0463181 8.39195e-21)
(1.74441 0.0344205 -1.06483e-19)
(1.76601 0.0225956 4.48416e-20)
(1.78293 0.0110683 6.72003e-20)
(1.79437 -0.000124583 8.89831e-20)
(1.5412 0.0518479 -2.5733e-19)
(1.56408 0.0428811 -1.72422e-20)
(1.58403 0.0334958 1.6886e-19)
(1.60676 0.0242734 -8.76314e-20)
(1.63035 0.0152978 -1.63821e-19)
(1.65146 0.00708496 -2.71683e-20)
(1.66951 3.34968e-05 1.33218e-19)
(1.68452 -0.00583075 6.96283e-20)
(1.69612 -0.0105938 -1.61319e-20)
(1.70416 -0.0143111 -6.14288e-21)
(1.18326 0.00529289 2.64266e-20)
(1.18837 -0.00101554 -3.91323e-21)
(1.18678 -0.00718256 2.73869e-21)
(1.18305 -0.0121677 0)
(1.17503 -0.0153305 2.21831e-19)
(1.16228 -0.0167511 -6.81413e-21)
(1.1468 -0.0168568 -1.43932e-19)
(1.13028 -0.0160371 8.9062e-20)
(1.11383 -0.0145329 -1.21992e-19)
(1.09848 -0.0124941 -9.85876e-20)
(0.70238 0.0196959 -4.18932e-20)
(1.96822 -0.0337249 6.35601e-19)
(2.73922 -0.0486058 -6.57008e-21)
(3.03821 -0.0385369 -3.07989e-19)
(3.09269 -0.0140109 4.66378e-19)
(3.06367 0.0108192 3.84576e-19)
(3.0147 0.0340036 0)
(2.95335 0.0553603 9.4104e-19)
(2.84733 0.0729748 -1.91809e-18)
(2.60472 0.0802006 -1.02855e-19)
(0.559583 0.0600937 -1.01611e-20)
(1.79799 0.0810997 2.3222e-19)
(2.64688 0.102233 1.9038e-20)
(3.0178 0.11678 2.34964e-20)
(3.11093 0.129855 5.0534e-19)
(3.09626 0.137851 -5.7241e-19)
(3.05133 0.142719 -4.65772e-19)
(2.99207 0.145042 -2.94611e-19)
(2.88996 0.143547 1.00352e-18)
(2.65178 0.133195 -9.77907e-19)
(0.402071 0.0760461 5.3946e-20)
(1.56755 0.172036 3.7304e-20)
(2.47896 0.242265 -3.82083e-19)
(2.9276 0.271942 5.92489e-19)
(3.06944 0.278181 3.05758e-18)
(3.07613 0.270021 1.74705e-18)
(3.0391 0.255552 -2.02971e-18)
(2.98715 0.237821 -1.91054e-18)
(2.90635 0.216811 1.06364e-20)
(2.72265 0.189069 2.95731e-19)
(0.248778 0.0681582 4.5187e-20)
(1.30001 0.23288 4.6122e-19)
(2.24395 0.364955 -1.05865e-18)
(2.76428 0.422981 -1.01837e-18)
(2.9605 0.430239 -6.45354e-21)
(2.99552 0.408864 -5.75647e-19)
(2.97046 0.375417 1.49314e-18)
(2.92705 0.337335 -1.13204e-20)
(2.86886 0.29735 -2.3313e-18)
(2.75945 0.253713 -8.11017e-19)
(0.116037 0.0422406 -9.55123e-20)
(1.02644 0.263065 4.7144e-19)
(1.96212 0.464558 -1.32259e-18)
(2.53342 0.563133 -8.53445e-19)
(2.7809 0.580887 1.59894e-18)
(2.84859 0.551493 -1.21189e-20)
(2.8399 0.501268 -1.20195e-18)
(2.80553 0.443602 -1.44577e-19)
(2.76151 0.384256 3.09899e-19)
(2.70086 0.326847 -3.92641e-20)
(0.014319 0.00722301 1.45069e-19)
(0.777279 0.268668 -3.84084e-19)
(1.66282 0.538525 -5.76118e-19)
(2.2526 0.684671 2.08205e-18)
(2.53739 0.721422 -1.46469e-18)
(2.63621 0.690869 2.58431e-19)
(2.64684 0.628672 1.31275e-19)
(2.62341 0.554847 -8.20141e-19)
(2.58887 0.476932 -7.96404e-20)
(2.54315 0.407404 7.06292e-19)
(-0.0529045 -0.0277225 1.1727e-19)
(0.572283 0.259248 -5.10704e-19)
(1.37475 0.586527 1.41382e-18)
(1.9474 0.778535 1.49657e-18)
(2.24813 0.838203 -1.77899e-18)
(2.37017 0.812488 7.54524e-20)
(2.39991 0.744118 2.76421e-18)
(2.38896 0.659869 -1.9188e-18)
(2.36435 0.566229 -9.24287e-19)
(2.31568 0.487315 7.42199e-19)
(-0.0884819 -0.055613 3.72199e-19)
(0.417491 0.244433 3.52812e-19)
(1.11876 0.611791 5.9892e-19)
(1.64524 0.840335 -2.52953e-18)
(1.93963 0.921933 -1.46067e-19)
(2.07297 0.905581 4.74802e-19)
(2.11788 0.838359 -7.65958e-19)
(2.11979 0.751446 -4.88512e-19)
(2.10695 0.653288 9.15009e-20)
(2.0606 0.56883 -3.80439e-19)
(-0.0996771 -0.0736361 -9.45951e-21)
(0.307087 0.22835 -4.82333e-21)
(0.902979 0.615726 -3.21461e-19)
(1.36667 0.866213 -7.9256e-19)
(1.63877 0.963527 -3.44314e-19)
(1.77322 0.956587 -1.34706e-18)
(1.82907 0.893886 -1.0566e-18)
(1.84397 0.808581 9.53529e-19)
(1.84386 0.706158 5.94851e-19)
(1.80525 0.625976 1.7393e-19)
(-0.0954863 -0.0816435 -3.49922e-19)
(0.229695 0.2135 0)
(0.725746 0.602889 -2.91093e-19)
(1.12086 0.861175 -3.26282e-19)
(1.36102 0.967374 1.6634e-18)
(1.48748 0.969418 3.87217e-20)
(1.5472 0.9154 -1.20203e-18)
(1.56917 0.839176 -9.14536e-19)
(1.57941 0.746429 4.52197e-19)
(1.53267 0.656619 1.0119e-18)
(-0.0837484 -0.0824631 1.02324e-19)
(0.174332 0.198567 0)
(0.581144 0.575118 -6.48693e-19)
(0.911 0.829007 4.43974e-19)
(1.11834 0.936999 8.12307e-19)
(1.23513 0.945129 2.09378e-19)
(1.29839 0.899582 -2.39898e-19)
(1.33107 0.831874 -9.6505e-19)
(1.35015 0.755334 -1.82076e-19)
(1.36003 0.678467 -3.6832e-19)
(-0.0695839 -0.0794174 -9.93171e-20)
(0.13202 0.181294 -1.83595e-19)
(0.460183 0.534287 2.42345e-21)
(0.731316 0.774403 1.83062e-19)
(0.907751 0.878259 -1.61268e-19)
(1.01367 0.889152 6.89668e-19)
(1.07735 0.850269 -8.63622e-19)
(1.11692 0.789624 3.22532e-19)
(1.14147 0.723444 5.49842e-19)
(1.17677 0.662482 -2.52587e-19)
(-0.0556712 -0.0739631 9.93536e-21)
(0.0971992 0.161377 4.20498e-20)
(0.356392 0.483075 3.64637e-19)
(0.575755 0.702969 -1.93293e-19)
(0.724307 0.798813 -4.4805e-19)
(0.81935 0.81045 1.68489e-19)
(0.881614 0.777346 2.92112e-19)
(0.924981 0.724292 1.0981e-19)
(0.954297 0.666756 -2.43159e-21)
(0.997877 0.619179 1.20648e-20)
(-0.0429878 -0.0668828 -7.13498e-21)
(0.0680191 0.138937 -3.72384e-20)
(0.267557 0.423158 -7.28277e-20)
(0.442498 0.618154 -9.08187e-20)
(0.567401 0.703558 1.74809e-19)
(0.653351 0.714978 -2.67163e-20)
(0.714602 0.687461 -7.99653e-21)
(0.761098 0.642748 1.7236e-19)
(0.795718 0.594153 1.65218e-19)
(0.841224 0.556986 -1.17215e-20)
(-0.0319242 -0.0587016 -9.68811e-20)
(0.043771 0.114006 -1.58201e-20)
(0.192707 0.355412 8.63244e-20)
(0.330395 0.521615 1.10187e-19)
(0.435899 0.594615 -2.61883e-19)
(0.514742 0.604954 -3.28269e-23)
(0.575636 0.582579 3.01619e-19)
(0.625054 0.54598 -1.40702e-21)
(0.664806 0.506039 -3.29968e-20)
(0.710983 0.476901 -6.46869e-20)
(-0.0226175 -0.0497189 8.04637e-20)
(0.024143 0.0867284 2.76881e-19)
(0.131344 0.280674 4.88087e-20)
(0.23861 0.414683 -2.19459e-19)
(0.328601 0.473542 -1.32252e-19)
(0.402054 0.481975 3.25568e-19)
(0.46305 0.464233 -1.38208e-19)
(0.515165 0.435255 -2.25629e-19)
(0.559406 0.403532 6.79562e-20)
(0.606341 0.381096 2.37719e-20)
(-0.0151493 -0.0401033 2.53164e-20)
(0.00908534 0.057423 -1.62496e-19)
(0.0835556 0.199965 -3.68512e-19)
(0.167071 0.298917 1.75958e-19)
(0.245145 0.342184 2.56149e-19)
(0.314655 0.348059 -6.11251e-22)
(0.375988 0.334598 -2.74111e-19)
(0.430424 0.31292 3.35366e-20)
(0.478298 0.289192 1.19313e-19)
(0.526071 0.272883 1.06448e-20)
(-0.00954252 -0.0300952 -6.90297e-20)
(-0.00127292 0.0264417 -6.96989e-20)
(0.0496682 0.114483 3.18665e-19)
(0.116089 0.176133 7.79679e-20)
(0.185659 0.202684 -1.25322e-19)
(0.252441 0.205527 -4.73646e-20)
(0.314128 0.196134 0)
(0.37033 0.181596 2.76745e-20)
(0.420862 0.165799 -2.34104e-20)
(0.469337 0.155382 3.68396e-21)
(-0.0057446 -0.0199634 4.34672e-20)
(-0.00671904 -0.00587314 1.52081e-19)
(0.0300429 0.0255686 1.68642e-19)
(0.0860665 0.0484143 -1.78138e-19)
(0.150444 0.0575125 -1.05809e-19)
(0.215555 0.057036 2.16784e-20)
(0.277449 0.0516059 -5.01479e-20)
(0.334721 0.0441404 -3.51105e-21)
(0.38685 0.0362743 -4.22795e-20)
(0.43572 0.031634 -5.20902e-20)
(-0.00367583 -0.0100157 -2.62283e-20)
(-0.00703249 -0.0392254 -1.124e-19)
(0.0250083 -0.0653686 -3.27644e-20)
(0.0773598 -0.0819618 -3.65951e-20)
(0.139787 -0.0905798 3.20691e-20)
(0.204173 -0.0944488 2.03881e-20)
(0.26601 -0.09593 1.89763e-21)
(0.323543 -0.0963385 -2.34339e-21)
(0.376138 -0.0962747 1.96908e-20)
(0.424984 -0.0952085 3.46868e-20)
(1.10797 0.402719 -8.96575e-19)
(0.987915 0.174667 6.10409e-21)
(0.953001 0.0651732 4.69555e-20)
(0.948427 0.0149744 1.62115e-20)
(0.957184 -0.00454223 7.85349e-22)
(0.969215 -0.0106413 2.23958e-21)
(0.980202 -0.0109868 5.50224e-22)
(0.989131 -0.00908869 1.67486e-21)
(0.995411 -0.00673413 8.18889e-21)
(1.00019 -0.00289834 0)
(0.979435 0.37649 -4.04177e-19)
(0.941012 0.155238 1.15965e-20)
(0.936231 0.0522049 1.65511e-21)
(0.943527 0.00720453 5.17087e-20)
(0.956719 -0.0094434 -4.73938e-21)
(0.970083 -0.0139147 -6.20361e-22)
(0.981373 -0.0133505 3.39299e-22)
(0.990232 -0.0108126 6.61651e-21)
(0.996345 -0.00797087 3.00861e-21)
(1.00099 -0.00343586 -4.49401e-21)
(0.881122 0.347836 4.31025e-19)
(0.906012 0.137389 7.13864e-20)
(0.921766 0.0421505 -3.69451e-20)
(0.938705 0.00138533 -1.40627e-20)
(0.955897 -0.0135709 4.77985e-21)
(0.970808 -0.0170358 -1.22031e-21)
(0.982522 -0.0157081 9.67841e-22)
(0.99138 -0.0125399 6.68798e-21)
(0.997372 -0.00920363 -7.29788e-21)
(1.00191 -0.00396767 -1.65965e-21)
(0.804189 0.308701 2.8604e-19)
(0.874966 0.114081 -2.82509e-20)
(0.908257 0.0284693 1.42604e-20)
(0.934233 -0.0070383 -2.05017e-20)
(0.955414 -0.018813 -3.8851e-21)
(0.971717 -0.0205803 -1.44309e-23)
(0.983803 -0.0182104 7.17505e-21)
(0.992651 -0.014302 -3.48713e-22)
(0.998528 -0.0104341 -3.42504e-21)
(1.00296 -0.00449503 2.74275e-21)
(0.741716 0.256511 -2.0465e-19)
(0.847789 0.0854361 1.04945e-19)
(0.897088 0.0125729 -1.33089e-21)
(0.93107 -0.0160898 -6.28586e-21)
(0.955519 -0.0244432 -3.3186e-21)
(0.972929 -0.0243326 1.46489e-21)
(0.985288 -0.0207971 -1.29087e-21)
(0.994084 -0.0160833 -2.95999e-21)
(0.999832 -0.0116587 -1.24677e-22)
(1.00414 -0.00501645 -2.79767e-22)
(0.692353 0.194746 -8.21454e-21)
(0.825659 0.0533466 5.15263e-20)
(0.888692 -0.00484313 1.32225e-21)
(0.929229 -0.0260313 5.40753e-21)
(0.956253 -0.0305373 2.81031e-21)
(0.974491 -0.028289 -2.31419e-21)
(0.987004 -0.0234557 -4.53904e-21)
(0.995695 -0.0178762 8.79403e-22)
(1.00129 -0.0128734 -3.40378e-21)
(1.00544 -0.00553021 0)
(0.655457 0.126216 1.10547e-19)
(0.808986 0.0186315 -9.25604e-20)
(0.883108 -0.0236275 2.82844e-21)
(0.928738 -0.0367106 -1.52871e-20)
(0.957667 -0.0370005 -3.02889e-21)
(0.976438 -0.0324036 1.55107e-21)
(0.988973 -0.0261652 2.14934e-21)
(0.997492 -0.0196707 -2.19558e-21)
(1.0029 -0.0140722 -2.66406e-22)
(1.00688 -0.00603381 2.35484e-21)
(0.63031 0.052769 -8.24408e-20)
(0.798016 -0.0182856 2.29591e-20)
(0.880346 -0.0434945 9.22714e-21)
(0.929624 -0.0479573 4.52832e-21)
(0.959791 -0.0437492 1.23343e-22)
(0.978796 -0.0366343 5.10621e-21)
(0.991207 -0.0289039 3.78969e-21)
(0.999481 -0.0214552 -2.972e-21)
(1.00467 -0.0152482 2.04474e-21)
(1.00843 -0.00652422 2.95923e-21)
(0.616272 -0.0238411 2.42435e-20)
(0.792895 -0.0568048 -5.24837e-20)
(0.880429 -0.0641475 6.39909e-21)
(0.931905 -0.0596236 -1.77466e-21)
(0.962652 -0.0507033 -1.1035e-21)
(0.981587 -0.040938 4.25419e-22)
(0.993718 -0.0316478 -1.18335e-21)
(1.00167 -0.0232164 -2.95391e-21)
(1.00659 -0.0163932 -2.53569e-21)
(1.01011 -0.00699812 1.84904e-21)
(0.613006 -0.102061 -2.21001e-20)
(0.793722 -0.0962744 1.56873e-20)
(0.883348 -0.0853151 -1.55327e-20)
(0.935591 -0.0715665 6.01925e-22)
(0.966273 -0.0577819 1.21754e-20)
(0.984826 -0.0452702 2.94066e-21)
(0.996514 -0.0343718 1.86038e-21)
(1.00404 -0.0249399 -6.65103e-21)
(1.00866 -0.0174982 1.80757e-21)
(1.0119 -0.00745179 3.54792e-21)
(0.499527 -0.0235973 1.06358e-19)
(0.514043 -0.00819418 -3.81797e-20)
(0.507137 -0.0021906 -2.82796e-20)
(0.504177 -0.00113168 5.22788e-21)
(0.507637 -0.000707021 -3.07069e-21)
(0.513869 -0.000491241 -5.09298e-22)
(0.519763 -0.000350192 3.92854e-21)
(0.524552 -0.000244578 -2.12713e-22)
(0.527904 -0.00014828 -3.1165e-21)
(0.530265 -4.99364e-05 1.25021e-21)
(1.21951 0.0145606 -1.07552e-19)
(1.01405 0.0119724 -1.2701e-19)
(0.931837 0.00662285 -4.79311e-20)
(0.903445 0.00094436 4.0456e-21)
(0.899568 -0.00172062 -7.66935e-21)
(0.905548 -0.00246399 -2.31739e-21)
(0.913681 -0.0023356 -1.33239e-22)
(0.92118 -0.00186785 -7.69651e-23)
(0.926734 -0.00133371 7.35839e-22)
(0.930975 -0.000553763 3.76088e-22)
(1.34624 0.141916 -2.45181e-19)
(1.09496 0.0658239 1.38893e-20)
(0.997808 0.0258232 -3.46093e-21)
(0.964403 0.00640791 8.8537e-35)
(0.95918 -0.00154898 -6.28867e-22)
(0.965156 -0.00412094 0)
(0.973707 -0.00429856 1.56741e-21)
(0.98173 -0.00355888 -2.3799e-34)
(0.987727 -0.00261065 4.35059e-36)
(0.992399 -0.00110833 1.81548e-21)
(1.31233 0.242517 5.13201e-19)
(1.08463 0.106876 -9.40323e-21)
(0.996135 0.0411183 0)
(0.966487 0.0103662 2.98813e-20)
(0.963298 -0.00208234 0)
(0.9703 -0.00607728 0)
(0.979411 -0.00646181 0)
(0.987714 -0.00539669 1.02336e-23)
(0.993851 -0.00399692 2.07009e-23)
(0.998614 -0.00171235 -2.83071e-22)
(1.27686 0.366252 -6.92777e-19)
(1.07265 0.160659 -7.85309e-21)
(0.988635 0.0610829 0)
(0.962117 0.015874 -2.64732e-20)
(0.961472 -0.00228903 1.76975e-20)
(0.969899 -0.00806856 0)
(0.979729 -0.00869122 0)
(0.988385 -0.00727695 -1.84634e-21)
(0.994668 -0.00540231 -1.03278e-22)
(0.999498 -0.00232289 -9.16992e-23)
(0.296244 0.00158891 -4.4986e-21)
(0.272041 0.0023569 -9.48422e-21)
(0.250422 0.00504269 2.17419e-20)
(0.223749 0.0098988 4.17328e-19)
(0.202015 0.0149928 3.7734e-19)
(0.183585 0.0173892 1.3233e-19)
(0.220174 0.00907532 2.51511e-19)
(0.27101 0.00108111 -8.79681e-20)
(0.359114 -0.0231593 5.50559e-20)
(0.482897 -0.0213945 1.93574e-19)
(0.845708 0.0159698 1.04895e-20)
(0.807521 0.0228577 -1.7889e-20)
(0.802119 0.0334548 1.59774e-20)
(0.830144 0.0457016 5.44782e-19)
(0.918448 0.0552707 -8.95592e-20)
(1.03005 0.0560356 -3.52075e-21)
(1.21643 0.0352025 -8.93771e-20)
(1.32511 0.0406954 4.33345e-20)
(1.43977 -0.00525001 -2.09186e-19)
(1.49643 0.0393521 -2.68639e-19)
(1.36222 0.036189 -2.28608e-19)
(1.33919 0.0519578 6.13962e-21)
(1.38384 0.0706901 -7.89881e-20)
(1.49734 0.0890897 1.21578e-20)
(1.67692 0.106066 -1.43125e-19)
(1.83585 0.117835 -3.54193e-19)
(1.9786 0.117078 -3.62526e-19)
(1.95224 0.156534 3.97369e-19)
(1.91944 0.13625 6.46003e-19)
(1.74718 0.232701 3.0677e-19)
(1.822 0.0557602 2.26581e-19)
(1.82755 0.0804043 1.46551e-19)
(1.91916 0.108329 -1.26667e-19)
(2.07789 0.138142 3.24337e-19)
(2.24204 0.172361 -2.83431e-19)
(2.3162 0.20744 -1.79451e-19)
(2.28551 0.241605 5.15722e-19)
(2.10659 0.304023 5.40763e-19)
(1.95509 0.317162 -2.7813e-19)
(1.69588 0.408965 -4.60504e-19)
(2.19605 0.070446 1.47527e-18)
(2.23108 0.106455 -2.10486e-19)
(2.3454 0.146317 5.01496e-19)
(2.48593 0.192724 7.52334e-19)
(2.55554 0.248322 1.23099e-19)
(2.49738 0.311203 3.4186e-19)
(2.32785 0.377863 -9.46166e-19)
(2.08938 0.452988 7.85176e-20)
(1.884 0.496733 3.50637e-19)
(1.59024 0.573198 -6.04719e-20)
(1.10187 -0.534473 6.1941e-20)
(1.10117 -0.588254 -2.16503e-20)
(1.11658 -0.64668 -3.64388e-19)
(1.1297 -0.709656 -2.04685e-19)
(1.13387 -0.776312 8.15231e-19)
(1.12771 -0.845552 1.49313e-19)
(1.10112 -0.907484 -4.19306e-19)
(1.01476 -0.918708 4.51484e-19)
(0.794196 -0.778825 -1.29336e-19)
(0.363465 -0.382174 -3.72973e-19)
(1.0504 -0.504728 -8.94125e-21)
(1.03914 -0.553668 8.97552e-20)
(1.02904 -0.604343 3.06251e-19)
(1.01452 -0.660558 -3.46863e-19)
(0.994782 -0.723256 -7.95661e-19)
(0.96976 -0.790336 7.34745e-20)
(0.930398 -0.850867 8.04076e-20)
(0.843746 -0.862882 -1.8713e-19)
(0.650596 -0.731706 4.7024e-19)
(0.292985 -0.358428 -1.93377e-19)
(0.916522 -0.474977 -4.5753e-20)
(0.892972 -0.518494 0)
(0.873194 -0.566061 4.31547e-20)
(0.852959 -0.618954 2.80963e-19)
(0.829553 -0.676328 -2.83851e-20)
(0.800918 -0.736082 -3.40644e-19)
(0.758874 -0.788441 4.01986e-19)
(0.677647 -0.795239 4.28944e-20)
(0.513812 -0.671008 -2.00074e-19)
(0.227121 -0.327206 2.13468e-19)
(0.816175 -0.418567 -8.00575e-20)
(0.791239 -0.457926 -2.85317e-20)
(0.766626 -0.501338 7.408e-22)
(0.739248 -0.548635 -1.02734e-20)
(0.707169 -0.599325 2.77958e-20)
(0.669166 -0.652131 -1.01654e-19)
(0.619457 -0.698622 5.39828e-20)
(0.539159 -0.704809 3.18452e-19)
(0.398183 -0.59465 0)
(0.170883 -0.289703 0)
(0.722694 -0.351411 1.35409e-19)
(0.693783 -0.384821 8.31132e-20)
(0.662919 -0.422202 5.05594e-20)
(0.628709 -0.462959 1.73373e-20)
(0.589957 -0.506539 0)
(0.545625 -0.551812 -7.67978e-20)
(0.4913 -0.591468 -9.37503e-20)
(0.413671 -0.596421 -1.10445e-19)
(0.294301 -0.502396 1.73879e-19)
(0.120613 -0.244156 4.62384e-20)
(0.644155 -0.273221 -1.41713e-19)
(0.612497 -0.300366 1.96083e-20)
(0.577242 -0.331248 1.41336e-19)
(0.538118 -0.36485 0)
(0.49425 -0.400588 0)
(0.444685 -0.437614 0)
(0.386286 -0.470051 -8.04584e-20)
(0.310611 -0.474359 4.94301e-20)
(0.20881 -0.399073 7.37628e-20)
(0.0791792 -0.193255 7.28955e-20)
(0.581988 -0.186053 2.94717e-19)
(0.548009 -0.206486 4.33579e-19)
(0.509112 -0.230078 6.57599e-22)
(0.465944 -0.255749 -5.3955e-20)
(0.41792 -0.282988 1.2369e-20)
(0.364181 -0.31119 -8.41103e-20)
(0.302612 -0.335972 -8.64449e-21)
(0.228622 -0.339866 1.25105e-19)
(0.140869 -0.285391 -8.64284e-20)
(0.0462705 -0.137221 -4.89834e-20)
(0.537253 -0.0918693 1.66739e-19)
(0.501529 -0.105448 -2.73667e-21)
(0.459962 -0.121382 -6.37932e-20)
(0.413872 -0.138731 5.33958e-20)
(0.362871 -0.157088 -6.18052e-20)
(0.30615 -0.176077 -1.53874e-19)
(0.242338 -0.192919 4.74875e-20)
(0.169638 -0.196633 7.8655e-20)
(0.0921366 -0.164455 -3.17308e-20)
(0.0227804 -0.0775992 -7.08371e-21)
(0.510564 0.00714289 -4.86386e-20)
(0.473734 0.000547163 4.42456e-22)
(0.430499 -0.00745588 5.61641e-20)
(0.382603 -0.0162032 1.54959e-19)
(0.329778 -0.0254186 1.39215e-21)
(0.271253 -0.0349477 5.22575e-21)
(0.206113 -0.0436877 1.06688e-19)
(0.134275 -0.0474303 -5.22258e-20)
(0.0631292 -0.0386239 -1.96247e-20)
(0.00900598 -0.0156246 1.01601e-20)
(0.502293 0.108671 -1.95759e-19)
(0.464956 0.109072 6.31462e-22)
(0.421069 0.109102 2.0095e-19)
(0.372512 0.10906 0)
(0.319053 0.109079 4.6053e-20)
(0.259933 0.109094 5.72649e-21)
(0.194407 0.108483 6.50569e-20)
(0.123009 0.104524 1.75125e-20)
(0.054252 0.0893364 6.01252e-20)
(0.00515356 0.0472702 3.36743e-20)
(2.58637 0.0236518 1.25704e-18)
(2.78988 -0.000515967 -1.43791e-19)
(2.88067 -0.0348073 -1.15054e-18)
(2.93715 -0.0729185 1.13442e-18)
(2.98639 -0.112552 -4.53593e-20)
(3.02369 -0.153453 -3.87619e-18)
(2.99711 -0.190747 3.8851e-20)
(2.75803 -0.203212 2.52103e-18)
(2.06711 -0.163258 6.96006e-19)
(0.814289 -0.04027 5.08975e-19)
(2.56493 -0.0362159 9.36581e-19)
(2.70735 -0.0775122 -1.12427e-18)
(2.77505 -0.125768 -2.65977e-19)
(2.82372 -0.177747 7.12755e-19)
(2.87073 -0.231706 2.2532e-18)
(2.91132 -0.287431 -4.83463e-19)
(2.90264 -0.336722 -3.48051e-18)
(2.71171 -0.354319 5.63919e-19)
(2.09484 -0.29763 -8.35257e-19)
(0.885722 -0.111824 1.21165e-19)
(2.5031 -0.101691 5.17656e-19)
(2.58848 -0.157297 1.25474e-18)
(2.63709 -0.216211 -1.03771e-18)
(2.6793 -0.278789 -1.16607e-18)
(2.72313 -0.344177 2.19679e-19)
(2.7634 -0.411869 1.66974e-18)
(2.76411 -0.475371 2.83341e-19)
(2.60766 -0.498604 -1.57524e-18)
(2.06032 -0.426554 -2.30498e-19)
(0.915353 -0.186386 -7.76024e-20)
(2.38143 -0.173635 -5.84687e-20)
(2.43374 -0.238768 -2.86329e-19)
(2.47304 -0.304897 8.69762e-19)
(2.51104 -0.374781 -1.30564e-18)
(2.55084 -0.44838 6.35906e-19)
(2.58814 -0.525193 -5.92274e-19)
(2.5928 -0.597554 -1.1862e-18)
(2.45872 -0.630605 1.71916e-18)
(1.97107 -0.547203 -1.90282e-19)
(0.905742 -0.25603 -2.84481e-19)
(2.21699 -0.251008 1.40874e-19)
(2.25878 -0.320558 2.39094e-19)
(2.29425 -0.39004 1.19161e-19)
(2.32747 -0.463666 -2.68798e-19)
(2.3612 -0.542154 2.15949e-19)
(2.39286 -0.624959 1.60623e-18)
(2.39662 -0.704212 -2.03916e-18)
(2.27765 -0.742051 -2.31327e-18)
(1.8382 -0.647226 8.41287e-20)
(0.862519 -0.315278 -1.82402e-19)
(2.04356 -0.329505 -4.13923e-19)
(2.08194 -0.398758 -7.73637e-19)
(2.11164 -0.467461 -1.50109e-18)
(2.13655 -0.541291 -2.02893e-19)
(2.16127 -0.621533 7.25577e-19)
(2.18463 -0.70744 1.25336e-18)
(2.18391 -0.790329 1.39531e-18)
(2.07412 -0.829705 2.64082e-19)
(1.67812 -0.725152 -1.11468e-18)
(0.79575 -0.361128 -6.54025e-19)
(1.88246 -0.39828 -1.09547e-19)
(1.91264 -0.46448 1.65732e-18)
(1.93019 -0.529801 1.17029e-18)
(1.9422 -0.601825 -1.95827e-18)
(1.95536 -0.682033 -9.93175e-19)
(1.9689 -0.769013 6.17014e-19)
(1.96179 -0.852912 2.0744e-19)
(1.85774 -0.890946 -1.06689e-18)
(1.50057 -0.77728 1.32827e-18)
(0.713073 -0.391163 -1.15846e-19)
(1.73434 -0.446742 5.06914e-19)
(1.74561 -0.508438 -8.66274e-20)
(1.74404 -0.569847 -1.94706e-19)
(1.74098 -0.640405 6.25276e-19)
(1.74329 -0.720688 1.09062e-18)
(1.74839 -0.807946 -4.67986e-20)
(1.7354 -0.891116 -3.38628e-19)
(1.63592 -0.925752 -3.01977e-19)
(1.31489 -0.803915 3.03207e-20)
(0.621738 -0.404944 6.90261e-19)
(1.5732 -0.471718 -7.41002e-20)
(1.55551 -0.527065 -3.92469e-19)
(1.53625 -0.586519 -5.51319e-21)
(1.52535 -0.658612 5.25444e-19)
(1.52416 -0.74073 -7.67789e-19)
(1.52593 -0.828317 1.46661e-18)
(1.50978 -0.909445 8.87886e-19)
(1.4156 -0.938866 -9.3951e-19)
(1.12944 -0.8093 -2.98386e-19)
(0.528621 -0.404673 3.20932e-19)
(1.36104 -0.488113 -2.77382e-19)
(1.32132 -0.537597 -2.71062e-19)
(1.30608 -0.600042 1.30496e-21)
(1.30574 -0.675722 8.04719e-19)
(1.31084 -0.758011 1.34753e-19)
(1.31273 -0.842195 -1.10877e-18)
(1.29416 -0.917089 5.50131e-19)
(1.20538 -0.93815 3.10091e-19)
(0.953373 -0.801156 -3.88993e-19)
(0.441168 -0.396033 1.6998e-19)
(0.823402 0.0570184 -7.43386e-20)
(1.17173 0.0418011 -6.36339e-21)
(0.91581 0.0253298 -7.44627e-22)
(1.04508 0.0237815 1.52118e-21)
(0.972992 0.017286 2.43967e-21)
(0.966461 0.0107121 7.27908e-23)
(0.950101 -0.00830772 1.07132e-20)
(0.954352 -0.0463976 8.46681e-22)
(0.950989 -0.143514 -6.82092e-20)
(1.152 -0.364583 -2.75795e-19)
(0.824094 0.0536032 4.369e-20)
(1.16755 0.042059 -2.8287e-20)
(0.916303 0.0283623 1.36845e-21)
(1.04364 0.0280065 5.97436e-21)
(0.974685 0.0211184 -7.59963e-21)
(0.966102 0.0161854 2.15888e-22)
(0.947131 -0.000458432 7.28456e-21)
(0.944697 -0.0326078 -3.28177e-20)
(0.920644 -0.126668 4.76873e-22)
(1.06057 -0.299096 -1.09048e-18)
(0.824985 0.0499981 4.72359e-20)
(1.16492 0.0422691 3.54757e-20)
(0.916635 0.0311522 7.56788e-21)
(1.04213 0.0318392 8.01379e-22)
(0.976109 0.0252017 2.03323e-21)
(0.965187 0.0215025 -4.03701e-21)
(0.943453 0.00550549 7.15562e-21)
(0.932949 -0.0218645 0)
(0.888209 -0.118331 -2.52651e-20)
(0.97553 -0.278616 -1.3637e-19)
(0.825837 0.0462807 -2.95377e-20)
(1.1627 0.042531 2.39538e-20)
(0.917087 0.0338441 -1.95524e-21)
(1.0407 0.035411 2.95244e-21)
(0.977381 0.0295403 3.25087e-20)
(0.964578 0.0272374 -1.13714e-20)
(0.940526 0.0137597 -3.71563e-21)
(0.921675 -0.00764394 1.19296e-20)
(0.864056 -0.0986574 -5.17026e-20)
(0.890278 -0.232113 3.17036e-19)
(0.826585 0.042538 -3.13385e-21)
(1.1607 0.0427957 -5.28439e-22)
(0.917639 0.0364598 5.8401e-22)
(1.03948 0.0387329 1.08749e-20)
(0.978635 0.0340618 -2.35206e-21)
(0.964322 0.0333205 1.25924e-20)
(0.938833 0.0226759 9.90337e-21)
(0.911678 0.00732409 6.47438e-21)
(0.846477 -0.0741582 3.40987e-20)
(0.81736 -0.186483 2.96091e-19)
(0.827204 0.0387878 4.07774e-21)
(1.1589 0.0430205 2.42397e-20)
(0.918247 0.0390172 1.57728e-20)
(1.03857 0.0418028 -9.31559e-21)
(0.979947 0.038683 -2.53583e-20)
(0.964487 0.0396254 1.06395e-20)
(0.938325 0.0323451 3.90184e-21)
(0.903401 0.0229647 1.55445e-21)
(0.834255 -0.0448076 1.89774e-20)
(0.757147 -0.135223 7.50382e-20)
(0.827672 0.0350593 0)
(1.15734 0.0431837 -3.13888e-20)
(0.918874 0.0415155 -1.4624e-22)
(1.038 0.0446251 -1.65442e-21)
(0.981376 0.0433345 -2.71549e-20)
(0.965133 0.046081 -8.05891e-22)
(0.938942 0.0426538 -9.70193e-21)
(0.897275 0.0391996 1.18062e-20)
(0.826428 -0.0120164 4.27635e-21)
(0.710825 -0.0794317 -1.92837e-19)
(0.827972 0.031382 0)
(1.15605 0.0432691 0)
(0.919486 0.043941 -1.66702e-20)
(1.03785 0.0472047 3.04568e-20)
(0.982973 0.0479577 -1.5049e-21)
(0.966334 0.052612 2.04289e-20)
(0.940595 0.0534581 -2.16347e-20)
(0.893644 0.0558662 -1.28092e-20)
(0.822497 0.0231681 -6.93002e-21)
(0.678484 -0.0193054 5.17677e-21)
(0.828085 0.0277767 0)
(1.15503 0.0432621 1.68835e-20)
(0.920059 0.0462693 2.18189e-22)
(1.03812 0.0495453 -1.6319e-21)
(0.98478 0.0525001 3.12792e-20)
(0.968166 0.0591472 -1.70442e-20)
(0.943211 0.0645991 -1.51918e-20)
(0.892793 0.0728538 -3.21923e-20)
(0.822231 0.0601218 1.72365e-20)
(0.660008 0.0435728 -1.61187e-20)
(0.827998 0.0242896 2.1564e-21)
(1.1543 0.0431589 3.02101e-20)
(0.920575 0.0484697 -1.00022e-22)
(1.03885 0.0516491 -2.67898e-20)
(0.986834 0.0569135 1.25413e-21)
(0.9707 0.0656261 -9.8044e-21)
(0.946736 0.0759111 9.53715e-21)
(0.894971 0.0900719 1.83294e-20)
(0.825239 0.098026 -5.49688e-20)
(0.655747 0.108151 2.36951e-20)
(0.645255 0.048519 1.10671e-19)
(0.687448 0.0201067 2.07996e-20)
(0.471887 -0.00161861 -3.95801e-21)
(0.575872 0.00275905 -1.05929e-20)
(0.508126 0.000293369 1.94328e-21)
(0.515594 -0.000261049 -5.26479e-22)
(0.516301 -0.000882183 2.71836e-21)
(0.549197 -0.00350649 -1.6767e-20)
(0.586902 -0.00841855 2.93827e-22)
(0.805497 -0.014301 -1.9442e-20)
(0.810467 0.0958321 2.16821e-19)
(1.12987 0.0431901 1.49773e-20)
(0.858211 0.0084749 -5.86253e-23)
(0.981092 0.00606228 -5.66451e-21)
(0.908023 0.00427814 2.29812e-21)
(0.909484 0.000398765 -7.91347e-21)
(0.906667 -0.00545001 1.22781e-20)
(0.947988 -0.0166156 -2.73017e-20)
(0.985906 -0.0497074 -5.82227e-20)
(1.26682 -0.0902309 9.47941e-20)
(0.826415 0.073087 4.43331e-21)
(1.19106 0.0397971 3.25205e-21)
(0.917487 0.0116979 -1.44659e-21)
(1.04312 0.0112595 -2.99766e-21)
(0.969426 0.00694764 0)
(0.968849 0.00222226 0)
(0.963266 -0.00837746 0)
(0.997641 -0.0269241 0)
(1.03666 -0.0817811 1.01568e-20)
(1.25875 -0.166237 1.62408e-20)
(0.82564 0.0688441 3.04812e-21)
(1.1877 0.0414283 -1.25435e-20)
(0.919616 0.0180448 -5.03638e-21)
(1.04826 0.0157116 0)
(0.974198 0.0103197 0)
(0.972367 0.00440204 0)
(0.964474 -0.0101726 0)
(0.990174 -0.0366913 0)
(1.03031 -0.109901 0)
(1.19625 -0.243967 9.44259e-20)
(0.823273 0.0618591 -1.49991e-21)
(1.1795 0.041611 -1.1333e-20)
(0.916071 0.0218103 0)
(1.04742 0.0197491 -2.59663e-21)
(0.972794 0.013756 0)
(0.969601 0.00694262 0)
(0.959449 -0.0116106 -2.22205e-20)
(0.976195 -0.0463845 5.74974e-20)
(1.0082 -0.130662 0)
(1.1379 -0.341838 6.91124e-19)
(0.908487 -0.00334906 -1.10817e-19)
(0.892625 0.0122386 1.17386e-20)
(0.864896 0.0253802 3.05241e-19)
(0.80517 0.0278057 4.49169e-19)
(0.707012 0.0179544 1.73152e-19)
(0.60449 0.00739307 -4.15275e-19)
(0.517924 0.00323219 -3.11195e-20)
(0.442752 0.00297835 -5.94407e-20)
(0.37862 0.00268237 -1.50888e-19)
(0.329738 0.00193196 9.69987e-20)
(1.4327 -0.0969947 -2.21843e-19)
(1.4747 -0.0850004 -2.00247e-19)
(1.5232 -0.0598308 -5.81935e-20)
(1.56288 -0.0261683 -3.21724e-19)
(1.55052 -0.00195164 3.0662e-19)
(1.46398 0.00357342 4.00188e-19)
(1.323 0.00190622 2.8499e-19)
(1.16681 0.00428333 3.4166e-19)
(1.02588 0.00831357 -4.21704e-19)
(0.917305 0.0117221 -2.65074e-20)
(1.50272 -0.18841 -1.42361e-19)
(1.58804 -0.18229 -3.87173e-19)
(1.6879 -0.158007 7.3763e-22)
(1.79795 -0.119374 1.92243e-19)
(1.89024 -0.0775183 -5.31284e-19)
(1.92271 -0.0439916 -1.10536e-19)
(1.86483 -0.0212982 -3.35574e-19)
(1.73145 -0.0038423 2.88702e-19)
(1.57459 0.0106309 7.27267e-20)
(1.44345 0.0230386 5.29919e-20)
(1.47355 -0.298423 -1.29922e-19)
(1.58413 -0.296389 2.11527e-19)
(1.71049 -0.268499 4.81913e-21)
(1.85126 -0.219689 -1.7125e-19)
(1.99691 -0.161457 -1.0086e-20)
(2.11663 -0.10531 -7.80001e-20)
(2.16262 -0.0583859 -1.63835e-19)
(2.11237 -0.0202413 -2.2175e-19)
(2.00045 0.00960377 6.52332e-20)
(1.8884 0.0330792 -4.40062e-19)
(1.45564 -0.395538 -2.56044e-19)
(1.58044 -0.3875 -1.95437e-19)
(1.70539 -0.365285 2.19971e-19)
(1.84336 -0.319389 -4.33588e-19)
(2.00281 -0.253715 2.58036e-19)
(2.16779 -0.180469 -1.90166e-19)
(2.29618 -0.111672 5.76885e-19)
(2.34131 -0.0521284 -2.58695e-19)
(2.30259 -0.00400106 1.664e-19)
(2.23357 0.0345711 -1.30375e-18)
)
;

boundaryField
{
    left
    {
        type            fixedValue;
        value           uniform (1 0 0);
    }
    right
    {
        type            zeroGradient;
    }
    down
    {
        type            noSlip;
    }
    up
    {
        type            noSlip;
    }
    cylinder
    {
        type            noSlip;
    }
    defaultFaces
    {
        type            empty;
    }
}


// ************************************************************************* //
