/*--------------------------------*- C++ -*----------------------------------*\
  =========                 |
  \\      /  F ield         | OpenFOAM: The Open Source CFD Toolbox
   \\    /   O peration     | Website:  https://openfoam.org
    \\  /    A nd           | Version:  13
     \\/     M anipulation  |
\*---------------------------------------------------------------------------*/
FoamFile
{
    format      ascii;
    class       volVectorField;
    location    "3.3";
    object      U;
}
// * * * * * * * * * * * * * * * * * * * * * * * * * * * * * * * * * * * * * //

dimensions      [0 1 -1 0 0 0 0];

internalField   nonuniform List<vector> 
1800
(
(-0.0311065 0.0241527 1.19938e-20)
(-0.0759212 0.0412687 5.38132e-21)
(-0.0978174 0.046716 -3.33953e-20)
(-0.092492 0.0473584 5.09087e-20)
(-0.0533897 0.0471297 1.59168e-19)
(0.0244538 0.0473761 7.94118e-20)
(0.143985 0.0486216 -3.95937e-20)
(0.301449 0.0496186 -3.20581e-20)
(0.511923 0.0786136 1.01528e-19)
(0.607071 0.121861 1.29809e-19)
(-0.0464081 0.0346154 1.01891e-20)
(-0.0870344 0.0579037 -2.99117e-20)
(-0.0791972 0.0583711 3.08779e-22)
(-0.0228578 0.0459104 -5.60626e-20)
(0.0853027 0.0269531 2.33664e-20)
(0.246504 0.0050329 1.47429e-19)
(0.457653 -0.0170713 -8.34011e-20)
(0.707371 -0.0413657 4.50269e-20)
(1.00322 -0.0459672 -1.21306e-19)
(1.18012 -0.0511108 1.35649e-19)
(-0.0506649 0.0336796 3.93791e-21)
(-0.0707207 0.0534562 1.47303e-20)
(-0.0162943 0.0487343 -3.16003e-22)
(0.109377 0.0290051 -1.09416e-20)
(0.304042 0.00211793 -1.32237e-19)
(0.558941 -0.0263334 2.82241e-20)
(0.856749 -0.0522887 5.89059e-20)
(1.17478 -0.0732103 -2.31622e-20)
(1.49015 -0.0860814 -1.65003e-22)
(1.76486 -0.108369 -3.00416e-21)
(-0.0443753 0.0255062 -7.52687e-21)
(-0.0242326 0.0317721 -2.37685e-20)
(0.0978277 0.017696 -2.42464e-20)
(0.313187 -0.00762017 2.43759e-20)
(0.606835 -0.0356389 2.17155e-20)
(0.951111 -0.0602765 9.57314e-21)
(1.31027 -0.0783453 -3.06409e-21)
(1.64968 -0.0891139 8.56415e-20)
(1.94659 -0.0951963 7.89719e-20)
(2.17575 -0.0992239 -3.41074e-20)
(-0.0271799 0.0142442 5.92922e-20)
(0.0576732 0.00423527 5.48475e-20)
(0.271404 -0.0174003 -3.85727e-20)
(0.591119 -0.0412748 -4.75791e-20)
(0.977026 -0.0597498 -1.2427e-19)
(1.37683 -0.0697175 2.04163e-21)
(1.7424 -0.0720185 1.68709e-19)
(2.04276 -0.0697837 8.38037e-20)
(2.26372 -0.0652397 2.4431e-21)
(2.41818 -0.0684065 -8.07812e-20)
(0.00449817 0.00146553 -5.89486e-20)
(0.18166 -0.0215898 -1.31284e-20)
(0.506155 -0.0430095 1.97639e-19)
(0.926772 -0.0547512 -5.40935e-20)
(1.37106 -0.0548181 -1.38582e-19)
(1.77151 -0.0465912 2.87579e-19)
(2.08769 -0.0353152 -3.08374e-19)
(2.30883 -0.0252039 -4.35012e-19)
(2.44795 -0.0188386 3.6811e-19)
(2.52279 -0.0170698 1.0146e-21)
(0.0538901 -0.0105341 6.53731e-20)
(0.34838 -0.037695 -1.40313e-19)
(0.787404 -0.0469561 -4.76763e-19)
(1.2802 -0.0368787 2.31596e-19)
(1.73119 -0.0159762 5.22523e-19)
(2.08236 0.00631824 -2.06621e-21)
(2.32078 0.0241228 -1.15391e-18)
(2.46364 0.035297 4.89001e-21)
(2.53807 0.041317 1.4163e-18)
(2.57158 0.0391811 3.92328e-19)
(0.121588 -0.0180711 6.44282e-20)
(0.548868 -0.0353397 3.42989e-19)
(1.08577 -0.0203827 3.97522e-19)
(1.60641 0.0151262 -1.16741e-19)
(2.01967 0.0523 -4.84854e-19)
(2.29924 0.0808885 -1.85723e-19)
(2.46349 0.0985839 0)
(2.54664 0.107177 5.97939e-19)
(2.58075 0.109235 -9.323e-21)
(2.58635 0.105819 -5.72807e-19)
(0.204528 -0.0170011 5.71426e-20)
(0.765197 -0.0076225 3.56544e-19)
(1.36777 0.0397847 6.71503e-19)
(1.87555 0.0977159 -7.04933e-19)
(2.22858 0.143599 -6.19186e-19)
(2.43729 0.172024 2.53037e-19)
(2.54184 0.18576 -1.21339e-18)
(2.58324 0.189542 -9.15016e-19)
(2.59064 0.187593 1.13384e-18)
(2.58043 0.180106 9.89052e-19)
(0.296587 -0.00383837 -4.39804e-20)
(0.975855 0.0482382 2.82566e-19)
(1.60847 0.130514 1.78614e-19)
(2.07765 0.204414 -1.44057e-18)
(2.36592 0.252115 4.90601e-20)
(2.5139 0.275634 2.9204e-18)
(2.57407 0.282544 -1.69726e-18)
(2.58775 0.279977 -1.00261e-18)
(2.57951 0.272372 3.53126e-19)
(2.55968 0.260834 -8.1028e-19)
(-0.0133637 0.219164 1.57497e-19)
(-0.0628231 0.455885 -1.0509e-19)
(-0.127805 0.558676 1.23209e-21)
(-0.198806 0.589435 -2.15348e-20)
(-0.268216 0.589692 3.1912e-21)
(-0.334191 0.579293 2.18435e-19)
(-0.396002 0.56472 1.47183e-19)
(-0.453263 0.547118 -3.48735e-19)
(-0.508057 0.526511 1.38013e-20)
(-0.565302 0.503304 -4.4335e-20)
(-0.02962 0.251228 -1.0284e-20)
(-0.0788943 0.542711 1.61441e-21)
(-0.131954 0.680518 2.7475e-20)
(-0.186571 0.728082 4.47466e-20)
(-0.239353 0.733515 -1.0929e-19)
(-0.288901 0.722521 2.21376e-19)
(-0.334317 0.704839 -3.13943e-19)
(-0.374737 0.682809 -4.04491e-19)
(-0.411177 0.656651 3.68503e-19)
(-0.448522 0.626724 -1.17401e-19)
(-0.0439953 0.244914 -4.51478e-20)
(-0.0928976 0.56717 2.41556e-20)
(-0.131397 0.743436 -4.01658e-21)
(-0.164975 0.818269 -2.12992e-19)
(-0.196071 0.837077 -6.97361e-20)
(-0.224497 0.829989 7.48803e-19)
(-0.24945 0.811308 -2.4689e-19)
(-0.269844 0.785917 -4.29498e-19)
(-0.285178 0.754924 5.17666e-19)
(-0.298387 0.718592 3.07884e-19)
(-0.0500225 0.203798 -2.93451e-20)
(-0.0982102 0.52202 -5.67613e-21)
(-0.123852 0.731956 6.31723e-21)
(-0.137548 0.843922 -2.38266e-20)
(-0.146585 0.88802 1.61878e-19)
(-0.153104 0.893379 -2.56905e-19)
(-0.157131 0.878803 -2.16079e-19)
(-0.157886 0.853342 2.57391e-19)
(-0.154073 0.820119 4.29303e-21)
(-0.143565 0.779626 1.03123e-20)
(-0.0444892 0.141888 0)
(-0.0896651 0.416489 -5.37925e-21)
(-0.106907 0.63999 -7.75116e-21)
(-0.105809 0.790319 8.81363e-20)
(-0.0955627 0.872974 3.00224e-19)
(-0.0807599 0.9058 -2.24837e-19)
(-0.063118 0.906523 8.79379e-20)
(-0.0427725 0.887697 4.68769e-20)
(-0.0191014 0.856252 0)
(0.0140325 0.814475 2.1306e-20)
(-0.0297083 0.0783073 -2.94976e-20)
(-0.0674074 0.279444 7.06731e-20)
(-0.0811891 0.482363 4.5691e-20)
(-0.0743477 0.649999 -6.55357e-20)
(-0.0534175 0.767713 6.48434e-20)
(-0.023413 0.837448 1.42697e-19)
(0.0123594 0.868281 -4.02154e-19)
(0.0522614 0.870314 -4.02677e-20)
(0.0941734 0.851331 5.07131e-19)
(0.148193 0.814724 1.13019e-20)
(-0.012447 0.0294631 8.99497e-21)
(-0.0396689 0.151832 1.23366e-19)
(-0.0537286 0.305365 -7.04103e-20)
(-0.0505389 0.455653 -1.19531e-20)
(-0.0311709 0.58094 -5.37232e-20)
(0.00161636 0.672547 2.84952e-20)
(0.0446673 0.730375 1.11766e-19)
(0.0955588 0.75873 1.27925e-19)
(0.150405 0.763142 -1.57247e-19)
(0.216929 0.741566 -2.3045e-19)
(0.000348539 0.00173477 2.42066e-20)
(-0.0187884 0.0621891 -5.80207e-20)
(-0.036113 0.158831 -9.26086e-20)
(-0.0422614 0.267377 3.3947e-20)
(-0.0333934 0.369421 -3.3725e-21)
(-0.00918595 0.453867 1.47217e-19)
(0.0286351 0.516074 1.57489e-19)
(0.0775652 0.555924 -1.33623e-21)
(0.135431 0.576811 1.26279e-20)
(0.202136 0.562331 -1.02852e-19)
(0.00311545 -0.00580385 1.88401e-20)
(-0.0178392 0.0178432 -6.7425e-20)
(-0.0428691 0.0671489 1.22075e-19)
(-0.0608801 0.128723 1.51121e-19)
(-0.0651385 0.191943 -1.24565e-19)
(-0.0530642 0.248756 2.75858e-19)
(-0.024825 0.295081 -3.485e-20)
(0.0186137 0.329398 -3.78621e-19)
(0.0783772 0.350702 -4.4118e-20)
(0.157951 0.334572 -5.09613e-20)
(-0.00984774 0.0055044 -4.37704e-21)
(-0.0446903 0.0172404 -2.61572e-20)
(-0.077487 0.0359034 -1.35265e-20)
(-0.0992057 0.0597051 6.87795e-20)
(-0.10268 0.0860168 1.45249e-19)
(-0.082887 0.112582 -1.7857e-19)
(-0.0371594 0.13787 -1.74572e-19)
(0.0344698 0.160623 1.01009e-19)
(0.134864 0.180382 -7.02479e-20)
(0.258987 0.183285 -1.73645e-20)
(-0.858171 0.376477 6.69768e-19)
(-0.898439 0.0509985 -1.91883e-18)
(-0.376802 -0.278057 -5.17386e-19)
(0.109703 -0.43315 2.53524e-19)
(0.476946 -0.500395 -6.06423e-20)
(0.687963 -0.424602 -3.6227e-20)
(0.835862 -0.340803 -1.46325e-20)
(0.941027 -0.243927 -1.15032e-21)
(0.997781 -0.190915 1.341e-20)
(1.06411 -0.120426 3.2722e-21)
(-0.660982 0.458212 7.7786e-19)
(-0.59801 -0.00777964 7.18531e-19)
(-0.164341 -0.421911 -4.89918e-20)
(0.276309 -0.557427 -3.29248e-19)
(0.604653 -0.580273 -3.83631e-19)
(0.78651 -0.474628 0)
(0.90647 -0.3729 -3.01958e-20)
(0.984718 -0.264508 5.06072e-21)
(1.02663 -0.205705 3.35701e-22)
(1.07742 -0.129048 -7.24054e-21)
(-0.419514 0.510387 -8.65345e-20)
(-0.264127 -0.0626152 -4.05914e-19)
(0.117727 -0.533192 3.61731e-19)
(0.483217 -0.662913 1.04757e-19)
(0.750846 -0.649068 3.28733e-20)
(0.894451 -0.516817 -2.15882e-20)
(0.98416 -0.397844 0)
(1.03434 -0.279432 0)
(1.05992 -0.216154 -1.54326e-20)
(1.09263 -0.135388 0)
(-0.16931 0.536145 -5.95455e-20)
(0.0750482 -0.109016 6.6621e-19)
(0.424639 -0.618846 -1.35192e-19)
(0.714252 -0.746742 0)
(0.909197 -0.703001 3.46836e-19)
(1.0048 -0.549742 -6.30396e-20)
(1.06218 -0.415741 0)
(1.0855 -0.288827 5.76558e-20)
(1.09543 -0.222025 0)
(1.10902 -0.13917 7.97583e-21)
(0.0596844 0.541497 2.09585e-19)
(0.398653 -0.14378 2.81564e-19)
(0.732885 -0.682968 8.8339e-20)
(0.95138 -0.809732 0)
(1.0731 -0.740675 1.44318e-19)
(1.11488 -0.571876 1.46207e-19)
(1.13684 -0.426531 -9.50013e-21)
(1.13443 -0.293197 -1.44094e-21)
(1.1305 -0.223588 -1.37007e-20)
(1.12554 -0.140368 2.08669e-21)
(0.260555 0.534785 1.59702e-18)
(0.694855 -0.166396 -7.59592e-20)
(1.02872 -0.729318 -4.45515e-20)
(1.18056 -0.854374 3.84256e-19)
(1.23327 -0.763733 -2.50905e-19)
(1.22231 -0.583004 7.30478e-20)
(1.20715 -0.43 1.48405e-19)
(1.17913 -0.292927 -1.2495e-19)
(1.16297 -0.221346 1.84267e-22)
(1.1411 -0.139163 -1.86368e-20)
(0.40635 0.508991 3.37464e-20)
(0.96133 -0.183229 -9.27372e-20)
(1.30597 -0.758944 -1.18786e-19)
(1.39521 -0.881715 -1.18921e-20)
(1.38312 -0.774438 -2.05647e-19)
(1.32414 -0.584452 -2.32151e-20)
(1.27308 -0.426375 -6.06114e-20)
(1.21932 -0.288209 3.89501e-21)
(1.19166 -0.215753 1.70551e-20)
(1.15482 -0.135835 -8.19242e-22)
(0.457765 0.446851 -6.91742e-19)
(1.20356 -0.20442 -1.61792e-19)
(1.561 -0.773352 0)
(1.59099 -0.892137 1.10319e-19)
(1.51945 -0.774301 1.71444e-19)
(1.41811 -0.578031 -1.75555e-20)
(1.33465 -0.416532 -1.99552e-19)
(1.2557 -0.279298 5.25016e-20)
(1.21644 -0.207146 -8.67229e-22)
(1.16624 -0.13066 -9.41683e-21)
(0.458862 0.324763 7.88874e-19)
(1.44286 -0.24431 4.42331e-19)
(1.79229 -0.773782 -9.20806e-21)
(1.76391 -0.886178 -6.88638e-20)
(1.64023 -0.764194 1.52839e-20)
(1.50266 -0.565207 -1.94797e-19)
(1.39153 -0.401696 7.13677e-20)
(1.28914 -0.266743 -6.61157e-22)
(1.23787 -0.195902 8.11626e-22)
(1.17534 -0.123896 1.29866e-20)
(0.536894 0.16262 -4.93188e-19)
(1.69042 -0.302753 4.44742e-19)
(1.99762 -0.764842 1.94793e-19)
(1.91211 -0.867615 -1.72611e-19)
(1.74488 -0.745502 -1.7032e-19)
(1.57705 -0.547054 -1.0222e-19)
(1.443 -0.382967 -3.49831e-20)
(1.32011 -0.25124 0)
(1.25671 -0.182478 -2.54947e-20)
(1.18248 -0.115782 1.77774e-20)
(1.30332 0.0239496 -5.59544e-19)
(2.10561 -0.399954 -5.79528e-19)
(2.25208 -0.754498 1.68265e-19)
(2.0863 -0.830301 2.89388e-20)
(1.86522 -0.709335 3.39283e-20)
(1.65988 -0.514784 -8.20895e-20)
(1.49957 -0.351655 -6.67934e-20)
(1.35492 -0.226002 3.43694e-20)
(1.27723 -0.161644 -1.25651e-20)
(1.18982 -0.103897 -9.34862e-21)
(2.13846 -0.0426365 8.78854e-21)
(2.57073 -0.473144 -1.26921e-18)
(2.46463 -0.74748 -8.31006e-19)
(2.15204 -0.761764 4.65386e-20)
(1.88493 -0.612274 6.34824e-20)
(1.67136 -0.422056 1.68871e-19)
(1.51395 -0.276103 1.4578e-19)
(1.36861 -0.172715 -1.81536e-20)
(1.2894 -0.124161 5.42071e-20)
(1.19376 -0.0841465 6.51082e-21)
(2.4492 -0.123943 6.21083e-20)
(2.59419 -0.449669 1.12739e-20)
(2.39149 -0.640471 3.88188e-20)
(2.13945 -0.650863 1.96151e-35)
(1.93569 -0.530327 -3.61218e-20)
(1.7334 -0.363829 -5.35376e-34)
(1.5621 -0.229141 1.93588e-20)
(1.39811 -0.135299 4.91231e-34)
(1.30762 -0.0927466 -1.64562e-21)
(1.19961 -0.0653127 2.90772e-21)
(2.47336 -0.1571 -2.65427e-35)
(2.51447 -0.398022 4.59553e-19)
(2.38855 -0.578507 3.04799e-19)
(2.18068 -0.597477 0)
(1.95782 -0.464989 -6.18449e-20)
(1.72532 -0.285174 -1.0269e-19)
(1.5386 -0.155105 -9.54769e-20)
(1.37437 -0.0803304 1.42218e-33)
(1.29117 -0.0523619 -2.92379e-20)
(1.18981 -0.0427957 -3.91021e-21)
(2.43342 -0.178183 4.03655e-20)
(2.45594 -0.367277 -2.35247e-21)
(2.35857 -0.519209 0)
(2.15427 -0.513237 0)
(1.92886 -0.374828 0)
(1.6984 -0.205527 0)
(1.51305 -0.0924539 5.82008e-21)
(1.35087 -0.0366975 1.67198e-33)
(1.27156 -0.0203064 -2.49827e-21)
(1.1759 -0.0239859 -5.58819e-34)
(2.39542 -0.194573 7.09563e-20)
(2.40401 -0.337396 0)
(2.31164 -0.4589 0)
(2.08396 -0.43965 0)
(1.8233 -0.294647 0)
(1.5821 -0.129827 0)
(1.41016 -0.0288495 -1.22531e-20)
(1.27312 0.00849851 4.4782e-20)
(1.21465 0.0118439 -2.9187e-21)
(1.14028 -0.00563784 -1.6057e-21)
(2.35017 -0.201071 0)
(2.33045 -0.308777 1.40037e-19)
(2.17222 -0.390152 1.06071e-19)
(1.86598 -0.341494 0)
(1.57092 -0.194262 -4.70221e-20)
(1.34628 -0.0525273 -5.4439e-20)
(1.21665 0.0221178 -5.13875e-20)
(1.1298 0.0383204 -2.07513e-20)
(1.1074 0.0309125 1.46091e-20)
(1.06743 0.00642578 -6.93448e-21)
(2.21311 -0.189296 -4.78114e-21)
(2.09842 -0.256327 -3.15141e-21)
(1.80431 -0.280818 -7.55779e-22)
(1.41176 -0.213744 -1.41708e-35)
(1.11682 -0.0933663 1.09524e-20)
(0.957546 0.00463441 -2.3299e-34)
(0.910111 0.0481307 -1.4052e-20)
(0.897877 0.0486267 -3.07961e-20)
(0.920426 0.0354284 -3.20485e-21)
(0.920329 0.0111047 6.04393e-21)
(1.72984 -0.145446 3.20185e-20)
(1.4729 -0.159977 -3.14554e-20)
(1.07128 -0.128632 -1.67783e-20)
(0.700032 -0.0715373 0)
(0.50682 -0.0149825 -1.79321e-22)
(0.46359 0.0247995 7.70047e-22)
(0.507562 0.0407523 -9.99581e-21)
(0.561868 0.0350748 5.20577e-21)
(0.616784 0.0240046 -9.91982e-21)
(0.64519 0.00827119 -5.37976e-21)
(0.617735 -0.0258997 0)
(0.398604 -0.00783603 0)
(0.20144 -8.26364e-05 0)
(0.0697819 -0.00224669 0)
(0.0119686 -0.00133716 0)
(0.0253677 0.00364704 0)
(0.0834647 0.00652966 -1.38e-20)
(0.142207 0.00536434 4.75883e-35)
(0.189094 0.00343734 -3.583e-21)
(0.217065 0.00108564 -6.34518e-21)
(2.49868 0.235366 7.8364e-19)
(2.53761 0.167512 4.76763e-20)
(2.55356 0.0992171 -7.69315e-20)
(2.57116 0.0477752 -2.44839e-19)
(2.57369 -0.0134843 -4.42603e-20)
(2.54238 -0.0407423 -6.71822e-20)
(2.52511 -0.100465 -2.08977e-19)
(2.31433 -0.0882591 1.80836e-20)
(2.21025 -0.135824 0)
(1.56212 -0.0545057 2.55137e-20)
(2.4264 0.194113 2.52017e-19)
(2.42711 0.151219 -2.85444e-19)
(2.50451 0.0831771 -6.18828e-20)
(2.46795 0.051274 -1.2113e-19)
(2.56878 -0.0134632 9.93877e-20)
(2.47773 -0.0374333 1.71179e-19)
(2.60881 -0.0941861 -2.08551e-19)
(2.43488 -0.125318 5.25773e-21)
(2.54698 -0.151923 -3.67253e-20)
(2.24937 -0.200812 6.25859e-20)
(2.37953 0.160966 -1.13887e-19)
(2.34751 0.124955 2.58591e-19)
(2.45504 0.070741 1.55585e-19)
(2.39073 0.0357353 -2.61548e-19)
(2.51119 -0.00830264 -4.42638e-20)
(2.42167 -0.0505556 3.59572e-19)
(2.5428 -0.0760153 6.15066e-20)
(2.44816 -0.135386 -6.34616e-20)
(2.53591 -0.132678 -3.39583e-20)
(2.45217 -0.208561 -3.57971e-20)
(2.32628 0.129596 -2.98697e-19)
(2.30961 0.0919498 -5.30895e-20)
(2.39142 0.0564365 3.2886e-20)
(2.35879 0.0144698 -1.04297e-20)
(2.43409 -0.00979401 -2.27017e-19)
(2.39869 -0.060039 -8.04748e-20)
(2.45657 -0.0693887 2.04122e-19)
(2.43549 -0.128348 -1.2265e-20)
(2.46696 -0.123793 3.92102e-20)
(2.46682 -0.186267 1.53946e-20)
(2.27152 0.0982631 4.00324e-20)
(2.28328 0.062127 1.33198e-19)
(2.33041 0.0374621 -1.94663e-20)
(2.33496 -0.00237916 1.77208e-19)
(2.3703 -0.0197519 -5.67744e-20)
(2.37487 -0.0635286 -2.25339e-19)
(2.39554 -0.0733138 3.48089e-20)
(2.40621 -0.11911 -7.621e-20)
(2.41389 -0.12378 -4.19693e-21)
(2.43161 -0.169017 -1.67689e-20)
(2.22452 0.0651737 -1.65393e-19)
(2.25178 0.0347844 -7.16981e-20)
(2.28189 0.0144977 -7.8955e-21)
(2.30365 -0.0175042 1.10094e-19)
(2.32422 -0.0345703 2.69259e-19)
(2.34289 -0.067697 -6.64137e-20)
(2.3543 -0.0821204 6.03443e-21)
(2.37179 -0.115374 -7.65176e-20)
(2.37605 -0.128268 -1.1334e-19)
(2.39364 -0.16094 -3.18503e-20)
(2.17389 0.0320242 -5.50935e-20)
(2.20549 0.00814042 -1.24754e-19)
(2.22997 -0.00895622 -1.47993e-19)
(2.25708 -0.0335185 -2.68157e-19)
(2.27425 -0.0496309 7.36148e-20)
(2.29811 -0.0749957 6.66031e-20)
(2.30818 -0.0907225 -1.40679e-21)
(2.3305 -0.116913 8.20228e-20)
(2.33367 -0.132439 -8.77753e-20)
(2.35694 -0.159465 -5.16753e-20)
(2.06552 0.00135351 6.2088e-20)
(2.09575 -0.0158732 3.19153e-20)
(2.11218 -0.0285119 1.87417e-20)
(2.14159 -0.0464547 -3.9289e-20)
(2.15101 -0.0588511 -3.74775e-20)
(2.18168 -0.0781132 -4.51275e-20)
(2.18345 -0.0909446 -4.97723e-20)
(2.2178 -0.112122 1.00474e-19)
(2.21069 -0.125685 -4.55967e-20)
(2.25184 -0.149095 1.73995e-20)
(1.74755 -0.0226378 -6.5715e-20)
(1.76204 -0.0317643 -1.01173e-20)
(1.76285 -0.038725 1.2107e-19)
(1.77987 -0.0482097 -1.50312e-20)
(1.77425 -0.0550133 -3.47087e-20)
(1.79733 -0.0658515 7.24738e-20)
(1.78269 -0.0732468 -5.42143e-20)
(1.81538 -0.0863614 4.12047e-20)
(1.78773 -0.0951466 -1.40499e-20)
(1.83487 -0.11116 -7.70938e-20)
(0.878974 -0.0127587 5.09932e-20)
(0.865639 -0.0123338 4.26763e-20)
(0.850638 -0.0119705 4.2353e-20)
(0.839254 -0.0119078 6.95787e-20)
(0.823998 -0.012302 -3.56043e-20)
(0.815679 -0.0130539 -4.60037e-20)
(0.797141 -0.0143765 2.07574e-20)
(0.794074 -0.0165343 -2.67724e-21)
(0.763523 -0.0178585 4.01e-21)
(0.776541 -0.0256447 -5.89318e-21)
(1.57107 0.962274 -8.61622e-20)
(1.55483 1.00832 2.67093e-20)
(1.55849 1.06217 -6.45189e-19)
(1.56724 1.12341 2.34594e-19)
(1.57382 1.18792 1.20864e-18)
(1.56956 1.24765 -1.46671e-19)
(1.53243 1.28006 -1.06978e-18)
(1.41199 1.23291 5.1542e-23)
(1.11891 1.00996 -5.25388e-19)
(0.524422 0.485085 1.17508e-19)
(1.73594 0.932293 0)
(1.7245 0.976717 7.44673e-19)
(1.72437 1.02656 1.64877e-18)
(1.73262 1.08513 -1.0169e-18)
(1.74241 1.14803 -2.37315e-18)
(1.7414 1.20561 -1.54355e-19)
(1.70222 1.23411 -1.97875e-19)
(1.56678 1.18194 7.22892e-19)
(1.23577 0.959057 1.08844e-18)
(0.573522 0.453255 4.27315e-19)
(1.88834 0.891542 6.82926e-20)
(1.88568 0.935714 0)
(1.88677 0.982586 -6.74715e-20)
(1.8956 1.0366 1.03646e-18)
(1.90738 1.09463 5.59072e-20)
(1.90755 1.14674 -2.31081e-18)
(1.8637 1.16861 1.46057e-18)
(1.71026 1.11074 8.61317e-19)
(1.33985 0.890865 -9.31253e-19)
(0.613499 0.41228 -2.72626e-19)
(2.02248 0.843119 -1.89231e-19)
(2.02966 0.885137 -1.38844e-19)
(2.03599 0.928204 2.83105e-19)
(2.0476 0.976578 -3.50994e-19)
(2.06125 1.02796 -1.62204e-18)
(2.06085 1.07245 -1.26007e-18)
(2.00927 1.08599 1.3199e-18)
(1.8347 1.02022 8.76382e-19)
(1.42228 0.80479 0)
(0.639468 0.362292 0)
(2.14006 0.778537 -9.28166e-19)
(2.15574 0.818137 -1.70333e-18)
(2.16867 0.857678 -6.54112e-19)
(2.18425 0.900777 -3.36618e-20)
(2.19939 0.945396 0)
(2.19656 0.981133 1.35268e-19)
(2.13375 0.984187 1.55973e-19)
(1.93225 0.912872 1.94632e-19)
(1.47609 0.705252 -2.78039e-19)
(0.648165 0.304504 -6.95691e-20)
(2.24368 0.705176 1.1085e-18)
(2.26589 0.740361 -4.12595e-20)
(2.28446 0.775196 -1.29836e-18)
(2.30343 0.812177 0)
(2.3187 0.848565 0)
(2.30975 0.874519 0)
(2.22946 0.867749 1.48138e-18)
(1.9952 0.790519 -1.62996e-18)
(1.49639 0.59262 -1.02805e-18)
(0.636565 0.241535 1.7109e-20)
(2.33334 0.620153 -1.43819e-18)
(2.36038 0.650908 -3.01709e-18)
(2.38301 0.681103 -5.23267e-21)
(2.40361 0.711992 6.10935e-19)
(2.41588 0.740326 -3.68625e-20)
(2.39559 0.756147 1.28385e-18)
(2.29127 0.738931 -7.09816e-19)
(2.01898 0.656326 -1.86506e-18)
(1.47802 0.471706 1.00337e-19)
(0.603372 0.177446 7.83516e-20)
(2.41142 0.531312 -1.11748e-18)
(2.43987 0.556697 1.54921e-20)
(2.46368 0.581383 4.20817e-19)
(2.48291 0.605423 -4.06862e-19)
(2.48789 0.624965 6.33196e-19)
(2.44997 0.630063 1.67577e-18)
(2.31374 0.60232 -1.42964e-19)
(1.99725 0.516028 -9.74135e-19)
(1.41679 0.34934 2.19689e-19)
(0.549062 0.116851 4.01524e-20)
(2.47471 0.438629 4.07262e-19)
(2.50317 0.459594 7.96302e-20)
(2.52556 0.478724 -4.16917e-19)
(2.53965 0.495638 -9.7973e-19)
(2.53156 0.506089 6.63718e-20)
(2.46777 0.500516 4.91251e-20)
(2.29037 0.463383 -1.1909e-18)
(1.92414 0.37647 5.10778e-19)
(1.31096 0.232968 1.46234e-19)
(0.476269 0.0642472 -5.47668e-20)
(2.52442 0.348546 7.52703e-19)
(2.54973 0.364589 -1.12152e-18)
(2.56742 0.377653 1.65377e-19)
(2.57124 0.387112 2.21168e-18)
(2.54227 0.388407 1.06987e-18)
(2.44237 0.372877 -2.30867e-18)
(2.21398 0.328577 -2.12408e-18)
(1.7951 0.245345 8.87686e-19)
(1.16192 0.130259 -3.90291e-20)
(0.389836 0.023308 -1.01786e-19)
(0.545337 0.401734 -1.66392e-19)
(0.504602 0.415461 -1.63118e-19)
(0.458765 0.430067 7.26007e-20)
(0.408458 0.445702 -2.35955e-19)
(0.353361 0.462224 -1.97348e-20)
(0.292629 0.478182 2.14034e-19)
(0.225283 0.487619 3.3942e-20)
(0.151777 0.473509 4.24185e-21)
(0.0791979 0.399107 2.03763e-20)
(0.0161617 0.203388 1.30689e-20)
(0.589297 0.508861 1.32729e-19)
(0.549603 0.529271 1.69129e-19)
(0.505661 0.551151 4.67416e-20)
(0.457668 0.574653 -4.9349e-20)
(0.404977 0.599519 -2.15283e-19)
(0.346467 0.623762 -1.67344e-20)
(0.280446 0.639497 5.20357e-20)
(0.205482 0.624177 4.11534e-20)
(0.124879 0.528568 -1.25345e-19)
(0.0398039 0.270688 -4.33526e-20)
(0.65097 0.608261 -1.09476e-19)
(0.612598 0.634454 -9.54561e-20)
(0.571092 0.662601 9.53063e-20)
(0.526192 0.693182 6.52201e-20)
(0.476964 0.726056 -7.96514e-20)
(0.421964 0.758778 -1.82813e-20)
(0.358425 0.781457 -1.10531e-19)
(0.282035 0.765883 -8.4538e-20)
(0.190211 0.650463 -7.06981e-20)
(0.0736346 0.333591 2.83567e-22)
(0.73011 0.704047 3.17409e-20)
(0.693626 0.736666 -5.50546e-20)
(0.655478 0.771089 -7.82081e-20)
(0.614422 0.808017 -6.35888e-20)
(0.569103 0.847455 -6.59677e-20)
(0.517893 0.886633 -7.74686e-21)
(0.456981 0.913869 -2.89934e-19)
(0.378586 0.895918 6.37396e-20)
(0.272449 0.760542 -3.27532e-19)
(0.116123 0.389444 4.9236e-20)
(0.822138 0.783145 9.63161e-21)
(0.788294 0.820734 1.56297e-20)
(0.754841 0.860689 -4.99475e-20)
(0.719641 0.904058 -2.74132e-19)
(0.680534 0.950608 1.27093e-19)
(0.635086 0.996882 4.58026e-20)
(0.57786 1.02941 3.70483e-20)
(0.496831 1.01021 -1.89662e-19)
(0.372415 0.857133 3.95264e-19)
(0.167128 0.437582 2.86934e-19)
(0.930465 0.861629 -9.77714e-20)
(0.898178 0.903651 -1.91078e-19)
(0.86795 0.946857 1.2956e-20)
(0.837092 0.993744 1.00912e-19)
(0.803409 1.04465 3.76211e-19)
(0.763929 1.09542 2.79691e-19)
(0.711044 1.13036 6.65615e-19)
(0.627457 1.10713 2.72847e-19)
(0.482984 0.936071 1.47159e-19)
(0.223393 0.475167 2.07936e-19)
(1.04485 0.91332 -1.08599e-19)
(1.01883 0.96013 6.28097e-19)
(0.996526 1.00785 4.13055e-19)
(0.973325 1.05902 -5.35675e-19)
(0.946474 1.11423 -2.68117e-19)
(0.912922 1.16928 6.92394e-19)
(0.863443 1.20698 -1.07589e-19)
(0.775179 1.18102 -4.70556e-19)
(0.606182 0.995302 2.89716e-20)
(0.284685 0.501665 2.59361e-19)
(1.16577 0.966623 3.108e-19)
(1.13981 1.01377 5.93891e-20)
(1.12232 1.06181 -7.8746e-19)
(1.10735 1.11481 1.75066e-19)
(1.09009 1.17241 6.08374e-19)
(1.06542 1.22904 -3.32536e-19)
(1.02118 1.26583 -1.05685e-19)
(0.928397 1.23383 -1.93156e-19)
(0.733269 1.0335 1.95146e-20)
(0.347018 0.515832 -3.01182e-19)
(1.29631 0.984147 1.82365e-20)
(1.28099 1.03499 -5.77069e-19)
(1.27079 1.0839 -4.89308e-21)
(1.26135 1.13792 4.95181e-19)
(1.24994 1.19798 -5.15473e-19)
(1.23127 1.25737 1.00756e-18)
(1.18997 1.29484 6.75701e-19)
(1.08984 1.25874 -9.93795e-19)
(0.864542 1.04803 -7.90803e-20)
(0.40942 0.517308 -3.32835e-19)
(1.39864 0.994 -3.50298e-19)
(1.39525 1.04582 -3.29595e-19)
(1.40274 1.09644 3.04813e-19)
(1.40827 1.15107 8.12595e-19)
(1.4084 1.21035 2.89908e-19)
(1.39828 1.26794 -8.36077e-19)
(1.36035 1.30187 1.10821e-19)
(1.25163 1.25935 2.26122e-19)
(0.993927 1.0403 -3.03308e-19)
(0.469112 0.506887 -2.35528e-19)
(0.996228 0.0111527 6.11302e-22)
(1.01067 0.0414609 -1.76036e-20)
(1.02334 0.0515516 -1.35599e-20)
(1.02583 0.0758751 0)
(1.02389 0.0921355 1.59419e-20)
(1.02172 0.117476 2.31419e-20)
(0.999192 0.160175 3.09752e-20)
(0.958197 0.199518 7.06735e-20)
(0.875369 0.264806 -1.09733e-19)
(0.722986 0.333078 -1.57239e-19)
(0.997121 0.00926627 3.62754e-20)
(1.00838 0.0390844 -5.68373e-20)
(1.02289 0.0495198 2.06158e-22)
(1.02376 0.0755546 -1.70181e-20)
(1.02399 0.092499 8.08018e-21)
(1.02244 0.121934 -1.197e-20)
(1.00189 0.169154 -7.21308e-20)
(0.968065 0.218358 0)
(0.887936 0.301909 2.286e-19)
(0.759739 0.403188 -2.60397e-19)
(0.997627 0.00760721 -2.61435e-20)
(1.0071 0.0369876 1.5708e-20)
(1.02235 0.0472755 3.56982e-20)
(1.0235 0.0757063 9.05588e-21)
(1.02441 0.0923151 -1.96888e-20)
(1.02604 0.127036 1.15426e-21)
(1.00546 0.177283 -5.08525e-20)
(0.982746 0.237265 -6.4242e-21)
(0.90354 0.337304 1.91124e-22)
(0.810815 0.470428 7.03446e-19)
(0.997818 0.00607835 -2.92379e-20)
(1.00663 0.0351818 2.18928e-21)
(1.02188 0.0447103 2.91998e-20)
(1.02482 0.076353 1.93201e-20)
(1.02533 0.0914342 -9.92586e-21)
(1.03218 0.132875 -1.42852e-20)
(1.01005 0.184247 7.43513e-20)
(1.00209 0.256813 -2.03111e-21)
(0.921746 0.36982 -2.54608e-19)
(0.876038 0.53339 8.69894e-20)
(0.997799 0.00460074 2.0237e-20)
(1.00668 0.0336259 -2.90288e-20)
(1.02175 0.0417761 -2.34477e-20)
(1.02734 0.0774194 1.15197e-20)
(1.02709 0.0898249 0)
(1.04025 0.139383 0)
(1.01644 0.189953 6.33981e-20)
(1.02448 0.27695 7.29671e-22)
(0.945184 0.399378 -1.17178e-19)
(0.951062 0.590206 9.13244e-20)
(0.997682 0.00312025 5.68239e-21)
(1.00697 0.0322245 2.32702e-20)
(1.02228 0.0384708 -6.42068e-20)
(1.03069 0.0787499 -2.23761e-20)
(1.03006 0.0875346 -5.3601e-22)
(1.04983 0.146485 6.13685e-20)
(1.02477 0.194189 9.82901e-20)
(1.05053 0.298256 -4.62462e-22)
(0.970231 0.423722 1.94022e-19)
(1.04315 0.647226 -2.14351e-19)
(0.997549 0.00162906 -2.17975e-20)
(1.00728 0.0308424 1.22617e-20)
(1.02378 0.0348312 -1.77173e-20)
(1.03446 0.0801435 -4.78464e-20)
(1.03471 0.0846929 1.711e-21)
(1.06016 0.153912 -1.55288e-21)
(1.03644 0.197225 -5.1905e-21)
(1.07693 0.319937 -2.13645e-19)
(1.00614 0.44385 1.43452e-19)
(1.12878 0.687842 -5.30552e-19)
(0.997435 0.000133669 -3.69397e-21)
(1.00751 0.0293165 -3.52731e-20)
(1.02644 0.0309166 3.58633e-20)
(1.0384 0.0813977 2.55442e-20)
(1.04129 0.0814721 8.95813e-22)
(1.071 0.161233 -7.17457e-20)
(1.05126 0.199464 -5.55032e-20)
(1.1059 0.342069 3.82957e-19)
(1.04145 0.461124 1.43275e-20)
(1.24565 0.746212 8.33636e-19)
(0.997335 -0.00134083 1.48555e-20)
(1.0077 0.0274893 1.60327e-20)
(1.03028 0.0268188 4.22344e-20)
(1.04248 0.0823908 -2.81732e-20)
(1.04981 0.0779362 -7.4441e-20)
(1.08194 0.16859 1.03945e-21)
(1.07027 0.199029 -7.68379e-20)
(1.13465 0.362275 4.98126e-19)
(1.09702 0.460664 -8.82233e-21)
(1.31433 0.762928 -1.15694e-18)
(0.997253 -0.00273061 3.40501e-22)
(1.00796 0.0252231 2.50013e-20)
(1.03505 0.0229342 1.39105e-20)
(1.04708 0.082737 -5.65911e-20)
(1.05899 0.0760402 -7.31248e-20)
(1.09243 0.175721 -6.11758e-20)
(1.08996 0.206821 -1.41973e-19)
(1.15945 0.38553 -4.50421e-19)
(1.15502 0.488374 -2.43421e-19)
(1.45225 0.832546 -1.21477e-18)
(0.997356 -0.00507754 -1.06484e-21)
(1.0078 0.0217952 -5.46454e-21)
(1.04211 0.0152312 -1.60623e-20)
(1.05414 0.0822055 3.1298e-20)
(1.07037 0.0662232 5.55126e-20)
(1.11306 0.179616 -4.00377e-20)
(1.11175 0.190411 1.38564e-19)
(1.20487 0.394813 -4.1579e-19)
(1.21685 0.426204 -1.87049e-19)
(1.46583 0.823729 6.35833e-19)
(0.99803 -0.00855438 1.0808e-21)
(1.00694 0.016351 1.03575e-20)
(1.05379 0.00272561 -1.11397e-20)
(1.0597 0.0794326 5.74967e-20)
(1.0894 0.0488014 9.55891e-20)
(1.13219 0.176133 1.1852e-19)
(1.15062 0.164015 3.16956e-20)
(1.23197 0.379729 1.97845e-19)
(1.31504 0.374071 3.08288e-19)
(1.48553 0.72257 2.7533e-20)
(0.997799 -0.0119594 -1.39525e-21)
(1.00812 0.00849243 -3.88115e-21)
(1.06815 -0.00954798 3.82769e-21)
(1.06223 0.0743083 4.24704e-21)
(1.11642 0.0307059 2.92926e-34)
(1.14376 0.167648 -6.88523e-21)
(1.19638 0.138766 -4.97744e-34)
(1.24703 0.353033 1.83071e-20)
(1.38981 0.317248 -5.55218e-20)
(1.5261 0.63032 -5.62038e-20)
(0.994997 -0.0160211 1.45443e-20)
(1.01537 -0.0024023 -4.39481e-35)
(1.07974 -0.0205118 -4.349e-21)
(1.06889 0.0642842 -2.41196e-20)
(1.14405 0.0140718 -4.83528e-20)
(1.15572 0.155388 -4.02365e-20)
(1.23221 0.115208 -6.3734e-34)
(1.26917 0.321419 -7.59927e-20)
(1.42835 0.261366 -1.42232e-19)
(1.56301 0.538417 9.43487e-20)
(0.989069 -0.0215854 0)
(1.0309 -0.01596 2.03542e-35)
(1.08499 -0.0299526 0)
(1.08795 0.0475151 0)
(1.16565 -0.000137518 0)
(1.17567 0.137573 0)
(1.25328 0.0944899 -4.48059e-34)
(1.30104 0.282348 0)
(1.44301 0.213791 -1.96479e-20)
(1.59176 0.442644 5.58752e-20)
(0.98059 -0.0292766 2.56553e-21)
(1.05332 -0.0300197 2.11338e-21)
(1.08648 -0.0382668 -5.38549e-21)
(1.11957 0.0272431 0)
(1.17994 -0.00953563 0)
(1.20074 0.116337 6.03116e-21)
(1.26746 0.0776392 4.20992e-20)
(1.33263 0.238045 -1.31417e-20)
(1.45781 0.172381 -2.86597e-20)
(1.61481 0.349412 2.1572e-19)
(0.971477 -0.043814 -8.05483e-20)
(1.08036 -0.0505133 1.80733e-21)
(1.0875 -0.0523855 -5.96679e-21)
(1.15449 -0.00149406 -1.48997e-20)
(1.17626 -0.0181476 -2.94669e-20)
(1.21583 0.0896094 -1.3157e-20)
(1.26749 0.0612664 -3.51924e-20)
(1.35257 0.189015 -2.95732e-20)
(1.46954 0.133727 -5.45081e-20)
(1.62871 0.263138 6.70284e-20)
(0.964605 -0.0512517 -5.65936e-21)
(1.10248 -0.0590315 -1.7996e-20)
(1.07288 -0.0553989 -6.56349e-21)
(1.15496 -0.0187247 -5.02545e-21)
(1.10989 -0.0156531 -4.68979e-35)
(1.18761 0.0634857 6.33689e-21)
(1.20435 0.0462016 -8.29342e-34)
(1.33599 0.136536 -1.26889e-20)
(1.42903 0.0961399 1.78647e-20)
(1.61713 0.182673 2.55632e-20)
(0.958614 -0.0924594 1.96528e-19)
(1.05806 -0.0890114 -4.91805e-21)
(0.961359 -0.073542 -7.06742e-21)
(0.995964 -0.0351047 1.3568e-20)
(0.885745 -0.0122534 1.65396e-20)
(1.00425 0.0340563 1.44056e-20)
(0.978157 0.0299053 1.48918e-20)
(1.17283 0.0796264 -8.9127e-21)
(1.22688 0.0597233 -1.97017e-20)
(1.47276 0.103991 1.38927e-19)
(0.827153 -0.0463707 8.2063e-21)
(0.73036 -0.0337536 -9.34509e-35)
(0.534551 -0.0183241 -8.21145e-21)
(0.476806 -0.0027135 0)
(0.40161 0.000574431 0)
(0.480373 0.00937481 6.24207e-21)
(0.47658 0.00548953 -5.08275e-36)
(0.621074 0.0174393 -1.22492e-20)
(0.677913 0.0098441 -2.62011e-20)
(0.864165 0.0184118 5.514e-20)
(1.67382 0.84657 -1.91611e-19)
(1.77465 0.828292 -2.82663e-19)
(1.89205 0.792795 0)
(2.00036 0.749768 1.58103e-19)
(2.10117 0.689355 6.69003e-19)
(2.19112 0.624783 -1.15549e-19)
(2.27115 0.548385 1.70885e-18)
(2.34552 0.472106 -8.42928e-20)
(2.4049 0.389923 -3.70342e-19)
(2.46246 0.312763 3.26031e-19)
(1.70028 0.694745 9.86739e-20)
(1.77359 0.680483 1.12378e-19)
(1.87268 0.645174 -1.43763e-20)
(1.95507 0.608097 2.19265e-19)
(2.0512 0.551334 -1.78794e-19)
(2.11592 0.502264 -4.14123e-19)
(2.20095 0.435992 -1.25998e-19)
(2.24875 0.38386 5.6466e-19)
(2.32624 0.314227 -2.1719e-20)
(2.35438 0.264069 -4.79481e-19)
(1.73145 0.579192 9.6269e-20)
(1.79573 0.55944 1.81326e-19)
(1.87979 0.527379 -3.6394e-19)
(1.94375 0.495883 8.0701e-20)
(2.0325 0.449051 5.02036e-19)
(2.07964 0.410468 -2.81176e-19)
(2.16816 0.356181 -6.06013e-19)
(2.19343 0.316557 -2.32918e-19)
(2.28399 0.258476 3.53811e-19)
(2.28298 0.219587 -2.66776e-19)
(1.74765 0.481809 3.42265e-20)
(1.81079 0.458842 0)
(1.88298 0.430708 2.65025e-20)
(1.94094 0.402242 1.99506e-19)
(2.01497 0.365367 3.53348e-19)
(2.05973 0.331319 1.73337e-19)
(2.13531 0.288711 -8.64536e-20)
(2.16173 0.252481 -2.61648e-19)
(2.23998 0.208155 1.7626e-19)
(2.24493 0.171653 9.18904e-20)
(1.75884 0.391905 7.20762e-21)
(1.81973 0.37012 -7.47585e-20)
(1.88201 0.345786 -1.44588e-19)
(1.93715 0.319899 7.03187e-20)
(1.99624 0.290534 8.40002e-22)
(2.04273 0.260173 1.09933e-19)
(2.10086 0.22736 1.90005e-19)
(2.13685 0.194668 -1.95908e-19)
(2.19394 0.161979 2.69836e-21)
(2.21743 0.128139 2.40018e-19)
(1.76366 0.307924 -2.41426e-19)
(1.81959 0.289079 -3.17263e-19)
(1.8739 0.268539 6.10373e-20)
(1.92481 0.245892 2.49342e-19)
(1.97388 0.222022 -5.03253e-20)
(2.01974 0.196024 -1.04545e-19)
(2.06672 0.170311 1.55176e-19)
(2.108 0.142435 -7.8963e-20)
(2.15192 0.117268 -1.89656e-19)
(2.18638 0.0883292 -9.44202e-20)
(1.7578 0.231139 4.75902e-20)
(1.8073 0.215573 6.71506e-21)
(1.85488 0.198293 -9.77053e-21)
(1.90077 0.178795 1.68752e-19)
(1.94357 0.158904 2.46723e-19)
(1.98657 0.137193 -2.62803e-19)
(2.02736 0.116633 -1.03486e-19)
(2.0684 0.0938933 1.84842e-19)
(2.10574 0.0739697 1.41981e-19)
(2.14248 0.0506028 4.58552e-20)
(1.72296 0.158587 -1.53492e-19)
(1.76376 0.145859 1.13826e-20)
(1.80292 0.131152 3.24443e-19)
(1.84137 0.114505 7.3513e-21)
(1.87666 0.097899 -8.75527e-20)
(1.91314 0.0804495 1.54882e-20)
(1.94605 0.0644151 -1.39151e-19)
(1.98123 0.0471043 6.21919e-20)
(2.01005 0.0321445 1.02722e-19)
(2.04258 0.0149665 1.3764e-19)
(1.55471 0.0867027 -2.84029e-19)
(1.58347 0.0764782 -1.90445e-20)
(1.61007 0.0643082 2.01228e-19)
(1.63504 0.0511499 -1.04467e-19)
(1.65693 0.0384604 -1.95721e-19)
(1.67821 0.0262351 -2.87275e-20)
(1.69567 0.0152367 1.76653e-19)
(1.71366 0.00437089 1.01612e-19)
(1.72589 -0.00502608 -1.75369e-20)
(1.74109 -0.0147766 -2.09149e-20)
(0.92347 0.00988965 2.94475e-20)
(0.936014 0.00374511 -3.0272e-21)
(0.943674 -0.00206119 2.03957e-21)
(0.947032 -0.00692092 0)
(0.945929 -0.0103825 2.68905e-19)
(0.940776 -0.0125061 1.26448e-21)
(0.932036 -0.0135459 -1.86914e-19)
(0.920937 -0.0138781 1.22651e-19)
(0.90768 -0.013693 -1.7576e-19)
(0.893983 -0.0133002 -1.57509e-19)
(0.571051 0.0118434 -4.1461e-20)
(1.4357 -0.0194326 3.45936e-19)
(1.98418 -0.04577 -1.41453e-20)
(2.26597 -0.0534025 -7.98868e-20)
(2.37765 -0.0454623 2.28377e-19)
(2.39788 -0.0291516 1.77929e-19)
(2.36953 -0.00979126 0)
(2.30308 0.00921594 5.2109e-19)
(2.18233 0.0247056 -1.00356e-18)
(1.96454 0.0322383 -5.46344e-20)
(0.474913 0.045219 -1.26392e-20)
(1.29352 0.0596935 1.13298e-19)
(1.87871 0.0515579 1.69342e-20)
(2.21629 0.0445996 1.04245e-20)
(2.37269 0.045525 2.188e-19)
(2.42068 0.0522181 -3.35736e-19)
(2.40706 0.0612256 -2.7588e-19)
(2.34747 0.0692261 -1.37392e-19)
(2.22878 0.0728347 5.09809e-19)
(2.01101 0.0678113 -5.53481e-19)
(0.365065 0.0620518 2.95736e-20)
(1.0981 0.115236 5.43194e-21)
(1.70298 0.12889 -1.58482e-19)
(2.10119 0.127733 2.20159e-19)
(2.31616 0.125514 1.16982e-18)
(2.40591 0.125213 7.08887e-19)
(2.41835 0.126032 -8.28409e-19)
(2.3759 0.125542 -8.26907e-19)
(2.27361 0.121146 -8.39261e-21)
(2.07915 0.107943 2.11661e-19)
(0.254368 0.0623209 4.48377e-20)
(0.864284 0.141005 2.15199e-19)
(1.45752 0.177913 -3.4529e-19)
(1.91108 0.188737 -2.95877e-19)
(2.19629 0.189077 -1.49635e-21)
(2.34453 0.18601 -1.6304e-19)
(2.39877 0.18173 5.30871e-19)
(2.38774 0.175355 -3.74986e-21)
(2.31552 0.164961 -7.63027e-19)
(2.16344 0.14732 -2.31826e-19)
(0.155469 0.0496307 3.04177e-20)
(0.618261 0.135964 2.29353e-19)
(1.15513 0.192543 -3.62809e-19)
(1.63936 0.220732 -1.70823e-19)
(1.99721 0.230575 3.37678e-19)
(2.22025 0.230409 -2.77014e-21)
(2.33429 0.225315 -3.18015e-19)
(2.36863 0.216708 -5.01219e-21)
(2.34054 0.205906 8.2932e-20)
(2.24347 0.18751 -9.22133e-20)
(0.0774986 0.0300508 1.1767e-19)
(0.392002 0.10657 -1.3149e-19)
(0.828718 0.172616 -1.31928e-19)
(1.2948 0.218801 3.31068e-19)
(1.70293 0.244855 -2.03967e-19)
(2.00757 0.255095 4.09216e-20)
(2.20242 0.255261 1.48096e-20)
(2.30431 0.248866 -1.94175e-19)
(2.32864 0.238714 -4.46213e-21)
(2.2986 0.228957 1.8463e-19)
(0.0237561 0.00970469 2.48131e-20)
(0.210769 0.0646495 -1.29117e-19)
(0.525299 0.126643 2.59879e-19)
(0.918009 0.183265 1.58043e-19)
(1.32237 0.22614 -1.97862e-19)
(1.68089 0.252809 1.08742e-20)
(1.96092 0.265064 3.42075e-19)
(2.15131 0.266438 -2.66727e-19)
(2.26151 0.261879 -1.4343e-19)
(2.2983 0.252333 6.9853e-20)
(-0.00804144 -0.00721221 5.88036e-20)
(0.0842098 0.0221971 1.60886e-19)
(0.283358 0.0697395 8.61092e-20)
(0.570532 0.124717 -2.42806e-19)
(0.91152 0.176766 -1.95251e-20)
(1.26316 0.218698 4.00873e-20)
(1.58625 0.248294 -7.99541e-20)
(1.85779 0.263659 -5.05685e-20)
(2.05102 0.270877 8.49281e-21)
(2.20815 0.282384 -5.23117e-20)
(-0.0234405 -0.0190327 -2.14741e-20)
(0.00728914 -0.0126719 -1.6981e-21)
(0.11643 0.0164257 -2.90098e-20)
(0.299203 0.0599142 -6.52774e-20)
(0.544839 0.10928 -2.19868e-20)
(0.832459 0.157228 -9.0525e-20)
(1.13512 0.198285 -8.09738e-20)
(1.42763 0.231736 8.1109e-20)
(1.69452 0.245811 2.29245e-20)
(1.86346 0.268246 1.0726e-20)
(-0.0279855 -0.0254845 -3.32054e-20)
(-0.0319508 -0.0353682 0)
(0.016279 -0.0225785 -2.32444e-20)
(0.116479 0.00576752 -2.48875e-20)
(0.268575 0.0435016 1.05533e-19)
(0.46729 0.0855527 3.00194e-21)
(0.70181 0.126747 -7.48564e-20)
(0.952413 0.16728 -6.81412e-20)
(1.23317 0.195113 9.0707e-22)
(1.39641 0.200569 -8.69287e-20)
(-0.025282 -0.0260657 7.59025e-21)
(-0.0449435 -0.0439751 0)
(-0.0334832 -0.0430152 -4.68645e-20)
(0.0101876 -0.0292786 2.74512e-20)
(0.0889966 -0.00696355 4.69843e-20)
(0.204339 0.0209986 1.18256e-20)
(0.354477 0.0520455 -1.42609e-20)
(0.532343 0.084797 -6.77425e-20)
(0.732296 0.119345 -5.75739e-20)
(0.988681 0.152627 -8.99006e-20)
(-0.0188214 -0.0221728 -5.6468e-21)
(-0.0409042 -0.0434419 -1.73881e-20)
(-0.0464877 -0.0519761 1.7714e-22)
(-0.0343519 -0.0513804 5.84113e-21)
(-0.00198747 -0.0438571 -7.05519e-21)
(0.0528617 -0.0304011 4.9658e-20)
(0.131641 -0.0114017 -5.82619e-20)
(0.234421 0.0138441 3.15865e-20)
(0.360324 0.0512984 1.55829e-19)
(0.556179 0.107073 -9.87855e-20)
(-0.0139168 -0.0206162 1.03305e-21)
(-0.0313086 -0.0482642 3.81955e-21)
(-0.0386083 -0.0672501 1.65891e-20)
(-0.0355636 -0.0784683 -8.56777e-21)
(-0.0213946 -0.0824506 -3.18538e-20)
(0.004995 -0.0793647 9.11583e-21)
(0.0449968 -0.0689334 1.73802e-20)
(0.10054 -0.0498663 -6.68929e-21)
(0.175734 -0.0189212 -3.53048e-22)
(0.288124 0.0288474 -9.24709e-21)
(-0.0140601 -0.027313 -5.23846e-22)
(-0.0285261 -0.0666982 -9.65828e-22)
(-0.0342732 -0.0956712 8.87946e-22)
(-0.0323778 -0.115838 -1.73508e-21)
(-0.0231161 -0.127942 -6.1826e-21)
(-0.00613978 -0.13252 9.99539e-22)
(0.0191988 -0.129933 8.21959e-22)
(0.0541628 -0.120242 -2.59047e-20)
(0.10191 -0.10329 -3.87993e-20)
(0.167806 -0.0772936 6.13972e-21)
(-0.0160536 -0.0374412 -1.3061e-20)
(-0.0327247 -0.0844653 -9.92797e-21)
(-0.0429933 -0.115462 7.98862e-21)
(-0.0484413 -0.136198 8.06427e-21)
(-0.0490931 -0.149319 5.92015e-20)
(-0.0443094 -0.156375 -6.43568e-22)
(-0.0333892 -0.158512 -9.74374e-20)
(-0.0154454 -0.156698 -2.92678e-20)
(0.0113923 -0.151961 5.83854e-21)
(0.0507782 -0.144914 6.93464e-20)
(-0.0150516 -0.039533 1.76339e-20)
(-0.0368951 -0.0792499 2.8239e-21)
(-0.0582459 -0.100865 -6.80188e-20)
(-0.0788003 -0.114356 3.40465e-20)
(-0.0967913 -0.123651 6.09431e-20)
(-0.11092 -0.13037 -1.30231e-19)
(-0.120367 -0.135392 1.27198e-19)
(-0.12435 -0.139198 1.79241e-19)
(-0.121448 -0.141918 -1.49792e-19)
(-0.109532 -0.143468 5.87039e-21)
(-0.010211 -0.0240757 -2.37751e-20)
(-0.0398495 -0.036563 5.40206e-20)
(-0.0776514 -0.0397787 1.69751e-19)
(-0.118932 -0.0431936 -8.32055e-20)
(-0.158925 -0.0486075 -1.79603e-19)
(-0.195587 -0.0554498 7.04162e-22)
(-0.227818 -0.0630612 3.96758e-19)
(-0.254431 -0.0709197 2.58517e-21)
(-0.275072 -0.0783474 -6.48211e-19)
(-0.296215 -0.0838385 -2.80027e-19)
(-0.00289512 0.019151 -1.38431e-22)
(-0.0407364 0.0558383 -7.03662e-20)
(-0.0952534 0.076328 -1.46885e-19)
(-0.157199 0.082365 1.56053e-20)
(-0.218906 0.0796569 1.26516e-19)
(-0.277897 0.07273 5.09098e-20)
(-0.333107 0.0638497 0)
(-0.383743 0.0540626 -1.99213e-19)
(-0.431634 0.0442816 1.73909e-21)
(-0.484208 0.0356279 3.32279e-19)
(0.00150963 0.085704 -3.70761e-20)
(-0.0427862 0.186601 -1.3633e-19)
(-0.109374 0.232638 -1.33069e-19)
(-0.184897 0.24616 1.69426e-19)
(-0.259866 0.244565 1.53178e-19)
(-0.331949 0.237202 -5.86504e-20)
(-0.400371 0.227521 3.17718e-19)
(-0.464871 0.21645 2.86883e-19)
(-0.528112 0.204488 -4.67993e-19)
(-0.596097 0.192355 -4.15321e-19)
(-0.0018919 0.158065 4.43759e-20)
(-0.0500784 0.328042 3.75126e-20)
(-0.120264 0.400872 7.69286e-20)
(-0.198893 0.421675 7.04333e-20)
(-0.276428 0.420571 -7.20666e-20)
(-0.350748 0.411894 -8.24539e-20)
(-0.421198 0.400257 3.44381e-20)
(-0.487646 0.38649 -6.32563e-20)
(-0.552711 0.370762 2.45319e-19)
(-0.621389 0.353567 3.30358e-19)
(1.07069 0.149405 7.80295e-19)
(1.83356 0.545214 9.90308e-21)
(1.56538 0.577351 1.26237e-19)
(1.21048 0.229968 3.94159e-19)
(1.18984 -0.0763239 -2.60338e-19)
(1.15988 -0.146799 -1.52698e-20)
(1.09425 -0.106652 -5.87715e-21)
(1.0616 -0.0571583 -1.37955e-21)
(1.02996 -0.0317588 1.01204e-20)
(1.0462 -0.0198382 0)
(0.615683 0.0758785 2.97533e-19)
(1.57241 0.529606 4.14089e-20)
(1.48477 0.602754 6.26835e-20)
(1.26187 0.220401 1.06041e-18)
(1.2354 -0.0860457 -5.10602e-19)
(1.1599 -0.136394 3.0915e-21)
(1.07536 -0.0898518 -1.09488e-21)
(1.04702 -0.0457885 -5.90291e-21)
(1.02395 -0.0284609 -4.97023e-22)
(1.05198 -0.0218257 -2.32127e-21)
(0.358846 -0.0339289 -5.22473e-19)
(1.25431 0.475332 -7.95066e-21)
(1.29663 0.594556 -2.06092e-19)
(1.19442 0.200899 -3.08825e-19)
(1.14681 -0.0795531 1.86388e-19)
(1.05177 -0.115891 7.86012e-20)
(0.985006 -0.0744872 -1.21228e-20)
(0.990606 -0.0402627 -2.20911e-20)
(0.994249 -0.0307034 1.37998e-20)
(1.04443 -0.0265469 -4.18759e-21)
(0.222377 -0.119598 -3.93634e-19)
(0.875092 0.414467 2.48365e-20)
(1.00976 0.56164 5.75484e-20)
(0.99267 0.172381 -5.02987e-19)
(0.93163 -0.0704498 -1.46454e-19)
(0.867324 -0.101028 3.56655e-20)
(0.861746 -0.0725237 -4.30912e-20)
(0.922965 -0.0467642 -6.36225e-22)
(0.960956 -0.041163 1.11103e-20)
(1.03454 -0.0347718 -6.08481e-22)
(0.0546849 -0.16109 2.29317e-19)
(0.428219 0.366443 2.10242e-20)
(0.667689 0.508873 3.43806e-20)
(0.662507 0.143132 -1.55895e-19)
(0.653663 -0.065125 -1.84801e-19)
(0.682173 -0.10412 -6.21024e-20)
(0.759184 -0.0898115 3.3847e-20)
(0.872798 -0.0660326 1.35252e-21)
(0.938291 -0.0590133 2.61811e-23)
(1.02838 -0.0459466 4.43973e-21)
(-0.200721 -0.156612 6.76756e-20)
(-0.0650674 0.324967 2.44618e-19)
(0.256297 0.449941 -2.05468e-19)
(0.27923 0.110872 -3.78967e-20)
(0.42927 -0.0887956 1.31487e-19)
(0.565131 -0.135278 -2.06656e-20)
(0.706421 -0.124569 1.17953e-19)
(0.850458 -0.0943266 -7.01639e-22)
(0.930059 -0.0814059 3.15269e-21)
(1.02741 -0.0588362 0)
(-0.520007 -0.095962 1.87785e-19)
(-0.569209 0.296462 -2.80577e-19)
(-0.156538 0.378936 -3.94495e-20)
(0.0165239 0.0449519 1.44058e-19)
(0.322618 -0.151073 3.21768e-20)
(0.523556 -0.186489 -7.31629e-20)
(0.696483 -0.167976 -5.31222e-20)
(0.849844 -0.126165 3.06061e-20)
(0.932898 -0.105303 -8.47417e-23)
(1.0305 -0.0722608 -2.43198e-21)
(-0.802673 0.0144316 -1.15428e-19)
(-0.960124 0.258134 -1.78964e-20)
(-0.403294 0.251514 -1.10113e-19)
(-0.076262 -0.0584985 -2.32026e-20)
(0.298918 -0.234175 5.34709e-21)
(0.527282 -0.245796 -9.22958e-21)
(0.710326 -0.213721 -4.63049e-20)
(0.861342 -0.158319 -7.94654e-22)
(0.942359 -0.128975 6.56155e-21)
(1.0362 -0.0855131 3.20829e-21)
(-0.954134 0.144769 7.26236e-20)
(-1.13543 0.192576 5.23087e-19)
(-0.47751 0.0794039 -7.05041e-20)
(-0.0717981 -0.176241 -5.91391e-19)
(0.319933 -0.323567 3.9275e-20)
(0.556266 -0.307418 8.96428e-22)
(0.737761 -0.259089 6.65488e-22)
(0.880061 -0.189413 -1.04866e-21)
(0.956195 -0.151606 4.28691e-21)
(1.0437 -0.0981975 4.1008e-21)
(-0.967815 0.268025 -5.47465e-19)
(-1.09882 0.117117 4.56672e-20)
(-0.472419 -0.104587 1.70383e-19)
(-0.00838434 -0.301685 2.52018e-19)
(0.379006 -0.413559 9.15672e-20)
(0.609205 -0.368087 -6.56998e-21)
(0.778897 -0.302223 -1.68624e-21)
(0.9061 -0.218421 -1.59943e-21)
(0.974394 -0.172546 9.45814e-23)
(1.05292 -0.109977 3.7655e-21)
(0.311514 0.00388447 1.70393e-20)
(0.149191 0.00417884 -1.32715e-20)
(-0.0646711 0.00498528 -3.36956e-20)
(-0.16338 0.00508543 -4.94596e-21)
(-0.164908 -0.00171057 5.52824e-20)
(-0.0509533 -0.0077701 4.80032e-21)
(0.0746449 -0.00610843 -1.61824e-20)
(0.151923 -0.00285858 -4.24306e-22)
(0.184499 -0.00102423 -5.14547e-22)
(0.203036 -0.000350556 1.0653e-21)
(1.17635 0.0860603 5.62786e-20)
(0.721342 0.106594 7.64126e-20)
(0.142029 0.0745111 2.15288e-20)
(-0.103351 0.0233602 -1.89593e-21)
(-0.0582272 -0.0284896 2.50305e-20)
(0.131799 -0.057231 1.49814e-20)
(0.31874 -0.0464745 4.77864e-21)
(0.443328 -0.0245435 -8.69197e-22)
(0.498176 -0.0108456 2.66291e-21)
(0.536198 -0.00414302 1.50309e-21)
(1.86597 0.179099 -3.33374e-20)
(1.42506 0.273773 7.77846e-21)
(0.61211 0.199724 -1.12757e-20)
(0.211398 0.0567485 1.67587e-34)
(0.264974 -0.0619773 1.69916e-20)
(0.427579 -0.107946 0)
(0.573158 -0.0873274 -6.93132e-21)
(0.682824 -0.048493 2.2475e-34)
(0.731558 -0.0233588 1.4476e-36)
(0.775606 -0.00982467 1.42496e-21)
(2.06363 0.224553 -3.85116e-19)
(1.94423 0.442624 -6.20577e-21)
(1.14582 0.366857 0)
(0.654849 0.114126 1.52974e-19)
(0.671388 -0.0850215 0)
(0.762646 -0.141323 0)
(0.82144 -0.112604 0)
(0.874605 -0.0642556 -9.49694e-21)
(0.892954 -0.0329044 3.44652e-22)
(0.927538 -0.0152569 -2.78886e-21)
(1.72525 0.210069 4.77639e-19)
(2.0523 0.52223 -9.29609e-21)
(1.53983 0.510417 0)
(1.06437 0.203621 -2.89332e-19)
(1.02598 -0.0727436 4.19845e-19)
(1.0406 -0.147451 0)
(1.01744 -0.115659 0)
(1.01026 -0.0656964 -5.59792e-21)
(0.992692 -0.035103 -2.69153e-22)
(1.01177 -0.0184469 -6.39888e-23)
(0.260916 0.000423979 -2.62295e-20)
(0.260091 0.000239959 -1.99612e-20)
(0.273124 0.000664691 1.33041e-20)
(0.281799 0.00145097 -7.30553e-20)
(0.312615 0.00242224 2.24597e-20)
(0.319543 0.00416543 1.34765e-20)
(0.347968 0.00560029 2.64112e-20)
(0.372077 0.00853734 -1.37678e-20)
(0.37208 0.00876005 9.03201e-21)
(0.429226 0.0209504 3.20424e-20)
(0.715729 0.00679126 -6.19309e-20)
(0.718818 0.00943419 6.36689e-21)
(0.759024 0.0153517 -3.53185e-20)
(0.791754 0.0200137 -6.33606e-20)
(0.89247 0.0291709 1.53544e-20)
(0.91963 0.0404835 2.68028e-20)
(1.0348 0.0443833 -9.32849e-21)
(1.12361 0.0723276 4.62419e-21)
(1.147 0.0624455 -3.8056e-20)
(1.34213 0.113403 -6.52525e-20)
(1.10302 0.0156781 -1.65334e-19)
(1.1166 0.02348 1.39336e-20)
(1.18058 0.0380639 -1.56311e-19)
(1.24262 0.0475845 -2.99855e-21)
(1.39133 0.0717631 3.01447e-20)
(1.43365 0.0893189 6.64486e-21)
(1.64671 0.10654 -1.80082e-20)
(1.68996 0.150679 -1.46102e-20)
(1.82809 0.14284 2.81052e-20)
(1.9649 0.220728 -1.1323e-20)
(1.42193 0.0235991 8.85841e-20)
(1.44906 0.037481 7.59009e-20)
(1.52771 0.0610357 -1.25649e-19)
(1.62089 0.0786472 3.16548e-19)
(1.77015 0.115837 4.80001e-20)
(1.85231 0.137132 -3.42438e-20)
(2.06378 0.178912 5.41996e-20)
(2.03556 0.203374 7.09227e-20)
(2.26469 0.228612 -4.55877e-20)
(2.12255 0.279723 2.26972e-20)
(1.67588 0.0292331 7.49354e-19)
(1.71777 0.051747 -3.17007e-20)
(1.80461 0.0835564 3.35906e-19)
(1.91721 0.113149 5.23623e-19)
(2.04136 0.152981 9.63658e-20)
(2.15784 0.189405 -5.47588e-20)
(2.24533 0.228415 -2.39004e-19)
(2.25148 0.242846 1.64979e-20)
(2.26994 0.288402 9.5894e-20)
(1.80774 0.25759 -1.0755e-20)
(0.968628 -0.45058 4.58173e-20)
(0.95705 -0.489739 -1.73262e-20)
(0.952573 -0.530447 -2.14515e-19)
(0.946766 -0.575337 -1.61983e-19)
(0.935392 -0.624377 4.98066e-19)
(0.9151 -0.674528 1.15216e-19)
(0.876539 -0.714724 -2.19578e-19)
(0.795934 -0.715395 3.11577e-19)
(0.628542 -0.614266 -5.10754e-20)
(0.298729 -0.316515 -2.62497e-19)
(0.89844 -0.415061 -5.36273e-21)
(0.878377 -0.451783 6.16956e-21)
(0.859381 -0.488674 1.04844e-19)
(0.837698 -0.529299 -1.79199e-19)
(0.812066 -0.574789 -4.11559e-19)
(0.780711 -0.622522 6.18321e-20)
(0.735964 -0.661976 6.94313e-20)
(0.658528 -0.665356 -1.7873e-19)
(0.513616 -0.574012 2.51457e-19)
(0.241325 -0.297459 -1.63962e-19)
(0.800962 -0.372539 -3.29673e-20)
(0.771445 -0.404501 0)
(0.743878 -0.437559 3.43141e-20)
(0.715795 -0.47452 1.23424e-19)
(0.685324 -0.515822 -2.36419e-20)
(0.649795 -0.558856 -9.20526e-20)
(0.602576 -0.594486 1.91327e-19)
(0.529312 -0.598383 -2.50482e-20)
(0.405553 -0.517968 -7.68138e-20)
(0.187163 -0.270099 1.67611e-19)
(0.723038 -0.302292 -1.17142e-20)
(0.691095 -0.330109 -3.36506e-21)
(0.659305 -0.359786 -2.30111e-20)
(0.625483 -0.392729 1.90027e-20)
(0.587874 -0.429152 1.28798e-19)
(0.54457 -0.46728 9.05874e-21)
(0.491225 -0.499998 -4.21073e-20)
(0.418361 -0.50691 1.68218e-19)
(0.310556 -0.442468 0)
(0.138305 -0.233078 0)
(0.650081 -0.225192 2.27059e-19)
(0.614396 -0.248402 2.3345e-19)
(0.577232 -0.273274 8.86618e-20)
(0.537249 -0.30075 1.35078e-20)
(0.493376 -0.331078 0)
(0.444385 -0.363015 -5.93688e-20)
(0.387362 -0.391091 -7.19847e-20)
(0.316478 -0.39927 -8.54512e-20)
(0.224066 -0.351221 1.33348e-19)
(0.0938831 -0.187002 3.53223e-20)
(0.592606 -0.13354 -2.20266e-19)
(0.554788 -0.150962 1.34198e-20)
(0.514028 -0.170197 2.02424e-19)
(0.469827 -0.191713 0)
(0.42147 -0.215647 0)
(0.367929 -0.241239 0)
(0.307273 -0.264851 -1.35472e-19)
(0.236676 -0.275258 1.27419e-19)
(0.154972 -0.246202 1.20538e-19)
(0.0575479 -0.133454 3.85782e-20)
(0.548673 -0.03472 4.13174e-19)
(0.509144 -0.0464035 5.54423e-19)
(0.465528 -0.0596069 8.71906e-22)
(0.417909 -0.0744478 -8.59396e-20)
(0.365849 -0.0909825 7.8506e-21)
(0.308527 -0.108904 -1.31967e-19)
(0.244818 -0.126471 4.25172e-20)
(0.174243 -0.137835 1.81363e-19)
(0.100776 -0.128359 -4.59435e-20)
(0.0288746 -0.072502 -2.83014e-20)
(0.521528 0.0711315 1.91521e-19)
(0.480873 0.0656649 3.47261e-22)
(0.435275 0.0591277 -6.91991e-20)
(0.385263 0.051558 6.4095e-20)
(0.330608 0.0428877 -9.21155e-20)
(0.270617 0.0329533 -1.94143e-19)
(0.204661 0.0215907 9.30578e-21)
(0.133758 0.00914265 9.97884e-20)
(0.0653118 -0.00196822 -3.00148e-20)
(0.00989134 -0.00664568 -7.97265e-21)
(0.511514 0.180783 -5.84417e-20)
(0.470284 0.18163 1.98006e-20)
(0.423676 0.18202 6.21032e-20)
(0.372452 0.182062 1.7668e-19)
(0.316455 0.181662 6.53844e-21)
(0.255011 0.180211 5.68452e-21)
(0.18766 0.17561 9.72588e-20)
(0.116091 0.162471 -6.76262e-20)
(0.0494429 0.130364 -2.3056e-20)
(0.00114566 0.062631 -2.29831e-20)
(0.519158 0.291932 -2.2724e-19)
(0.477884 0.299277 2.9222e-21)
(0.43121 0.30686 2.05435e-19)
(0.37993 0.314797 0)
(0.323853 0.322941 8.89989e-20)
(0.262242 0.330221 1.15197e-20)
(0.19449 0.332577 8.95719e-20)
(0.122078 0.318809 3.46157e-20)
(0.0540467 0.265383 9.88021e-20)
(0.00320914 0.133386 5.71608e-20)
(1.9404 -0.00702532 7.34447e-19)
(2.13458 -0.0281888 -1.15856e-19)
(2.24398 -0.0558227 -6.53054e-19)
(2.30819 -0.0860699 6.61701e-19)
(2.34266 -0.116185 -3.80342e-20)
(2.33951 -0.142852 -2.2269e-18)
(2.26007 -0.159451 3.30435e-20)
(2.02519 -0.154283 1.32183e-18)
(1.52006 -0.113538 3.74292e-19)
(0.643574 -0.0346568 3.40361e-19)
(1.91899 -0.0490017 5.3439e-19)
(2.07367 -0.0841256 -6.87469e-19)
(2.16476 -0.123362 -2.10561e-19)
(2.22245 -0.164501 4.45391e-19)
(2.2579 -0.205271 1.39654e-18)
(2.26417 -0.242274 -2.90343e-19)
(2.20705 -0.267894 -2.0952e-18)
(2.01001 -0.266196 3.06881e-19)
(1.54904 -0.213637 -4.73431e-19)
(0.687219 -0.0887753 1.0856e-19)
(1.87945 -0.0993086 3.63754e-19)
(1.99276 -0.146408 8.44757e-19)
(2.06513 -0.194906 -7.08545e-19)
(2.11486 -0.24445 -7.81494e-19)
(2.14815 -0.293773 1.60046e-19)
(2.15837 -0.34034 1.06004e-18)
(2.11529 -0.375 1.99169e-19)
(1.9472 -0.376038 -8.86106e-19)
(1.52946 -0.31216 -1.11048e-19)
(0.701584 -0.144534 -4.62385e-20)
(1.80536 -0.158845 -4.44659e-20)
(1.88762 -0.213714 -2.01854e-19)
(1.94598 -0.268288 6.1484e-19)
(1.98855 -0.323577 -8.97224e-19)
(2.01815 -0.379079 4.34539e-19)
(2.0289 -0.432322 -3.87299e-19)
(1.99397 -0.473442 -7.07836e-19)
(1.84733 -0.478921 1.01414e-18)
(1.46935 -0.404981 -4.26114e-20)
(0.689881 -0.196839 -1.78589e-19)
(1.70411 -0.225904 9.69493e-20)
(1.76769 -0.284134 1.74044e-19)
(1.81526 -0.341355 8.35931e-20)
(1.8498 -0.399382 -1.88942e-19)
(1.87352 -0.458335 1.44954e-19)
(1.88191 -0.515876 1.06766e-18)
(1.85109 -0.561386 -1.31464e-18)
(1.72047 -0.568266 -1.39215e-18)
(1.37792 -0.484909 -8.76316e-21)
(0.65676 -0.24247 -1.46419e-19)
(1.59074 -0.29383 -2.8614e-19)
(1.64123 -0.351826 -5.64503e-19)
(1.67769 -0.408612 -1.06304e-18)
(1.7025 -0.466756 -1.40415e-19)
(1.71882 -0.526864 4.97379e-19)
(1.72315 -0.586515 8.33289e-19)
(1.69382 -0.634317 8.67253e-19)
(1.57569 -0.641318 1.38541e-19)
(1.26629 -0.549536 -6.97049e-19)
(0.608467 -0.278978 -4.22672e-19)
(1.47788 -0.355019 -1.02647e-19)
(1.51458 -0.410362 1.19802e-18)
(1.53739 -0.464466 8.32726e-19)
(1.55065 -0.520944 -1.37242e-18)
(1.55857 -0.580705 -6.82442e-19)
(1.55782 -0.640953 3.97686e-19)
(1.5282 -0.689445 1.42366e-19)
(1.42 -0.695372 -6.44874e-19)
(1.14179 -0.596722 8.27562e-19)
(0.550469 -0.305324 -9.44121e-20)
(1.36605 -0.401538 3.63516e-19)
(1.38537 -0.452399 -5.91264e-20)
(1.39263 -0.502631 -1.45459e-19)
(1.39451 -0.556994 4.33061e-19)
(1.39499 -0.616097 7.38785e-19)
(1.38959 -0.676338 -2.01709e-20)
(1.35912 -0.724737 -2.19501e-19)
(1.25953 -0.729401 -1.82445e-19)
(1.01107 -0.625997 1.78498e-20)
(0.487249 -0.321366 4.64699e-19)
(1.2489 -0.429022 -5.01549e-20)
(1.2479 -0.474305 -2.71742e-19)
(1.24183 -0.521047 -3.73271e-21)
(1.23617 -0.574261 3.48345e-19)
(1.23193 -0.63315 -5.04236e-19)
(1.22273 -0.693027 9.39835e-19)
(1.19096 -0.740644 5.50293e-19)
(1.09898 -0.744008 -5.44681e-19)
(0.879124 -0.638226 -1.89068e-19)
(0.422418 -0.327853 2.35877e-19)
(1.11741 -0.440392 -1.7077e-19)
(1.0987 -0.481004 -1.6774e-19)
(1.08817 -0.526393 -1.78604e-20)
(1.08178 -0.578893 5.05102e-19)
(1.07546 -0.636187 7.29155e-20)
(1.06239 -0.693515 -7.00169e-19)
(1.02841 -0.738528 3.6626e-19)
(0.943055 -0.740299 1.91011e-19)
(0.750557 -0.634808 -2.36371e-19)
(0.35907 -0.326192 1.31819e-19)
(0.975333 0.0674285 -9.19807e-20)
(1.0822 0.0820491 -3.00973e-21)
(1.08811 0.0932708 2.51158e-21)
(1.1191 0.0942905 -7.38739e-21)
(1.07083 0.0788123 3.8754e-22)
(1.07589 0.0653778 -7.49564e-22)
(0.973988 0.0306534 1.5714e-20)
(0.975947 -0.0144215 1.01326e-20)
(0.866162 -0.105752 -5.76343e-20)
(1.00721 -0.298817 -1.91879e-19)
(0.979188 0.0575967 5.32596e-20)
(1.06813 0.0740165 -9.04719e-21)
(1.07044 0.0859766 1.50631e-21)
(1.11266 0.0935275 4.63477e-21)
(1.07491 0.0837324 4.30673e-21)
(1.09586 0.076036 -5.23181e-21)
(0.998876 0.049072 1.35776e-20)
(0.999126 0.0106039 -3.39964e-20)
(0.87047 -0.0722606 -1.20311e-21)
(0.949006 -0.24204 -8.13683e-19)
(0.982143 0.048978 6.56795e-20)
(1.05803 0.0680092 1.85669e-20)
(1.05465 0.0792322 4.26307e-21)
(1.09982 0.0911257 -3.48411e-21)
(1.06633 0.0860451 -7.47671e-22)
(1.09803 0.0842252 2.5618e-21)
(1.0074 0.0649302 1.29175e-20)
(1.00546 0.0319871 0)
(0.865195 -0.0439384 -3.44863e-20)
(0.895166 -0.205883 -7.96293e-20)
(0.984238 0.0412868 -4.0181e-20)
(1.05013 0.0633088 1.47023e-20)
(1.04292 0.0733563 -2.59353e-21)
(1.08627 0.0882942 7.48945e-23)
(1.05407 0.0870894 5.72139e-21)
(1.08964 0.0907213 -2.20408e-21)
(1.00726 0.0796751 -1.0319e-20)
(1.0004 0.0554713 8.4401e-21)
(0.860058 -0.00877576 -5.59917e-20)
(0.837836 -0.150591 2.56238e-19)
(0.985965 0.0345107 -1.15482e-21)
(1.0431 0.0594129 5.66204e-22)
(1.0349 0.0683789 9.31278e-22)
(1.07377 0.0855279 1.23858e-20)
(1.04306 0.0875367 -1.24663e-21)
(1.07661 0.0956723 7.9227e-21)
(1.00392 0.0933804 6.16807e-21)
(0.989654 0.0781798 5.20122e-21)
(0.85577 0.029397 3.28908e-20)
(0.78726 -0.0919651 1.75114e-19)
(0.987688 0.0286496 1.2737e-21)
(1.03639 0.0559836 1.98542e-20)
(1.02973 0.0642356 8.59302e-21)
(1.06246 0.0830685 -1.18267e-20)
(1.03492 0.0879705 -1.29554e-20)
(1.06249 0.0996553 7.08122e-21)
(1.00031 0.106217 4.60013e-21)
(0.977279 0.0998963 4.10747e-21)
(0.853062 0.0692592 1.51894e-20)
(0.745607 -0.0279669 4.14289e-20)
(0.989531 0.0236773 0)
(1.02994 0.0528121 -2.6883e-20)
(1.02664 0.0608164 -8.34229e-22)
(1.05226 0.0809585 -7.44913e-22)
(1.02961 0.0886225 -1.67489e-20)
(1.04929 0.103155 -1.70538e-21)
(0.997674 0.118258 -8.93483e-21)
(0.966044 0.120806 1.72728e-20)
(0.85252 0.109709 6.44654e-21)
(0.714747 0.040453 -2.06588e-19)
(0.991448 0.0195395 0)
(1.0239 0.0497856 0)
(1.02496 0.0579919 -1.16393e-20)
(1.04325 0.0791808 3.90675e-20)
(1.02649 0.0894909 -5.16785e-22)
(1.03812 0.106497 1.65183e-20)
(0.996361 0.129601 -2.26745e-20)
(0.957716 0.141101 -1.56618e-20)
(0.854338 0.14973 -9.72446e-21)
(0.696643 0.112168 5.87952e-20)
(0.9933 0.0161517 0)
(1.01853 0.046867 1.69029e-20)
(1.02413 0.0556162 9.84356e-22)
(1.03568 0.0777278 7.99311e-23)
(1.02485 0.0904661 2.42475e-20)
(1.02961 0.109899 -1.5381e-20)
(0.996296 0.140341 -1.30473e-20)
(0.953286 0.160948 -3.87748e-20)
(0.858662 0.188751 2.77136e-20)
(0.691731 0.18597 -6.14732e-20)
(0.994934 0.0134007 3.77402e-22)
(1.01406 0.0440749 3.0727e-20)
(1.0237 0.0535268 -5.30128e-22)
(1.02982 0.0766149 -2.78834e-20)
(1.02411 0.0914011 2.34731e-22)
(1.0241 0.113515 -9.75486e-21)
(0.997298 0.150539 9.65734e-21)
(0.953323 0.180401 1.88241e-20)
(0.865663 0.227048 -7.46861e-20)
(0.700421 0.260025 4.20828e-20)
(0.685941 0.0509782 1.3932e-19)
(0.475319 0.0193666 3.13041e-20)
(0.276576 0.00530928 7.78114e-22)
(0.207526 0.00145445 -6.78713e-21)
(0.164887 0.000834579 -3.01773e-21)
(0.152419 2.38567e-05 -2.93798e-21)
(0.134262 -0.000803816 1.42554e-21)
(0.185786 -0.00293078 -6.93678e-21)
(0.179493 -0.00780662 1.93438e-22)
(0.446233 -0.0137107 -1.10805e-20)
(0.936314 0.133611 2.63108e-19)
(0.919533 0.0950943 4.00522e-21)
(0.722598 0.0575379 2.76864e-21)
(0.598383 0.0278468 -1.62085e-20)
(0.496663 0.0141739 -9.84601e-21)
(0.463212 0.00681613 -8.85776e-21)
(0.402018 -0.00577963 9.93102e-21)
(0.490715 -0.0125922 -1.58661e-20)
(0.444812 -0.0518296 -3.58667e-20)
(0.831455 -0.099207 7.56426e-20)
(0.973971 0.106562 3.78309e-21)
(1.08177 0.101313 6.63855e-21)
(0.977741 0.0845338 -1.4034e-21)
(0.884243 0.0579713 -6.10511e-22)
(0.769996 0.0359005 0)
(0.729836 0.0219099 0)
(0.640387 -0.00424632 0)
(0.709369 -0.0197477 0)
(0.675964 -0.0818728 3.99452e-21)
(0.963232 -0.173781 9.29754e-21)
(0.972535 0.0940231 3.63608e-21)
(1.11263 0.101659 -3.4986e-21)
(1.07986 0.0986315 5.31783e-21)
(1.04219 0.0798053 0)
(0.947975 0.0555416 0)
(0.917357 0.0377567 0)
(0.818449 0.0039622 0)
(0.852142 -0.0260237 0)
(0.827611 -0.102471 0)
(0.996952 -0.233808 7.95636e-20)
(0.971982 0.0796915 -1.80382e-21)
(1.10058 0.0921682 -1.6097e-21)
(1.09975 0.098972 0)
(1.10638 0.0906196 -1.56214e-20)
(1.03893 0.0694694 0)
(1.02736 0.051935 0)
(0.927032 0.0156995 -3.20578e-20)
(0.943334 -0.027859 6.32471e-20)
(0.887192 -0.11027 0)
(1.00671 -0.288389 5.32367e-19)
(0.536392 -0.0075318 -6.82333e-20)
(0.538679 0.000428135 9.20142e-21)
(0.541112 0.00502528 2.04488e-19)
(0.530335 0.00693181 2.95231e-19)
(0.499977 0.00685282 9.92468e-20)
(0.454573 0.00602101 -2.94789e-19)
(0.401614 0.00497815 -2.09144e-20)
(0.349199 0.00369697 -4.77509e-20)
(0.304864 0.00237669 -1.25001e-19)
(0.27487 0.00118448 8.81837e-20)
(0.957697 -0.0983302 -1.35108e-19)
(0.98891 -0.0856618 -1.28348e-19)
(1.02591 -0.0677054 -4.47556e-20)
(1.05683 -0.0458333 -2.23949e-19)
(1.06219 -0.0262184 1.61565e-19)
(1.03183 -0.0123104 2.7417e-19)
(0.96756 -0.00368281 1.99219e-19)
(0.884096 0.00100845 2.80564e-19)
(0.802387 0.00345179 -3.6124e-19)
(0.742977 0.00482392 -1.30395e-20)
(1.10495 -0.19253 -9.38516e-20)
(1.15666 -0.181617 -2.57499e-19)
(1.22113 -0.15659 1.03103e-20)
(1.28835 -0.122522 1.39856e-19)
(1.34165 -0.0869137 -2.82138e-19)
(1.36341 -0.0552122 -7.80235e-20)
(1.33987 -0.0302302 -2.27287e-19)
(1.27574 -0.0127181 2.38271e-19)
(1.19491 -0.00095509 3.13171e-20)
(1.13028 0.00730685 -3.1455e-20)
(1.14656 -0.284204 -8.42029e-20)
(1.21411 -0.277117 1.42071e-19)
(1.29845 -0.247797 2.14668e-20)
(1.3883 -0.204033 -9.85022e-20)
(1.47348 -0.154623 2.86772e-21)
(1.53951 -0.106064 -1.4013e-20)
(1.56549 -0.0636277 -1.10828e-19)
(1.54353 -0.030946 -2.20007e-19)
(1.48956 -0.00774408 1.97735e-19)
(1.43934 0.00843944 -2.25887e-19)
(1.16255 -0.369382 -1.69743e-19)
(1.24142 -0.363024 -1.29082e-19)
(1.332 -0.335938 1.32077e-19)
(1.42915 -0.289634 -3.18391e-19)
(1.53083 -0.230623 1.92579e-19)
(1.62785 -0.167184 -1.51628e-19)
(1.69831 -0.107537 4.22777e-19)
(1.72341 -0.0585956 -2.07113e-19)
(1.70581 -0.0219554 2.06235e-19)
(1.67846 0.00479634 -5.68847e-19)
)
;

boundaryField
{
    left
    {
        type            fixedValue;
        value           uniform (1 0 0);
    }
    right
    {
        type            zeroGradient;
    }
    down
    {
        type            noSlip;
    }
    up
    {
        type            noSlip;
    }
    cylinder
    {
        type            noSlip;
    }
    defaultFaces
    {
        type            empty;
    }
}


// ************************************************************************* //
