/*--------------------------------*- C++ -*----------------------------------*\
  =========                 |
  \\      /  F ield         | OpenFOAM: The Open Source CFD Toolbox
   \\    /   O peration     | Website:  https://openfoam.org
    \\  /    A nd           | Version:  13
     \\/     M anipulation  |
\*---------------------------------------------------------------------------*/
FoamFile
{
    format      ascii;
    class       volVectorField;
    location    "4.3";
    object      U;
}
// * * * * * * * * * * * * * * * * * * * * * * * * * * * * * * * * * * * * * //

dimensions      [0 1 -1 0 0 0 0];

internalField   nonuniform List<vector>
1800
(
(0.00765458268509 -0.0208632441016 -5.45783472347e-17)
(0.532774139464 -0.455432607946 -2.43607448222e-17)
(1.05784010565 -0.864851802874 7.60978954743e-18)
(1.345314607 -1.05764949996 1.43785802504e-17)
(1.45512825143 -1.09523834374 -4.36248657801e-18)
(1.48371239076 -1.0621321285 -4.09025770642e-18)
(1.48329085269 -1.00650628086 2.49535667585e-18)
(1.47358611401 -0.947808435125 1.50462750586e-19)
(1.46151667088 -0.88843496304 -1.93360327769e-18)
(1.4280433055 -0.840394697939 1.34654743196e-18)
(0.0305609782672 -0.0374271120442 1.18594305267e-18)
(0.636952505883 -0.460790956488 -1.31832238862e-18)
(1.21822793375 -0.848271735266 -2.94354009405e-20)
(1.52516941097 -1.02498773022 -5.87183863995e-19)
(1.63392787914 -1.05524113164 5.85878205365e-19)
(1.65479137239 -1.01983937456 1.27376047714e-18)
(1.64619368849 -0.963582877049 -8.58245649589e-19)
(1.630008398 -0.904060503549 5.37954726799e-19)
(1.6129846025 -0.845387231189 7.30953333906e-19)
(1.58933965346 -0.801586365413 -3.82018510356e-19)
(0.0606903150982 -0.0534163393401 -1.7679674523e-20)
(0.74769649304 -0.45452481872 1.4414615531e-19)
(1.37870648838 -0.810940208058 3.49214167684e-19)
(1.69957982257 -0.967923313237 -2.97456608077e-19)
(1.80410045429 -0.991247102805 -1.53866323044e-18)
(1.81539385287 -0.956115068022 3.398572151e-19)
(1.79685843257 -0.903288034195 5.95518821807e-19)
(1.77140190522 -0.84882500081 -7.77604192825e-20)
(1.74578726379 -0.796636346308 -4.97875716192e-21)
(1.71320884775 -0.755755706514 -3.42162141983e-20)
(0.0981197702333 -0.0671075150087 1.12268920461e-20)
(0.86294255825 -0.43452169059 -8.57917709465e-20)
(1.53582145849 -0.751550652555 -2.79869140419e-19)
(1.86511657207 -0.885469273743 7.09353763769e-20)
(1.96329300519 -0.901550994159 3.98647786109e-19)
(1.96504436215 -0.867136144978 3.68476466526e-20)
(1.93750279314 -0.817787005394 -2.42583381182e-20)
(1.9041374406 -0.767225127722 5.46334943536e-19)
(1.87141936843 -0.718820549684 4.51216429909e-19)
(1.83535172086 -0.682438359405 -1.49048777916e-19)
(0.142566329018 -0.0770448403334 8.9297539413e-20)
(0.980039404054 -0.40015808706 1.49462073074e-19)
(1.68529984068 -0.671507037605 -8.33866760147e-20)
(2.01677740937 -0.780817468771 -9.80530244998e-20)
(2.10631160906 -0.790865668564 -1.20295041886e-18)
(2.09840222732 -0.759253611977 1.06858893645e-20)
(2.06256051486 -0.715720223203 9.322123527e-19)
(2.02223718201 -0.671647658197 3.2304262002e-19)
(1.98353038601 -0.630080322932 2.30532194426e-20)
(1.94364539629 -0.598444126751 -1.9965120708e-19)
(0.192964035362 -0.0814563157371 -8.04552137046e-20)
(1.0954914169 -0.350342208541 1.61100474005e-19)
(1.8227089395 -0.571340358303 1.0959920601e-18)
(2.1502469712 -0.655427487217 -8.24582143615e-19)
(2.2293178664 -0.660666350418 -8.73353480156e-19)
(2.21206825779 -0.633175531104 1.44730352889e-18)
(2.16887181211 -0.596505546498 -1.04077631232e-18)
(2.12255657733 -0.559674267895 -1.14462009245e-18)
(2.07871256812 -0.525196995575 8.30281483139e-19)
(2.03562943467 -0.49933349573 -3.19950194117e-20)
(0.247776655297 -0.0789191432364 -1.69256516446e-20)
(1.20556035251 -0.285116256817 -4.78379392411e-19)
(1.9438831818 -0.453159701556 -2.90946531224e-18)
(2.26176240639 -0.512782990714 1.36814315871e-18)
(2.32919571605 -0.515116867068 2.2046953238e-18)
(2.30340813268 -0.493323918052 -6.3628638403e-21)
(2.25422227013 -0.46479131173 -2.81635164647e-18)
(2.20326486239 -0.436276705414 -2.50775918993e-21)
(2.15556143833 -0.40979105423 2.52178544521e-18)
(2.1100417976 -0.390177505654 6.6398544904e-19)
(0.304792193714 -0.0682657421915 5.36708550886e-20)
(1.30610751327 -0.205033131512 4.18535581184e-19)
(2.04472534515 -0.319443474739 2.2381724909e-18)
(2.3479819917 -0.35639019263 -8.0951743334e-20)
(2.40333687194 -0.357924640248 -1.41785554402e-18)
(2.37015005324 -0.34310158531 -4.36801028105e-19)
(2.31636555931 -0.32359445531 0)
(2.2621011066 -0.304083601745 9.8858303675e-19)
(2.21171443489 -0.286101497125 1.01496689928e-20)
(2.16456308732 -0.273304458614 -8.02938214928e-19)
(0.361310855567 -0.0488936072415 8.07722709047e-21)
(1.39313223234 -0.111659439658 8.44044307714e-19)
(2.12170568208 -0.173580289143 2.0132741331e-18)
(2.40658409694 -0.190474056927 -1.99603622728e-18)
(2.45020699439 -0.193391400769 -1.43572851308e-18)
(2.41106780544 -0.186464770094 4.47409470247e-19)
(2.35422535579 -0.17659498542 -1.88071440587e-18)
(2.29800081272 -0.166519140737 -1.27748501514e-18)
(2.24614434339 -0.157294295004 1.51935743628e-18)
(2.19823630238 -0.151498175912 1.29301581138e-18)
(0.414407596972 -0.0209533626315 5.45566766284e-20)
(1.46307685142 -0.00732042639365 5.88359442484e-19)
(2.17189357763 -0.0192600273463 3.7812465133e-19)
(2.43650067999 -0.0195482720371 -2.89220352603e-18)
(2.46909964756 -0.0258109954 4.1083614529e-20)
(2.42558868989 -0.0272001147683 4.27218084963e-18)
(2.367229217 -0.0271694249075 -2.26082918673e-18)
(2.31027096572 -0.0267313938769 -1.26848621093e-18)
(2.25808517171 -0.0263314904096 4.13438672259e-19)
(2.210379091 -0.0275249691265 -9.38688819688e-19)
(-0.00504761317985 0.00125544396068 1.02356772073e-19)
(-0.00376456142614 -0.0884890084803 6.1388957305e-20)
(0.0428828952933 -0.18020867004 -1.69159369064e-21)
(0.10551550868 -0.229649436661 -8.66566000374e-21)
(0.172748754303 -0.24556086673 -2.05359024266e-21)
(0.238175534894 -0.244808808683 -4.28637119103e-20)
(0.298812349632 -0.23777990841 1.56885196146e-20)
(0.354119245214 -0.229070783886 -2.8750120516e-20)
(0.404155535797 -0.220369824341 3.08641194561e-21)
(0.451431695195 -0.213442714813 -8.13715444214e-21)
(-0.00678829535654 0.0127270017318 2.98786067323e-20)
(0.00953996340072 -0.132428637865 7.70898171569e-20)
(0.0720700762788 -0.287557730938 -1.05491499601e-19)
(0.142961480874 -0.371273696743 -4.71521113131e-20)
(0.212425221277 -0.396777024438 -7.50078701107e-20)
(0.277296205562 -0.393161339878 -8.10463154369e-20)
(0.336351773123 -0.378659762608 2.87273932879e-20)
(0.389816341372 -0.361366998704 -2.14843441125e-20)
(0.437917552889 -0.344306698834 4.20473146505e-21)
(0.484216982426 -0.331579780546 -8.68805268837e-21)
(-0.0102038981556 0.0224099213004 -4.39105208949e-20)
(0.0305345011916 -0.176336274997 1.68338444407e-19)
(0.119322844616 -0.391454128212 7.23573984586e-20)
(0.2040348269 -0.507134170158 2.80307313499e-19)
(0.277299160264 -0.541229467609 5.08063668228e-20)
(0.341289789965 -0.534520886766 -2.835082999e-19)
(0.397754746592 -0.512678858133 -3.01389615411e-20)
(0.448188344815 -0.487081776223 8.66908959452e-20)
(0.493114578432 -0.462050722496 -3.38266272597e-20)
(0.537903100338 -0.443711152487 -3.59292649136e-21)
(-0.0147098146982 0.0295954932221 -1.12725853817e-19)
(0.059724281246 -0.219929264636 -2.58833103246e-20)
(0.18444146594 -0.490021528025 3.18857045036e-20)
(0.288013920686 -0.634309497026 -1.33633578823e-19)
(0.366391066099 -0.675583227058 6.43466820045e-20)
(0.429058020244 -0.665496177881 1.90248265461e-19)
(0.481903614962 -0.636538270417 5.26038397463e-20)
(0.528146653559 -0.603054008433 -1.10388728317e-20)
(0.56873594926 -0.570608431038 2.10723514844e-20)
(0.611485457428 -0.546887910342 -2.47558684823e-21)
(-0.0195024339274 0.0335874855025 0)
(0.0977401311978 -0.262895824063 8.80162879369e-20)
(0.267056319984 -0.58138862101 2.66794555981e-19)
(0.393782607687 -0.749926804527 -2.83098509441e-19)
(0.478228129914 -0.796601604049 -5.86127611055e-19)
(0.539007048709 -0.782840519785 1.98598507771e-19)
(0.587218836281 -0.747116765476 -2.74567698744e-20)
(0.628189555527 -0.706327116761 -9.89192099505e-20)
(0.663430730812 -0.667187748503 0)
(0.703625437284 -0.638339652903 -8.69723020889e-21)
(-0.0235520606991 0.0337858466442 5.49186010009e-20)
(0.145282225081 -0.304773026073 8.42400444233e-20)
(0.366549472176 -0.663659121413 4.53669527709e-20)
(0.51971998896 -0.851225376643 2.39976746573e-19)
(0.610739000119 -0.901251764301 -1.90288272508e-19)
(0.668954668249 -0.88357371071 -2.95320975622e-19)
(0.711581544789 -0.841601194036 5.09304174383e-19)
(0.746356827076 -0.794276211981 5.42967090576e-20)
(0.775470248755 -0.749307128137 -2.99317436499e-19)
(0.812600200059 -0.715538005899 -6.99277790921e-21)
(-0.0256380948382 0.0297924990745 -3.37844729162e-21)
(0.203009924797 -0.344825984297 6.42735379057e-21)
(0.481939691031 -0.73488574476 1.30508482857e-19)
(0.663628733301 -0.935645209626 2.5604779133e-20)
(0.761191445702 -0.986874149403 3.24487830131e-19)
(0.816063033328 -0.96520651519 -4.06941943432e-19)
(0.852277885775 -0.917754194085 -4.06633674526e-19)
(0.880149215481 -0.864913883651 -3.41290772076e-19)
(0.902700622684 -0.815094273892 2.50648074305e-19)
(0.936092593843 -0.776407821629 2.72458979863e-19)
(-0.024466131569 0.0215671930611 -1.27808902525e-19)
(0.271268056311 -0.381905220499 6.20319004761e-20)
(0.611621510728 -0.793054255018 2.96526440493e-19)
(0.822525785473 -1.0009376654 -1.77018073558e-19)
(0.926034582037 -1.0514383812 3.38844149871e-19)
(0.976729551186 -1.02614597048 8.01022102752e-19)
(1.00589362832 -0.974522358838 5.47554312606e-19)
(1.02641649337 -0.917810157179 -4.28947807059e-19)
(1.04237618591 -0.86442241611 -2.04129145326e-19)
(1.07031512796 -0.820620926261 2.95021398487e-19)
(-0.0189852847116 0.00964347398019 -1.79107128403e-19)
(0.349577886821 -0.41426554586 -2.74089487899e-19)
(0.752776487862 -0.835881000023 6.76716599196e-19)
(0.991931151682 -1.04484811136 7.78216565999e-19)
(1.09996472755 -1.09298851659 -7.60560709907e-19)
(1.14530064369 -1.06495254151 8.32586154983e-19)
(1.16659556721 -1.01118206382 1.37757465685e-19)
(1.17919851591 -0.953172655402 -9.8929927855e-19)
(1.18850344239 -0.898038418964 -2.44030030945e-19)
(1.20607022439 -0.849448222189 3.3426736053e-19)
(-0.00853512390052 -0.00488565132882 8.8919595235e-20)
(0.43686717475 -0.439543580852 -2.98192119856e-19)
(0.902051427974 -0.860614121118 -4.46898611958e-19)
(1.16682459001 -1.06451399673 7.79613738762e-19)
(1.27674557091 -1.1084427372 6.18071041451e-19)
(1.31440831322 -1.0781194855 -7.50170994557e-19)
(1.32554488621 -1.02361952502 -6.14339762729e-19)
(1.3278533658 -0.965931640608 3.64490905178e-19)
(1.3280676204 -0.909630943925 -3.82174435014e-19)
(1.32549539456 -0.858521368901 -2.26466139567e-19)
(0.622154139678 -0.173427074565 3.64017855005e-20)
(0.80002658327 -0.13261986462 -7.51920709959e-20)
(0.888409955102 -0.103572922434 5.71168941003e-21)
(0.939230484219 -0.080951354927 1.31267170567e-20)
(0.969091044717 -0.0627136961344 -6.18715523684e-21)
(0.986741975556 -0.04779498552 -3.0733102953e-21)
(0.997578080447 -0.0355526697135 -4.73295525555e-21)
(1.00438417141 -0.0253729805024 -3.14463023494e-21)
(1.00849578359 -0.0172498098531 7.81604691884e-21)
(1.01125531918 -0.00707706163482 2.95010992734e-21)
(0.639860623916 -0.246699087069 1.03919282108e-19)
(0.81183262001 -0.172244486295 1.57538054812e-20)
(0.896857986359 -0.125064443045 4.59372410256e-21)
(0.945636084418 -0.0928713697915 -7.60668249296e-21)
(0.974136865368 -0.0696315540642 -1.68949121692e-20)
(0.990797460623 -0.0519283303732 0)
(1.00086636932 -0.0380691268774 -4.95002324097e-21)
(1.00709131384 -0.0269081703263 3.86994797819e-21)
(1.01080382753 -0.0181807349459 4.77679865605e-22)
(1.01322719746 -0.00743773498461 -3.58752187885e-21)
(0.668014010268 -0.317514432142 -5.81213611824e-20)
(0.828758898625 -0.210967520868 -4.10926466098e-20)
(0.908091410407 -0.146248545334 1.86329729232e-20)
(0.953501370277 -0.104658159905 -9.16631848813e-21)
(0.979961778748 -0.076438437743 -3.89958059249e-21)
(0.995303985434 -0.055957854095 6.1985144697e-21)
(1.00443125095 -0.0404902094999 0)
(1.00997554515 -0.0283622101727 0)
(1.01322477568 -0.0190466250536 -2.13125951519e-21)
(1.01529309612 -0.00776869181505 0)
(0.706676357163 -0.384504713993 -3.2666071599e-20)
(0.850576277092 -0.248204906905 7.7574894861e-20)
(0.922036936832 -0.166855925392 8.65563405409e-21)
(0.962808177938 -0.11618496481 0)
(0.986565065441 -0.0830619211918 2.28420304251e-20)
(1.00025380178 -0.0598401470002 -3.51000220953e-21)
(1.00825866612 -0.0427894060137 0)
(1.01301961048 -0.0297180698223 4.27427368136e-21)
(1.01577482913 -0.0198369444549 0)
(1.01742036201 -0.0080656120261 6.02579231372e-22)
(0.755916740265 -0.44633476809 -2.89947049711e-20)
(0.877024758242 -0.283425164373 1.05363460624e-19)
(0.938582148509 -0.186625708306 -4.68148307651e-21)
(0.973527778203 -0.127327851278 0)
(0.99393497721 -0.0894338693093 5.05233017139e-21)
(1.00563501231 -0.0635337687379 6.88648836351e-21)
(1.01233664493 -0.0449400575441 5.9676781844e-21)
(1.01621388655 -0.0309590249999 1.0939449411e-21)
(1.01839875953 -0.0205409034133 -2.20222043327e-21)
(1.01961815486 -0.0083242020226 2.6952660368e-21)
(0.815571065663 -0.501666346047 -6.67063744805e-19)
(0.907790966616 -0.316165505616 -1.88825184964e-19)
(0.957581217682 -0.205349474084 1.87726851115e-21)
(0.985614779323 -0.137974781137 3.34265188156e-20)
(1.00205627335 -0.0954926292989 -7.84339627544e-21)
(1.01143676116 -0.0669994095152 4.95854066286e-21)
(1.01665511542 -0.046916533223 4.94036171035e-21)
(1.01954265282 -0.0320677865424 -9.17756784964e-21)
(1.02110107738 -0.021147732734 -2.11250213121e-22)
(1.02187466345 -0.00854017133965 1.73556376948e-22)
(0.884693646627 -0.548975687089 -1.96263079584e-20)
(0.942140605659 -0.345473679394 7.2397052579e-20)
(0.978732235585 -0.222789429382 3.66469796557e-21)
(0.998981877217 -0.148023043615 -9.34635404611e-22)
(1.01089541741 -0.101187057619 -2.43207993955e-20)
(1.01762871008 -0.070204757454 5.33322138662e-21)
(1.02118958273 -0.0486960877555 -3.43940352196e-21)
(1.02298993628 -0.0330284796769 -4.29142595092e-21)
(1.02387150911 -0.0216468874042 1.06673448794e-21)
(1.02415564181 -0.00870937732324 -1.86955522235e-21)
(0.961745322173 -0.587434082615 2.98973838746e-19)
(0.978185122386 -0.370724126899 8.10789210232e-20)
(1.00090098353 -0.238550238427 0)
(1.01324337146 -0.157255145152 -4.34021750892e-22)
(1.02031120226 -0.106417701721 1.93357396902e-20)
(1.02414883687 -0.0731028852091 1.14782844117e-21)
(1.0259089645 -0.0502545657333 -1.52005312559e-20)
(1.02654020421 -0.0338266772114 4.2440094872e-21)
(1.02668926615 -0.0220297844613 -3.93403348747e-23)
(1.02646392071 -0.00882938565689 -2.89373646239e-22)
(1.04957510989 -0.620167928207 -4.36529182931e-19)
(1.01568132272 -0.395481560097 -2.1322995139e-19)
(1.02254803181 -0.254420423442 5.0326969468e-20)
(1.02733406591 -0.166355081371 -1.68125833613e-22)
(1.0297874792 -0.111401542973 -2.28261203235e-21)
(1.03077324075 -0.0757440048663 -1.46515114567e-20)
(1.03069084886 -0.0515926534814 3.80911516686e-21)
(1.03012324865 -0.0344527496312 5.29755212211e-22)
(1.02952131215 -0.0222878998921 -3.22433884142e-21)
(1.02878359566 -0.00889888090468 -2.81763906487e-21)
(1.1544129831 -0.644357352229 3.02807249747e-19)
(1.06614355049 -0.415946568542 -2.1477114758e-19)
(1.04794310523 -0.270995359186 -3.79132526592e-20)
(1.04235523722 -0.176538316857 -4.05545901765e-20)
(1.03944611755 -0.117001199341 -2.30698160193e-20)
(1.03740521663 -0.0786078841209 -1.12996844233e-20)
(1.03549466115 -0.052940328462 -5.48812397639e-21)
(1.03370759273 -0.0350009642856 0)
(1.03233234838 -0.0224545608897 -3.34761797833e-22)
(1.03109370313 -0.00891182634879 2.03821180921e-21)
(1.30819891929 -0.631556655109 5.05848749134e-19)
(1.16589902519 -0.416614814975 1.60520259871e-19)
(1.10363331078 -0.272872740015 -1.0775521138e-19)
(1.07425240418 -0.178257565935 6.98889199092e-21)
(1.05823257193 -0.11795359673 8.81925744398e-21)
(1.04902872421 -0.0788907698307 -5.0603253562e-21)
(1.0430464545 -0.0528243518268 4.34349784777e-22)
(1.03888835334 -0.0347197007672 4.45569208697e-21)
(1.03612056014 -0.02215305696 -3.13206786357e-21)
(1.03405918628 -0.00877534455201 1.12069986601e-22)
(1.36121537473 -0.518140498561 -1.3377626993e-20)
(1.20106317839 -0.356300813886 1.52955146704e-19)
(1.13287827543 -0.242038245124 1.14739551971e-19)
(1.09721285083 -0.163306501826 -1.36796139535e-20)
(1.07458072262 -0.110081699233 5.37601785052e-20)
(1.06031012034 -0.0742940765048 3.50480408841e-20)
(1.05090014802 -0.0499367109113 2.40939227945e-20)
(1.04447419621 -0.0328675551811 -2.37707758906e-21)
(1.04037381475 -0.0209847316138 8.4602450934e-21)
(1.03740105294 -0.00830540530501 3.84082860464e-21)
(1.41936986623 -0.444517972423 -1.40162882977e-19)
(1.25185839508 -0.317456069564 -1.05884550837e-20)
(1.16803766592 -0.219448109469 5.59904197557e-21)
(1.12111303634 -0.150066120013 3.8314849402e-37)
(1.09075116913 -0.101941631428 8.6518016172e-22)
(1.07127211226 -0.0690422071472 -9.64151232183e-35)
(1.0584631168 -0.0464501861127 -2.9590444172e-21)
(1.04985678128 -0.0305616244975 -2.14482759171e-34)
(1.04439910027 -0.0195027343651 8.58596421025e-22)
(1.04054398496 -0.00771556590404 -2.55485677243e-21)
(1.45543688704 -0.365999404482 -1.99211155279e-34)
(1.28846673338 -0.270916779689 -3.9843954003e-20)
(1.1964387105 -0.19168936489 -4.06647416564e-20)
(1.14159666941 -0.133284520735 0)
(1.10511918356 -0.0914342096979 -2.28177259741e-20)
(1.08119464469 -0.0622297363261 -1.57005000823e-20)
(1.06536467967 -0.0419490213135 -9.09869142421e-21)
(1.05477480897 -0.0276112313034 -2.65882251402e-34)
(1.04808800667 -0.0176235523663 -2.80164842024e-21)
(1.0434138922 -0.00697402089972 2.42789901833e-21)
(1.47834174395 -0.294682167083 -8.66809641109e-20)
(1.31649086909 -0.225123350692 4.45932279955e-21)
(1.21961542455 -0.162392027562 0)
(1.15886472295 -0.114439146276 0)
(1.11752719782 -0.0791802413007 0)
(1.08991108901 -0.0541429113833 0)
(1.07147840568 -0.0365775467131 -5.86587005555e-22)
(1.05913835792 -0.0240935150502 -2.97434782833e-34)
(1.05137394715 -0.0153880625153 7.60092363087e-22)
(1.04593759509 -0.00609335563711 2.90722082467e-34)
(1.49239838513 -0.228993314143 -3.65912483361e-20)
(1.33730540151 -0.179708432441 0)
(1.23791139763 -0.131845957827 0)
(1.17293150321 -0.093986308492 0)
(1.12783669732 -0.0655213757527 0)
(1.09725503828 -0.0449983170483 0)
(1.07666916313 -0.0304665457021 9.90477856841e-22)
(1.06285792605 -0.0200866505263 5.66048733184e-21)
(1.05416732643 -0.0128403820776 7.15676959117e-22)
(1.04808310774 -0.00508894568217 3.22447263221e-21)
(1.50057342599 -0.168365385062 0)
(1.35212736376 -0.135136518736 -1.26920945838e-20)
(1.25170642404 -0.100547458446 -1.64882517151e-20)
(1.18383098363 -0.072362978301 0)
(1.13596886387 -0.0507728175704 -1.06032234311e-20)
(1.10310453305 -0.0350047803072 -7.57892273596e-21)
(1.08084034732 -0.0237502604924 -4.28960415493e-21)
(1.0658533037 -0.0156741579849 -3.32228635199e-21)
(1.05641520405 -0.0100297154211 4.46580476538e-21)
(1.04980048843 -0.00397925354256 1.42877208802e-21)
(1.50398165334 -0.111651711016 8.94038141797e-21)
(1.3609826492 -0.0913413948194 6.93059756428e-21)
(1.26048591782 -0.0686339862654 -3.8976588949e-21)
(1.19091733018 -0.0497558961345 2.96220829644e-36)
(1.14126655655 -0.0350860879902 5.43830727341e-22)
(1.10685941513 -0.0242652486608 -6.04955333605e-35)
(1.08341543619 -0.0164929782175 7.63184579231e-22)
(1.06761638395 -0.0108941509018 3.21662746915e-21)
(1.05764337387 -0.00697298573329 5.93128115668e-22)
(1.05063786198 -0.00276307965293 -1.98483112329e-21)
(1.48395890782 -0.0559912632037 -4.36519626359e-20)
(1.34499167798 -0.0506973044004 1.17306339204e-20)
(1.24699538218 -0.0392193140652 1.27535592544e-20)
(1.17839028297 -0.0287884490661 0)
(1.1290880507 -0.0204293421094 7.58688639497e-21)
(1.0947092603 -0.0141767379979 5.37808404413e-21)
(1.07120713151 -0.00965432000376 4.33478668071e-21)
(1.05533718504 -0.00638477317327 2.38564063897e-21)
(1.04532382408 -0.00409068021808 -2.2392868071e-21)
(1.03827708319 -0.00161935901837 2.42042794872e-21)
(1.11309248818 -0.00324459174453 0)
(1.02431449229 -0.00706316364737 0)
(0.955264965065 -0.00626703501368 0)
(0.905158706137 -0.00477311707276 0)
(0.868568227168 -0.00343006237015 0)
(0.842867226172 -0.00240247427115 0)
(0.825196960245 -0.001647199602 6.02742153663e-22)
(0.813204363614 -0.00109936209494 -3.71993051069e-36)
(0.805585106362 -0.000692463232499 5.88459848007e-22)
(0.800226246323 -0.000263346090017 1.82490388608e-21)
(2.12602840719 -0.0273791971923 8.64079831234e-19)
(2.11634217328 -0.133760471327 5.99157246594e-20)
(2.08878233351 -0.238015709443 -1.29795553841e-19)
(2.04363659377 -0.337718409969 -3.3757629905e-19)
(1.98270819352 -0.43111556385 -1.19551431734e-19)
(1.90529921421 -0.517049982337 -1.75761182487e-19)
(1.82126154808 -0.587572479123 -4.09153107429e-19)
(1.70886729878 -0.664569119231 1.32660333315e-19)
(1.63285239887 -0.681891319115 0)
(1.46510909917 -0.770512838017 3.35276138151e-20)
(2.03986717666 -0.020034992452 2.14621402121e-19)
(2.03188795307 -0.0996486832799 -3.34054600131e-19)
(2.01058341886 -0.178342582071 6.37023899835e-23)
(1.97518995441 -0.254802395248 -1.32758824491e-19)
(1.93018288125 -0.326943481569 1.42988574186e-20)
(1.86746557629 -0.398155993388 1.15134983334e-19)
(1.81022634226 -0.448697842819 3.34508517385e-20)
(1.71502641976 -0.530163077045 9.7611711231e-20)
(1.66499685512 -0.5276775404 -1.1908641815e-19)
(1.54697487886 -0.622609249732 2.17564756169e-20)
(1.96600938207 -0.0149062207252 -1.14114906929e-19)
(1.96002491701 -0.0781533452733 2.0478813641e-19)
(1.94358636973 -0.140336640611 1.89224166749e-19)
(1.91535241275 -0.200895670399 -2.20146089293e-19)
(1.88046723385 -0.257412269129 1.06802180788e-19)
(1.82968473989 -0.315743853557 1.05276463007e-19)
(1.78573621144 -0.353310375356 -6.95652690544e-20)
(1.71127759003 -0.425967009338 8.19462573859e-20)
(1.66600357564 -0.420775272316 8.30247350148e-20)
(1.58001848559 -0.505013574772 1.07219527174e-19)
(1.90934523006 -0.0136309610461 -1.86624451559e-19)
(1.90453097766 -0.0620636674163 5.26131597671e-20)
(1.89085986025 -0.10989129214 -1.13454180114e-19)
(1.86738275178 -0.157059348719 -6.73531994682e-20)
(1.83825108408 -0.20113956005 3.83797036225e-20)
(1.79667102909 -0.247996805605 -1.03591478765e-19)
(1.75877265065 -0.277727553686 7.45795212741e-20)
(1.70077365491 -0.337360041997 3.00520587724e-20)
(1.65818086894 -0.334733747873 -1.7230951708e-20)
(1.59384318045 -0.403451282283 8.2915314522e-21)
(1.86507150479 -0.0115168910382 5.54387065816e-20)
(1.8611036092 -0.0484404623741 4.34789408742e-20)
(1.84936462951 -0.0848830637864 -6.4559812692e-20)
(1.82942120382 -0.120971182447 2.28790971644e-19)
(1.80396133559 -0.154770257764 1.70203900056e-20)
(1.76934780861 -0.191027726737 -1.31126947199e-19)
(1.73511886093 -0.214627267736 1.97085127006e-20)
(1.68885520472 -0.260533221708 -8.50187240721e-20)
(1.64941264672 -0.260726269906 1.16183623979e-19)
(1.5984717085 -0.313763302672 8.45992127861e-20)
(1.83156110358 -0.0106805324374 -1.00626669937e-19)
(1.8282518773 -0.037721310116 -5.75587786916e-20)
(1.81785654045 -0.0644279238308 3.75558501692e-20)
(1.80036040519 -0.0909901137725 7.8770255934e-20)
(1.77734326005 -0.116058900549 3.27127335704e-20)
(1.74753214711 -0.143016139715 -3.92776805059e-20)
(1.71579976778 -0.161371938881 3.04529201353e-21)
(1.67708934756 -0.195277077586 5.65561349443e-20)
(1.6403415499 -0.197489616539 1.07185007497e-19)
(1.59737565116 -0.236968769108 -5.26492172067e-20)
(1.80718251736 -0.0102993215358 -4.27951670333e-20)
(1.80445280893 -0.0287786131297 -7.77737660369e-20)
(1.79505089615 -0.0470204688002 -4.67119287779e-20)
(1.77927302165 -0.065258963657 -9.63402286428e-20)
(1.75790932384 -0.0826669389314 -2.38797627232e-20)
(1.73119146623 -0.101508572901 -6.76731990602e-21)
(1.70114238355 -0.114945819486 4.75038540168e-20)
(1.66700486294 -0.138868025101 -1.80222549631e-20)
(1.6323836579 -0.141878260416 -3.08353646165e-20)
(1.59392704987 -0.170230619279 1.14862690256e-20)
(1.78722846788 -0.00983157338734 3.35727597703e-20)
(1.78553405404 -0.0206966072333 3.5318205922e-20)
(1.77747891933 -0.0312615218701 1.2499754798e-20)
(1.76348108618 -0.0418100453757 -2.17487347075e-20)
(1.74385150784 -0.0520495683233 -1.75291831828e-20)
(1.71957331495 -0.0634922234996 3.75613906352e-20)
(1.69088895384 -0.0719569203387 -1.14930918343e-21)
(1.65951186584 -0.0875249569493 -4.87117030853e-20)
(1.62631821054 -0.0900093317868 1.14363215375e-20)
(1.59012412359 -0.110094627419 4.94201867151e-20)
(1.71624320575 -0.0141375945415 -2.16994700807e-20)
(1.71635023554 -0.0164500163847 6.11881921525e-21)
(1.7128275286 -0.0184497000796 3.66337172138e-20)
(1.70501529646 -0.0204665808307 3.80503367546e-21)
(1.69244987465 -0.0224238315876 -1.14424701374e-21)
(1.67619482683 -0.0255923365368 -9.98077544905e-21)
(1.65478845746 -0.0272260693747 2.15235497564e-20)
(1.631616846 -0.0346698188143 -3.04110785638e-20)
(1.6028425808 -0.0341622678864 3.5177563361e-20)
(1.57532200448 -0.0465776305047 1.16414639876e-19)
(1.12273130331 -0.00858634258274 2.96215464377e-20)
(1.1150113152 -0.00556610098544 1.83129952253e-20)
(1.11026730063 -0.0026196190127 1.44398648827e-20)
(1.10904762081 0.00018973261093 1.51395773214e-20)
(1.1104399156 0.00279639663677 -1.17017845201e-21)
(1.11512022013 0.00497666995791 6.05676501312e-21)
(1.11887037104 0.00713843510812 -9.44988565772e-21)
(1.12858711331 0.00689746847688 3.09615275671e-21)
(1.1266258015 0.0101425023744 -4.91885733099e-21)
(1.14413086147 0.00528909077616 5.50387336085e-21)
(1.38320074702 0.747421559739 -5.45293383066e-20)
(1.36658859884 0.799845766511 2.36103651497e-20)
(1.37128676611 0.857104308274 -4.86201774145e-19)
(1.38194656223 0.920195512009 2.08444590803e-19)
(1.39226266557 0.987489311768 9.12920357313e-19)
(1.39858245449 1.05628875661 -1.32632423748e-19)
(1.38292930708 1.11304117152 -8.79330811988e-19)
(1.28301310951 1.09789220995 -1.99608341389e-20)
(0.978748907652 0.879561777472 -4.19363383555e-19)
(0.408289385537 0.36839516798 1.72092685201e-19)
(1.55104272217 0.721763723166 0)
(1.5428791227 0.772790157918 5.57334689395e-19)
(1.54307111275 0.825653373343 1.26721845962e-18)
(1.54994890165 0.886161045008 -7.69226611038e-19)
(1.56120682149 0.952815960013 -1.84038240987e-18)
(1.57147107611 1.02203307727 -1.39159303005e-19)
(1.55835865347 1.07935347331 -1.79254372085e-19)
(1.44885454887 1.06457789641 6.62570652666e-19)
(1.10336082212 0.849490461007 8.54545165142e-19)
(0.455213855723 0.349616863628 3.52916946314e-19)
(1.69044729271 0.703804474016 6.36384705873e-20)
(1.69526857808 0.750101375206 0)
(1.70067273453 0.797848069872 -6.55848361352e-20)
(1.71123733653 0.852664263878 7.73937632561e-19)
(1.72694844672 0.913940665697 5.24185755523e-20)
(1.74196945559 0.978591880341 -1.91160654858e-18)
(1.73081305429 1.03196521324 1.24214561382e-18)
(1.61027953369 1.01471332211 7.96689495046e-19)
(1.2220903034 0.804887120735 -7.66457184334e-19)
(0.497476840674 0.323911748888 -2.77727155455e-19)
(1.80141331772 0.67082848066 -1.26268287601e-19)
(1.81759785029 0.711679047239 -9.95830827914e-20)
(1.83353665335 0.754707202056 2.26922003877e-19)
(1.85363763467 0.804018617079 -2.85569540957e-19)
(1.87788485253 0.85939115849 -1.37328113053e-18)
(1.9001841553 0.918175875908 -1.07698457414e-18)
(1.89199643587 0.965788482704 1.19983738425e-18)
(1.75983454582 0.944757547508 8.17437657132e-19)
(1.32795357369 0.742984158345 0)
(0.530287950472 0.289540509809 0)
(1.89566419598 0.612584239621 -7.82433311263e-19)
(1.92126867872 0.649177954752 -1.39389739188e-18)
(1.94790669876 0.688338190679 -5.52293341699e-19)
(1.97841985723 0.732755601597 -3.30777066075e-20)
(2.0122558422 0.782352876039 0)
(2.04261915908 0.834827623349 1.3947159474e-19)
(2.03734070825 0.875930826806 1.66036233134e-19)
(1.8922287927 0.851290740997 2.14306953996e-19)
(1.41590305092 0.662317009728 -3.24971641824e-19)
(0.55044581415 0.24703331449 -8.04624601818e-20)
(1.98152844689 0.532310940844 9.53481775855e-19)
(2.01422598872 0.565161638644 -4.08458659066e-20)
(2.04938771495 0.600394242835 -1.14198375646e-18)
(2.08863707165 0.639723452863 0)
(2.13087563028 0.683173951795 0)
(2.16822636235 0.728737413549 0)
(2.16420101818 0.762802009577 1.52432660669e-18)
(2.00398705996 0.735232040233 -1.8764638903e-18)
(1.48347903822 0.565339997632 -1.06321044935e-18)
(0.556035009772 0.198918474703 -9.97861379413e-20)
(2.05869627493 0.436721833787 -1.28312706033e-18)
(2.09654503357 0.465088013622 -2.7123971374e-18)
(2.13803300641 0.495292631892 -4.79040466273e-21)
(2.18396179244 0.528542416944 5.68237288427e-19)
(2.23278175342 0.564968441107 -4.01442509314e-20)
(2.27523578872 0.602968303582 1.30552097481e-18)
(2.27013969365 0.629683570172 -7.54739664861e-19)
(2.09230830348 0.59898591604 -2.42254130812e-18)
(1.52756917318 0.457326531399 1.76100330225e-19)
(0.547501519661 0.151334218931 1.23709314079e-19)
(2.12306143972 0.330407819242 -1.03707285569e-18)
(2.16481643502 0.353009896881 1.53272422974e-20)
(2.2109935941 0.376813851838 4.11087739713e-19)
(2.26186556346 0.402842277475 -4.07674350425e-19)
(2.31556719632 0.431268658375 6.5216783495e-19)
(2.36129395426 0.460913732031 1.86161592373e-18)
(2.3527118261 0.481969673173 -2.2156236177e-19)
(2.15554537539 0.449496143582 -1.35286421661e-18)
(1.54480631289 0.340071747789 2.65459311512e-19)
(0.529040676602 0.104599874239 1.40760459748e-20)
(2.17100305204 0.216087827908 4.01443297481e-19)
(2.21575263973 0.231952270023 7.69921699371e-20)
(2.26533466132 0.248280101801 -4.35486687599e-19)
(2.31959373125 0.265999455716 -1.05706339569e-18)
(2.37658053391 0.285418067786 8.80067589826e-20)
(2.42368065915 0.305842368572 8.74147925824e-20)
(2.40969540341 0.319144433809 -1.69393979803e-18)
(2.18970699318 0.297015097473 7.29920733745e-19)
(1.53852819817 0.223973657988 1.88149962525e-19)
(0.500177955532 0.0568764793014 -1.37735514744e-19)
(2.20065578499 0.095900968521 7.86992205572e-19)
(2.24738288869 0.104092333799 -1.22362711849e-18)
(2.29891069847 0.112548810261 1.81307206669e-19)
(2.35522158769 0.121480573601 2.63173489974e-18)
(2.41370227458 0.131048184757 1.3800311671e-18)
(2.46000025181 0.141418755349 -3.22217878435e-18)
(2.43772363933 0.151339959472 -3.40872717683e-18)
(2.19414377395 0.139362564422 1.71284565676e-18)
(1.51239465096 0.105922741249 8.04453550235e-21)
(0.461436455147 0.014593983396 9.47510341529e-20)
(0.514382328443 0.20618752006 -1.70755250837e-19)
(0.477889979612 0.21332492553 -1.52206972521e-19)
(0.434635713498 0.221110065992 8.58085072116e-20)
(0.385928804531 0.229473638478 -2.78463162579e-19)
(0.332214612332 0.238431312756 -3.45857519396e-20)
(0.273140082904 0.247852928976 2.23851465367e-19)
(0.207465651544 0.255791171934 5.25485533733e-20)
(0.134830703215 0.25234563086 -2.07471745116e-20)
(0.0627796099515 0.211520899701 4.60974397469e-21)
(0.0102276173875 0.102456099885 1.43378823929e-20)
(0.54203797669 0.307018793109 1.37785170574e-19)
(0.5063123111 0.321074123279 1.91082816719e-19)
(0.464417419217 0.336691692157 3.35880995288e-20)
(0.417347263804 0.353448074377 -7.5059208213e-20)
(0.365395182955 0.371279434551 -2.56449155661e-19)
(0.308172594199 0.389989447669 6.33344154705e-21)
(0.244052148547 0.406213711469 1.16905419007e-19)
(0.1710205789 0.402741371717 1.56720479212e-20)
(0.0931837793713 0.335810077613 -6.88960206193e-20)
(0.0251224852139 0.159398099907 -2.25251975782e-20)
(0.586910045551 0.403578365615 -1.45458203851e-19)
(0.552569664278 0.424336310117 -1.47480515637e-19)
(0.513047600012 0.447399783079 1.27593446928e-19)
(0.468775574617 0.472112627627 1.10193300391e-19)
(0.419780365013 0.498371068433 -6.02803668883e-20)
(0.365633702336 0.525910204207 -7.65479710175e-20)
(0.30404548748 0.549966446595 -8.30489635823e-20)
(0.230152752921 0.546239502261 -1.99381865436e-20)
(0.142412856623 0.45376482122 -4.20697540764e-20)
(0.0487457506221 0.212743956576 3.14388776553e-21)
(0.647952910842 0.493646773289 7.50309644235e-20)
(0.615599516135 0.520807329991 -1.52845038277e-20)
(0.579388565759 0.550774333682 -1.0469740893e-19)
(0.538999022762 0.582812605375 3.59849376339e-20)
(0.494097737772 0.616863703773 -7.54307800331e-20)
(0.444199914297 0.652575335285 1.8766188794e-20)
(0.386091870643 0.683821475534 -1.66119491424e-19)
(0.310839414538 0.679617722929 -2.43653502466e-21)
(0.209086781619 0.562730892007 -2.27975614043e-19)
(0.0801570524051 0.260903914629 4.48518728222e-20)
(0.723813322665 0.575249876247 -2.01021798705e-20)
(0.693973264182 0.608438383163 -4.22310852729e-21)
(0.661922181025 0.644608874969 -4.09488710721e-20)
(0.626436444066 0.68316528868 -1.71189875472e-19)
(0.586710232764 0.724182133852 7.77228376855e-20)
(0.542164059438 0.767206895452 -3.55240052565e-20)
(0.488439936489 0.804785934708 9.80343714624e-20)
(0.411545160968 0.79969687852 -7.07333806388e-20)
(0.291271759724 0.660125901959 2.87424354695e-19)
(0.118061940959 0.302808891726 2.11474041154e-19)
(0.812613483571 0.646691506818 -1.62606790951e-20)
(0.785635106232 0.685149715898 -8.26224185992e-20)
(0.758351119859 0.726466750619 1.13111149659e-19)
(0.728592030054 0.770462307297 8.42993700201e-20)
(0.695009902729 0.817447658942 2.28535106298e-19)
(0.656850835617 0.866812245674 1.44923816695e-19)
(0.608322430261 0.909762213305 4.44898421165e-19)
(0.529477183005 0.90328464554 1.98961249224e-19)
(0.38699526812 0.742781168441 1.57192150019e-19)
(0.161546369434 0.33691387279 1.87753934643e-19)
(0.911945266513 0.70642509003 -9.02829279204e-20)
(0.888817218832 0.749512889634 3.11703927569e-19)
(0.867552160051 0.794990520457 2.02380278638e-19)
(0.844749658838 0.843191936691 -2.4786492926e-19)
(0.81835581851 0.894861691055 -1.34622242586e-19)
(0.787419146436 0.949297276918 4.86737525128e-19)
(0.74453079194 0.996472001672 -9.16840051132e-20)
(0.662973830632 0.98817107596 -3.26629625849e-19)
(0.494447015615 0.808991580277 -4.61434653164e-20)
(0.209313474845 0.362247111594 1.92777734647e-19)
(1.01347309933 0.753774280698 1.58707555254e-19)
(0.993335883615 0.799533489699 5.02373343231e-20)
(0.978629681133 0.847349507035 -5.42021576733e-19)
(0.964386313926 0.898498581962 7.80672589799e-20)
(0.947338318937 0.953851330989 3.78969386995e-19)
(0.925840095754 1.01229381432 -2.51533813529e-19)
(0.890313515162 1.06247341511 -6.68489639909e-20)
(0.806272189039 1.05163851875 -1.4237702534e-19)
(0.608939511271 0.856211174369 1.32457049856e-20)
(0.258882031711 0.377622915315 -2.85843074108e-19)
(1.13469591222 0.775829624507 1.98872157134e-20)
(1.12212028024 0.825181899057 -3.59607567114e-19)
(1.11470284752 0.874706087053 -3.03458857119e-21)
(1.10709966174 0.927855378375 3.27423326056e-19)
(1.09656559024 0.986516304611 -3.37643070243e-19)
(1.08182424604 1.04900074063 6.94534161342e-19)
(1.05130665207 1.10250584131 4.95155672592e-19)
(0.962041235295 1.09055836877 -7.74783363138e-19)
(0.731215301259 0.883750479264 -4.0547061127e-20)
(0.310029224688 0.38368360114 -2.78176555109e-19)
(1.20764301659 0.795019087354 -2.21715950492e-19)
(1.20790649688 0.84515742323 -2.22439045004e-19)
(1.22055128112 0.896775577409 2.32643358196e-19)
(1.23178359618 0.951110140536 5.70467530226e-19)
(1.23691726957 1.00986095569 2.18090992466e-19)
(1.23521919806 1.0721135133 -5.93017233173e-19)
(1.21352900604 1.12475881474 5.91577543921e-20)
(1.12017155981 1.1089142168 1.76295355455e-19)
(0.854290408839 0.892558895542 -2.09142963423e-19)
(0.359890853757 0.380559013915 -1.95316029581e-19)
(0.811507638416 0.0222002760218 -2.4036961853e-21)
(1.16473708583 0.0424773390588 -1.38767467484e-20)
(0.911352789812 0.048634725175 -2.22867648087e-20)
(1.03629098042 0.051357712232 0)
(0.998489424502 0.0588824355366 1.55201045129e-20)
(0.974492715534 0.0698369442992 2.11350279137e-20)
(0.949288954701 0.0849005152373 2.72699805332e-20)
(0.898610091256 0.104641817561 5.52670508952e-20)
(0.834020385001 0.132574120347 -8.23342910837e-20)
(0.664618361727 0.169982429527 -9.29803505245e-20)
(0.810966617672 0.0190582827042 3.31091272211e-20)
(1.16461961905 0.0423064133599 -4.21325822963e-20)
(0.911792720165 0.0507203044441 1.25147831264e-21)
(1.03803661842 0.0527423781483 -1.09972895232e-20)
(1.00115179384 0.0626015067614 8.56215068388e-21)
(0.978467647009 0.0760852133854 -1.0411396656e-20)
(0.95459364448 0.0957166408191 -6.76121138791e-20)
(0.906743379953 0.122469594512 0)
(0.843853174486 0.169557133264 1.75921023495e-19)
(0.687083722128 0.234756504246 -2.3443719103e-19)
(0.810192512064 0.0160672042013 -1.90338378353e-20)
(1.16470837088 0.0419889171443 1.58473433196e-20)
(0.912135086989 0.0525591781587 3.83880509121e-20)
(1.04031087746 0.0539040609751 1.36340561008e-20)
(1.00417831775 0.0661056333198 -2.09211596807e-20)
(0.983146721599 0.0821426706763 1.22509836835e-21)
(0.960971085889 0.106306968874 -4.82531051327e-20)
(0.917788032471 0.140223405814 -4.04347998721e-21)
(0.857387688581 0.205880868687 2.68099727909e-22)
(0.722573825978 0.297385143748 5.85682915781e-19)
(0.809180185919 0.0133346669804 -3.22809672715e-20)
(1.16493234418 0.0415231321974 -4.84415894945e-21)
(0.912395616078 0.0541049574691 2.62863510367e-20)
(1.04310169682 0.0548468382811 1.58976032145e-20)
(1.00757436434 0.0693760450406 -8.94858457404e-21)
(0.988525573708 0.087961151869 -1.1568530845e-20)
(0.968510212941 0.116574093761 7.23161895115e-20)
(0.931621086422 0.157794572049 -1.1266312051e-21)
(0.874820713697 0.24142293376 -2.22347123602e-19)
(0.77033864809 0.356400764437 6.24183874118e-20)
(0.807921063852 0.0109048769844 2.21606153014e-20)
(1.16522625472 0.0408832890058 -2.47794134694e-20)
(0.912602920685 0.0553085228575 -1.86815990581e-20)
(1.04641456087 0.0555782892554 8.26280002279e-21)
(1.0113387209 0.0723937762134 0)
(0.994600944467 0.0934961748494 0)
(0.977315832074 0.126450040862 6.20039955745e-20)
(0.948155020751 0.175019331239 6.02129989508e-25)
(0.896260785402 0.275822349079 -1.07550124491e-19)
(0.829528604352 0.410781167149 8.38158613523e-20)
(0.806413581382 0.0088350512814 6.97449466822e-21)
(1.16550852005 0.040035420299 1.44701031474e-20)
(0.912796221958 0.0561224543326 -5.59207427664e-20)
(1.05023194057 0.0561112244756 -3.04559274492e-20)
(1.01545815242 0.0751379437709 8.55165927011e-22)
(1.00136418944 0.0987109508997 4.87902865416e-20)
(0.987475494879 0.135897935635 9.7242567132e-20)
(0.967193867577 0.191669924907 -8.40737201593e-22)
(0.922008926408 0.307483378407 1.7577709352e-19)
(0.899211513853 0.46118153606 -1.89234503749e-19)
(0.804653716576 0.00720341430378 -2.02449411022e-20)
(1.1656648639 0.038935262281 1.26574499917e-20)
(0.913025662092 0.056502041679 -1.9725184648e-20)
(1.05458585525 0.0564636910944 -5.49261255246e-20)
(1.01990343299 0.0775817904341 -1.8641894434e-21)
(1.0088231379 0.10357393221 -1.09992533043e-21)
(0.999042004678 0.144893884148 -5.92415891106e-21)
(0.988270555525 0.207645175055 -1.75095857203e-19)
(0.952894874196 0.334467924353 1.30811524313e-19)
(0.977033892082 0.506725944286 -4.51499377742e-19)
(0.802633463365 0.00608038615384 -6.39258874465e-21)
(1.16563013883 0.0375094857158 -2.04055623792e-20)
(0.913353992975 0.0564072043398 3.20201109764e-20)
(1.05945621819 0.0566544267258 3.72850270507e-20)
(1.02465812602 0.0796858119281 -6.93239041099e-22)
(1.01698240569 0.108037857215 -5.80398905421e-20)
(1.01205215087 0.153297804332 -5.38833598038e-20)
(1.01099088078 0.223097340484 3.15855646634e-19)
(0.989601932297 0.357825314888 1.17931273231e-20)
(1.06118421912 0.553346327802 7.31709584245e-19)
(0.800341109553 0.00555641600098 1.57416722002e-20)
(1.16542916442 0.0356834535361 6.89879010304e-21)
(0.913869265972 0.0557708280228 5.24047999925e-20)
(1.06478613949 0.056695396655 -3.86292584478e-20)
(1.0296544743 0.0814163597545 -5.38416430135e-20)
(1.02576765126 0.112034849635 1.20184939725e-21)
(1.02641163767 0.160651104666 -7.40687746051e-20)
(1.03543107317 0.236064272046 4.1090105925e-19)
(1.03550439879 0.369960731423 -7.51614382833e-21)
(1.14666407883 0.577513862531 -9.89134859511e-19)
(0.797843849993 0.00594684773575 -1.09996931118e-21)
(1.16600778522 0.0337476801754 6.80010092687e-21)
(0.914362443481 0.0545728997348 3.53252535404e-21)
(1.07067049715 0.0567093637403 -7.9646312922e-20)
(1.03467219833 0.0830445732759 -5.39683491005e-20)
(1.03432793458 0.116491092862 -5.04407200865e-20)
(1.03946745241 0.170124434074 -1.32690179862e-19)
(1.05507760628 0.255084823218 -3.80677204865e-19)
(1.07649221316 0.396793254512 -2.22397457592e-19)
(1.23660153442 0.644824856926 -1.03978797063e-18)
(0.795432985725 0.0057354675894 2.99211636453e-21)
(1.16914768838 0.0306315978333 -1.330240229e-21)
(0.915722665154 0.0516352839665 -6.59533186773e-21)
(1.07723047432 0.0556449580519 1.44637803968e-20)
(1.04381339119 0.0817814397005 4.70587169048e-20)
(1.04923310483 0.116098252343 -3.51928818682e-20)
(1.06360887826 0.169843972031 1.18166787218e-19)
(1.09349684596 0.252444968389 -3.75431146221e-19)
(1.14213377289 0.375878986136 -1.62268656675e-19)
(1.24504219986 0.631324531013 5.36373576069e-19)
(0.79591846479 0.00305894993386 -6.35257178581e-21)
(1.17341021901 0.0264792035956 7.68325266772e-21)
(0.919971001008 0.0461330898156 -1.57407191598e-20)
(1.08285937487 0.0526816955383 4.15815895283e-20)
(1.05479765825 0.0771152418183 7.61897114599e-20)
(1.06538385952 0.110327128954 1.04947797749e-19)
(1.08820719244 0.160537182201 2.50425936838e-20)
(1.13217026413 0.235645027582 1.95821850817e-19)
(1.19532286991 0.342447646685 2.51023896388e-19)
(1.32795748694 0.535848997534 5.13564752147e-21)
(0.796129451524 -0.000238781778567 2.53431629699e-21)
(1.17816299631 0.0219595070489 2.96944106503e-21)
(0.924681377159 0.0403860396947 1.45501743115e-20)
(1.08857388979 0.0485675033884 1.22517048837e-20)
(1.06533749079 0.0711809029826 2.13306667441e-34)
(1.08054947416 0.102297061332 -6.8609842666e-21)
(1.11041833538 0.147851798551 -4.8559277297e-34)
(1.16509699071 0.214227823996 1.71255202467e-20)
(1.23438264375 0.300589668623 -5.18801566682e-20)
(1.39023819287 0.457088735322 -4.62233953864e-20)
(0.796419153181 -0.00454166745822 1.24874891045e-20)
(1.18300148489 0.0167630390254 2.30634736781e-35)
(0.929500305292 0.0342897276569 -1.48873865416e-20)
(1.09416228849 0.0433768996936 -1.53926141663e-20)
(1.07505182832 0.0639328688437 -3.05347729408e-20)
(1.09427556367 0.0921489578347 -3.60992308234e-20)
(1.12998438306 0.132228266838 -5.98406018178e-34)
(1.19230863548 0.189428441646 -8.48811312711e-20)
(1.26571063371 0.257057764743 -1.21915778696e-19)
(1.43127258265 0.380429952823 8.30090638007e-20)
(0.796896296963 -0.00990304908038 0)
(1.18814096937 0.0109495845649 -1.95437872668e-38)
(0.934352137946 0.0279220987123 0)
(1.09946538401 0.0373069777177 0)
(1.08372333829 0.0555211963021 0)
(1.1062933516 0.0802177811934 0)
(1.14674342002 0.114320114879 -3.56417148508e-34)
(1.21413172654 0.162120081625 0)
(1.29089380861 0.213510705512 -1.92476097789e-20)
(1.45541141741 0.308430738229 5.00524436707e-20)
(0.797621428345 -0.016585381641 -1.5529725441e-21)
(1.19379701115 0.00462028072605 -2.73343501164e-21)
(0.93922408562 0.0214608449534 -1.55636020847e-20)
(1.10430470813 0.0305788374262 0)
(1.09122354276 0.0461429514339 0)
(1.1164445617 0.0668613079401 5.76552893748e-21)
(1.16058398139 0.0947202400896 2.4868058821e-20)
(1.23109888104 0.133088395102 -1.27822100683e-20)
(1.31048534125 0.170941627398 -2.81759656477e-20)
(1.46857884577 0.241020501355 1.92472143183e-19)
(0.798769274274 -0.0255644554186 -7.85188594874e-20)
(1.20038512966 -0.00226563614074 4.04472362814e-21)
(0.944108892962 0.0151498379732 -1.5900153974e-20)
(1.10852186118 0.0234319346992 -4.73810472905e-21)
(1.09739342296 0.0360065369875 -1.02525146631e-20)
(1.12460552646 0.0524115305098 -8.53085366878e-21)
(1.17148514997 0.0738992648499 -1.87302369479e-20)
(1.24377687583 0.102996070786 -3.54287122915e-20)
(1.32496661119 0.129674523398 -4.87439728987e-20)
(1.4751703669 0.178263374952 6.49288549812e-20)
(0.800313673326 -0.0322763951732 9.29876688296e-23)
(1.20819655791 -0.00903876244654 -1.91785257285e-21)
(0.948732452809 0.00960418812128 -1.58485407173e-20)
(1.11161899956 0.0160700389435 -9.95732935142e-21)
(1.10179973533 0.0252743275618 8.95689049691e-36)
(1.13040491931 0.0371247571054 6.21823090411e-21)
(1.17921473608 0.0521421302398 -8.56736707705e-34)
(1.25244205294 0.0721352662969 -1.29323019168e-20)
(1.33459745004 0.0893148272483 1.73411943599e-20)
(1.47800724352 0.118505354975 2.44369504634e-20)
(0.798500265005 -0.0557792887312 1.58299902804e-19)
(1.20265394781 -0.0182022847786 -1.03540485645e-20)
(0.941057617521 0.00240744037805 -1.63605446706e-20)
(1.10167974297 0.00987697764761 2.44931882588e-21)
(1.09259143568 0.0148316689422 2.16826589363e-21)
(1.12215493397 0.0222707809158 1.1728937226e-20)
(1.17221987298 0.0312050877678 6.5149382771e-21)
(1.2460259394 0.0429847299338 -5.4359139851e-21)
(1.32817114167 0.0523809415124 -2.11037545125e-20)
(1.46848714296 0.0669383430357 1.35549547875e-19)
(0.718643917699 -0.0366826862361 2.82786028175e-21)
(0.960478554946 -0.0167557882779 -3.96720087409e-35)
(0.717667821724 0.00293765645639 -1.72523317605e-20)
(0.865688096732 0.000459313727034 0)
(0.84911252624 0.00290582282155 0)
(0.873942504814 0.00443097075313 6.44327881489e-21)
(0.91633354235 0.00612828543679 -8.43764636336e-36)
(0.977743357329 0.00866225694505 -1.28068096414e-20)
(1.04705441568 0.0102358497461 -2.50840737636e-20)
(1.15501310002 0.0123657031322 5.23218749388e-20)
(1.4811633018 0.618185931149 -1.58123805152e-19)
(1.5781494599 0.60767963548 -2.65545713318e-19)
(1.6772689798 0.605898440842 0)
(1.7673354994 0.585445909602 1.11174726617e-19)
(1.84776150223 0.535733359723 5.25386078963e-19)
(1.92293955556 0.462928254988 -1.11548551174e-19)
(1.99169035277 0.376275379544 1.50540575951e-18)
(2.04912528573 0.281619638282 -7.91545554631e-20)
(2.09173390617 0.18155338653 -3.31291806136e-19)
(2.11765755941 0.0787066807791 3.17567059676e-19)
(1.51640952529 0.508826291207 6.71819446261e-20)
(1.57995777674 0.507117384435 1.03121485325e-19)
(1.65759416823 0.49839503468 -8.77404338034e-21)
(1.74000831415 0.467099776473 1.79086313933e-19)
(1.81452134217 0.416910581501 -1.49247989613e-19)
(1.87989418539 0.355214154835 -3.56468118506e-19)
(1.93626487823 0.286667922464 -1.13314970397e-19)
(1.98158183124 0.213641182067 4.87078628595e-19)
(2.01454972642 0.137570566893 -2.13891860793e-20)
(2.03406359701 0.0594220499177 -4.23233279568e-19)
(1.54953983352 0.402471666327 8.79606775558e-20)
(1.5986771417 0.393870973621 1.55954737188e-19)
(1.65743343153 0.386095219128 -3.20055879917e-19)
(1.72375995189 0.36440944066 7.04803232661e-20)
(1.78397556252 0.328432319336 4.40817683446e-19)
(1.83565319511 0.282277617111 -2.38440494299e-19)
(1.88046611922 0.229148380903 -5.14937453129e-19)
(1.9173110255 0.171507186759 -1.95824852534e-19)
(1.94452481361 0.11096036128 2.78648322327e-19)
(1.96084114228 0.0484075947351 -2.40846035841e-19)
(1.56554567825 0.323279212067 3.09041877488e-20)
(1.60560365593 0.313791511319 0)
(1.65052019039 0.306887968769 1.71956306225e-20)
(1.70403678591 0.287942768015 1.78360527067e-19)
(1.75483147216 0.256923752411 2.9935210044e-19)
(1.79870573867 0.218540448967 1.44465118707e-19)
(1.83653475115 0.175765416589 -6.32219328359e-20)
(1.86766379816 0.130256326389 -2.14649838943e-19)
(1.89064644062 0.0830682828278 1.46451204348e-19)
(1.90462573411 0.0348649270131 6.79446989441e-20)
(1.57144888256 0.256015740138 1.21588807175e-20)
(1.60691798469 0.245650418803 -5.92647281222e-20)
(1.64354503405 0.237829637981 -1.1648984607e-19)
(1.68765850742 0.221351663244 5.94096067716e-20)
(1.7311019972 0.196257084858 7.36416179434e-22)
(1.7689410249 0.166186119391 8.98006295115e-20)
(1.80146186864 0.133149644641 1.43275886089e-19)
(1.82834932441 0.098202377232 -1.39673341041e-19)
(1.84845116754 0.0621111375199 3.33631018196e-21)
(1.86082529521 0.0254285504468 1.5811606779e-19)
(1.57183535267 0.197216150904 -1.91915997428e-19)
(1.60444155633 0.187375679046 -2.38647201082e-19)
(1.63572590866 0.179455819687 4.82857593929e-20)
(1.6732411715 0.165451158367 2.08968263213e-19)
(1.71139183519 0.145417114475 -3.79688080753e-20)
(1.74507668236 0.122058648436 -8.23461343576e-20)
(1.77402226251 0.096867892466 1.15928527164e-19)
(1.79807599915 0.0705661014731 -4.97432331177e-20)
(1.81621265609 0.043664545641 -1.47135223676e-19)
(1.82751627438 0.0164824354808 -6.24911378101e-20)
(1.56945838841 0.144228465571 3.5034265852e-20)
(1.60000421158 0.135697667165 3.88661262092e-21)
(1.6277920435 0.128158292914 -6.00894943376e-21)
(1.66098762218 0.116445239583 1.413249587e-19)
(1.69563705946 0.100885678303 1.97899545576e-19)
(1.72658508047 0.0834166449807 -2.03715831211e-19)
(1.75320946872 0.0650654237898 -7.02922214694e-20)
(1.77544810282 0.0462813094683 1.33340157444e-19)
(1.79236260674 0.0273512376906 9.27063240035e-20)
(1.80311377881 0.00842856687366 2.43490008203e-20)
(1.56511120869 0.0942702935324 -1.2460353492e-19)
(1.59366730719 0.0871480536864 6.61896451761e-21)
(1.61867037482 0.0800671552516 2.45713073069e-19)
(1.64893027214 0.0705000459195 6.00623824753e-21)
(1.68118852974 0.0590688903848 -7.39326163219e-20)
(1.710174964 0.0470507204517 9.88577854313e-21)
(1.73512368433 0.0350564629105 -1.00025170585e-19)
(1.75604024361 0.0233103442521 4.16177634133e-20)
(1.7721272059 0.0119103222795 6.11086411744e-20)
(1.78265167801 0.000874211449071 8.2712212625e-20)
(1.53942436688 0.0520535968217 -2.363672382e-19)
(1.56186333982 0.0442832883422 -1.74694563742e-20)
(1.5810636924 0.0354515369419 1.52810481326e-19)
(1.60567895741 0.0263629315098 -7.84347264266e-20)
(1.63219904364 0.0176445722331 -1.55838113265e-19)
(1.65535691221 0.00980717766391 -2.94734538503e-20)
(1.67478277499 0.00306588311833 1.23329245486e-19)
(1.69092692759 -0.00261320299952 6.20531673981e-20)
(1.70344580301 -0.00728915123434 -1.74897533577e-20)
(1.7120769628 -0.011038578304 -1.33466269868e-21)
(1.21098742368 0.00591708283591 2.48691634227e-20)
(1.21446118822 -0.000214449061598 -5.38954931434e-21)
(1.20993521368 -0.00654222880766 3.91162108305e-21)
(1.20623352545 -0.0113389314976 0)
(1.19987563539 -0.0139799535087 2.12143584168e-19)
(1.18886337248 -0.0150050342697 -1.16954464382e-20)
(1.17517163444 -0.0149854434876 -1.35767044591e-19)
(1.16067385871 -0.0142003768672 8.27148605742e-20)
(1.14639185294 -0.0127821276512 -1.1346225747e-19)
(1.13329854963 -0.010864476883 -8.94144654132e-20)
(0.626451308648 0.0198384762489 -5.9789051705e-20)
(1.98586668346 -0.0462459961252 5.83610904154e-19)
(2.80957396159 -0.040583301654 2.46394001344e-21)
(3.09084610552 -0.0309882099995 -3.87070723299e-19)
(3.12291178201 -0.00616242102999 4.95622458032e-19)
(3.08391331973 0.0142794475356 4.1173421821e-19)
(3.03411284941 0.0321062579065 0)
(2.97943388948 0.0486345867631 9.41877428964e-19)
(2.89038625093 0.0635169645148 -1.93160424532e-18)
(2.6672952573 0.0726759576982 -1.04175774812e-19)
(0.480769114268 0.0566941944126 3.48893846218e-22)
(1.82785044375 0.0728321823117 2.2378143501e-19)
(2.7289495016 0.120136638992 8.4417828049e-21)
(3.0737441272 0.13620435937 2.56138721968e-20)
(3.13412848289 0.146190459088 5.467264041e-19)
(3.10326031316 0.14687156767 -5.39381905979e-19)
(3.05522877608 0.14314279378 -4.37172369032e-19)
(3.00399495783 0.137296791489 -2.97565825878e-19)
(2.92765159897 0.12990891075 9.7465531787e-19)
(2.73189944404 0.119720558516 -9.1797686587e-19)
(0.323284573389 0.0696510008625 3.84865599036e-20)
(1.61601898639 0.173258541364 8.63509330903e-20)
(2.57821492772 0.27510198646 -4.22798253307e-19)
(2.98822984903 0.307258997342 6.64770200272e-19)
(3.08307479927 0.306639454027 3.27304892287e-18)
(3.06421057307 0.287701452738 1.80002043436e-18)
(3.0191838992 0.261849453051 -2.0647938181e-18)
(2.97207544846 0.233771239953 -1.88500063486e-18)
(2.91590681954 0.204655444467 1.97696269494e-20)
(2.79288605834 0.174368055673 2.23812491721e-19)
(0.174178106655 0.0598222371159 -2.27867462223e-20)
(1.37193793707 0.248945965099 4.99143071273e-19)
(2.36665077991 0.417192253326 -1.26701064898e-18)
(2.83368812122 0.476163648261 -1.15708974367e-18)
(2.96568465355 0.471131835269 -8.01177461364e-21)
(2.96304605409 0.43467628066 -6.20581655399e-19)
(2.9232820933 0.387238118391 1.45370100299e-18)
(2.87926964011 0.337532319451 -1.12963829285e-20)
(2.83558835521 0.288064547763 -2.31694513897e-18)
(2.77331308884 0.239823249372 -8.15296441262e-19)
(0.0503254547827 0.0337103313856 -2.64331911644e-19)
(1.12209141938 0.298291962396 4.65042878029e-19)
(2.11186663735 0.538842396559 -1.6935821806e-18)
(2.61725489246 0.63332939022 -9.63473444645e-19)
(2.78304481709 0.630781513946 1.71527463768e-18)
(2.79922894302 0.580779565679 -1.2245590209e-20)
(2.7676401463 0.514003674891 -1.14493850203e-18)
(2.72706769065 0.444234178567 -1.81559167766e-19)
(2.68814628997 0.375097621666 3.0246623829e-19)
(2.64633063717 0.311714747084 3.04015017276e-20)
(-0.0389233654559 0.000458522387178 2.78173543476e-20)
(0.891032046466 0.324343755257 -4.3083246893e-19)
(1.83696019075 0.634305553539 -7.21889392781e-19)
(2.35462950882 0.76805770317 2.42802778304e-18)
(2.5446484348 0.773994918426 -1.50088534563e-18)
(2.57921993852 0.716004734742 2.21598374045e-19)
(2.55835645087 0.634704546946 1.56329452757e-19)
(2.5232160397 0.549201975918 -7.10846652848e-19)
(2.4878108931 0.463445592357 -8.99902859273e-20)
(2.44387622853 0.38892051868 6.47995396985e-19)
(-0.0928082885756 -0.0315737413943 1.29324663623e-19)
(0.69478763863 0.332518447585 -5.49103367457e-19)
(1.56452389298 0.700062284927 1.69658557388e-18)
(2.0676238235 0.870392980833 1.72990500188e-18)
(2.26883584666 0.888236909903 -1.82636058094e-18)
(2.31871878045 0.828018065137 7.92328776815e-20)
(2.31006223049 0.738430829592 2.49862973165e-18)
(2.28283831085 0.643563501632 -1.73343707107e-18)
(2.25318620241 0.546263134951 -8.38917686744e-19)
(2.20364777956 0.466482625074 7.36927915729e-19)
(-0.117047125205 -0.0569186972003 3.84609621709e-19)
(0.538620534842 0.328877434122 2.79144144207e-19)
(1.31185689054 0.736432601309 6.60062771576e-19)
(1.77864847221 0.935577510069 -2.84503901695e-18)
(1.97843126533 0.966190692904 -1.45859266898e-19)
(2.03912435542 0.909163081212 4.37494530227e-19)
(2.04288300753 0.818617455529 -7.09724899991e-19)
(2.02604414622 0.721881292886 -4.75362949292e-19)
(2.00575015865 0.623139962091 8.80248015175e-20)
(1.95944326139 0.541863060314 -3.31769924678e-19)
(-0.120655575549 -0.0739326794817 5.41784351531e-20)
(0.418525774955 0.317309741949 -3.31798907913e-21)
(1.08744302699 0.745270619794 -2.64105080071e-19)
(1.50492835714 0.962264062213 -8.73727207196e-19)
(1.69408164937 1.00330128134 -3.42894770977e-19)
(1.76147339637 0.951813600156 -1.21148450686e-18)
(1.77704620928 0.864240871579 -9.08555479191e-19)
(1.77214031266 0.769102629478 8.03642456849e-19)
(1.76240823113 0.667887582426 4.85854460775e-19)
(1.7231646896 0.592702665702 1.42871292432e-19)
(-0.112257698106 -0.0832074451754 -3.28441106859e-19)
(0.32627826867 0.300857761809 0)
(0.892158031829 0.731703445033 -2.7391488826e-19)
(1.25463953866 0.956013333102 -2.99357137133e-19)
(1.42705202146 1.00478805928 1.6339269642e-18)
(1.49644919237 0.961182187572 3.5397632927e-20)
(1.52039466138 0.881849326642 -1.00437920191e-18)
(1.52399278801 0.795819611808 -7.50483993243e-19)
(1.52420950463 0.705024256782 3.73078056525e-19)
(1.47749306285 0.624160510269 8.41562814358e-19)
(-0.098327996348 -0.0867700834423 9.45435912577e-20)
(0.253610395082 0.280011261219 0)
(0.723700520359 0.699133091729 -6.96502180708e-19)
(1.03244322263 0.921311202602 4.93918388888e-19)
(1.18731353753 0.97405342518 8.29174113763e-19)
(1.25840023008 0.937658754123 1.91930719283e-19)
(1.29207960707 0.866900777406 -2.0469714811e-19)
(1.30878685911 0.78913298464 -8.10782706432e-19)
(1.31986454167 0.711980243165 -1.3288905668e-19)
(1.32820132873 0.638794470688 -3.069587568e-19)
(-0.0829312334236 -0.0865926914394 -7.71985926154e-20)
(0.193747200731 0.254598712335 -1.06848009129e-19)
(0.577130124439 0.65025690334 2.79339442959e-21)
(0.835904208199 0.862379932609 1.38469966595e-19)
(0.973360772404 0.915250508578 -1.44552823118e-19)
(1.04432889298 0.884366731397 6.32833896353e-19)
(1.08473449926 0.821084138166 -7.4660718855e-19)
(1.11083259252 0.750038311612 2.66998016599e-19)
(1.12825644683 0.681388646468 4.52583181456e-19)
(1.16072844084 0.620701752626 -2.06092928743e-19)
(-0.0678761434137 -0.0836201937574 -1.43623998663e-21)
(0.142848770996 0.225304445222 2.6641574304e-20)
(0.448602783475 0.588295143914 3.74389908611e-19)
(0.661963319875 0.784402156208 -2.03329378135e-19)
(0.782771742216 0.834804370809 -4.69949686756e-19)
(0.852112710193 0.808781214597 1.54746594217e-19)
(0.896698216955 0.753253528497 2.50778907769e-19)
(0.929059396365 0.690164764316 9.9195370082e-20)
(0.952031859045 0.629430379758 -1.98510076328e-21)
(0.991870793797 0.580825813259 1.24664475261e-20)
(-0.0537164224736 -0.078158536153 6.49733402337e-22)
(0.0997956858627 0.19290016604 -2.6399632703e-20)
(0.337369113762 0.51560560302 -8.12531112798e-20)
(0.510882664092 0.69104261432 -8.3332575853e-20)
(0.617171037659 0.737224965848 1.71671572479e-19)
(0.685130958679 0.715891338796 -2.3945560278e-20)
(0.733536270991 0.668664671195 -6.80220300834e-21)
(0.771534142106 0.614799819256 1.39694100568e-19)
(0.800879727488 0.562818970025 1.33462839433e-19)
(0.842987468496 0.524012740851 -9.81388023259e-21)
(-0.0408080115928 -0.0704501509805 -9.29062942395e-20)
(0.0641859243615 0.157875012673 -1.93221092068e-20)
(0.243298894569 0.433589454991 8.01935016109e-20)
(0.382890135048 0.584266731854 1.00928396588e-19)
(0.477115944161 0.624586679249 -2.59710028147e-19)
(0.544211436463 0.607466405173 -2.4167637466e-23)
(0.596232925803 0.568442189696 2.54940276197e-19)
(0.639382499379 0.523862713398 -7.63892692111e-21)
(0.674890808046 0.480654425811 -2.93064827616e-20)
(0.71849468206 0.449746892454 -5.15875709291e-20)
(-0.0295137320014 -0.0608182203914 7.34557203922e-20)
(0.0356779408936 0.120576535931 2.54760016606e-19)
(0.166240382829 0.34339933351 6.47282703723e-20)
(0.277859098694 0.465690599301 -2.18536212042e-19)
(0.362350751265 0.498622220813 -1.27377644934e-19)
(0.428938592559 0.48514776836 2.83466376749e-19)
(0.484157239447 0.454042974905 -1.06503513507e-19)
(0.531766406693 0.418506240518 -1.72122671476e-19)
(0.572603544799 0.383918869765 3.87851093347e-20)
(0.617629434984 0.359914202075 2.18544370974e-20)
(-0.0201335815209 -0.0496371659785 2.32635688769e-20)
(0.0140708805427 0.0813285237859 -1.56718413178e-19)
(0.106299070723 0.246304566545 -3.77906226584e-19)
(0.19594089143 0.337192489782 1.75002497016e-19)
(0.272909720495 0.361492338967 2.34225729167e-19)
(0.339213876239 0.351220306796 -4.8484960404e-22)
(0.397061273437 0.327857124636 -1.90722948615e-19)
(0.448282655412 0.301235432612 2.86999496727e-20)
(0.493380046998 0.275255225203 3.45915541602e-20)
(0.539636468527 0.257726933417 -1.24687903134e-20)
(-0.0128970861408 -0.0373325585052 -6.43490960276e-20)
(-0.000714191993774 0.040452453476 -5.57654270001e-20)
(0.0637338104102 0.14373675625 3.13497630695e-19)
(0.137463320411 0.200918309272 6.99502897185e-20)
(0.20901882384 0.215661724446 -1.07323274159e-19)
(0.275147120917 0.208295117058 -3.59691598402e-20)
(0.334935647619 0.19258161417 0)
(0.388806593284 0.17483458901 -1.17808271716e-21)
(0.437000316408 0.157519362191 -1.97608534738e-20)
(0.484171344745 0.146269658001 2.98529829472e-20)
(-0.00795719964396 -0.0243813441131 3.66709190296e-20)
(-0.00867764503755 -0.00170117290489 1.62287314597e-19)
(0.0388349299257 0.0372943406972 1.70271350753e-19)
(0.102763197162 0.0592627879899 -1.63771130175e-19)
(0.170933419415 0.0638698510863 -8.49755071855e-20)
(0.236906006376 0.0592319564574 1.2508182938e-20)
(0.297853123661 0.0511265475402 -3.3096293306e-21)
(0.353327220682 0.0422436048611 3.11124770524e-20)
(0.403399899311 0.033639645288 -8.30386113548e-20)
(0.451080847296 0.0285513243111 -7.98274783793e-20)
(-0.00536491808258 -0.0113232665222 -3.17493184135e-20)
(-0.00975418975928 -0.044796353567 -1.26605880547e-19)
(0.0318191869212 -0.0712944593077 -3.16362280579e-20)
(0.0920748991607 -0.0851794611015 -3.28542677602e-20)
(0.158835564429 -0.0909194033412 2.46747159945e-20)
(0.224599418712 -0.0928861430315 1.05907870506e-20)
(0.285851356753 -0.0934060857709 2.51942449245e-21)
(0.341817543521 -0.0934516834619 -3.87963255272e-21)
(0.392508459596 -0.0933491525247 4.15564957432e-20)
(0.440234177215 -0.0923725411139 5.54027510722e-20)
(1.0905591906 0.384859017728 -8.51499624544e-19)
(0.972663188479 0.168500426511 3.90498464446e-21)
(0.948205850285 0.0642551263116 3.99755152943e-20)
(0.94794655771 0.0153200021275 1.25233138173e-20)
(0.956768432009 -0.00390402561339 1.72453952042e-21)
(0.96820282918 -0.0100240783027 2.41421768553e-21)
(0.97874699239 -0.0104508751658 5.87867325465e-22)
(0.987286228602 -0.00864740604122 1.76628977512e-21)
(0.99330337655 -0.00627543576697 8.55738050174e-21)
(0.997816002797 -0.00261361045476 0)
(0.97064443545 0.360490806835 -3.64006090478e-19)
(0.928771819169 0.151809910816 4.85757137297e-21)
(0.933303304361 0.0522282988028 -4.75740402834e-22)
(0.943379489239 0.00813142095584 4.7620680103e-20)
(0.956225752151 -0.00858513515751 -3.84230743225e-21)
(0.968986137836 -0.0131869570708 -6.65293985391e-22)
(0.979860655274 -0.0127283474712 3.60939495422e-22)
(0.988349986356 -0.0102934980448 6.99973314547e-21)
(0.994217477749 -0.00742262500265 3.15451998599e-21)
(0.998601265839 -0.00309496689207 -4.66155724792e-21)
(0.878500265953 0.329214842934 4.0414845052e-19)
(0.895843634645 0.134985443857 5.77231055402e-20)
(0.920065268232 0.0427865334491 -3.50589712449e-20)
(0.938691398106 0.00248220948425 -1.4163673193e-20)
(0.955294413609 -0.012669883029 4.91831010437e-21)
(0.969635734627 -0.0162503943514 -1.41484481125e-21)
(0.98096141168 -0.0150072360634 1.06767219026e-21)
(0.989463004312 -0.0119403500292 7.14049955127e-21)
(0.995223117537 -0.00856328632314 -7.68162775337e-21)
(0.99950514126 -0.00356977447581 -1.72828728456e-21)
(0.804250498238 0.289865279616 2.55841920629e-19)
(0.86650870543 0.114146537731 -2.60914114033e-20)
(0.907436851702 0.0302817166242 1.48435171999e-20)
(0.934237364775 -0.00558703370459 -2.10005321434e-20)
(0.954698048094 -0.0177231454515 -4.06442225934e-21)
(0.970474135541 -0.0196593124957 -8.9115631005e-23)
(0.982193853928 -0.0174048862861 7.72998070968e-21)
(0.990699141894 -0.0136167683125 -3.63684374207e-22)
(0.996359223593 -0.00970232084178 -3.61791389265e-21)
(1.00053838776 -0.00404099821796 2.84654095469e-21)
(0.742963328881 0.239777309592 -1.71453374802e-19)
(0.841363093917 0.0874059402486 9.68675268073e-20)
(0.896768019039 0.0151583251952 -1.87169064007e-21)
(0.930935088082 -0.0144466163821 -6.65928401402e-21)
(0.95468344001 -0.0232271591472 -3.34693312514e-21)
(0.971618950681 -0.0232925357161 1.74287121883e-21)
(0.983629340583 -0.0198908683182 -1.49845253019e-21)
(0.992098804514 -0.015313911927 -3.11528229845e-21)
(0.99763958926 -0.0108370151019 -1.30742991682e-22)
(1.00170015811 -0.00450726897127 -2.90049308945e-22)
(0.694141920889 0.181241876726 -2.07898981129e-21)
(0.821214294817 0.0563204019031 4.2872846935e-20)
(0.888575001358 -0.00182545269903 3.18576540182e-21)
(0.928880371789 -0.0241837105826 6.14864478548e-21)
(0.955298321876 -0.0291711898761 2.56407517012e-21)
(0.973114444717 -0.0271239687728 -2.36913880131e-21)
(0.985295471167 -0.0224479627116 -5.35753439726e-21)
(0.993674558132 -0.0170236688239 9.27085673971e-22)
(0.999071600866 -0.0119633537379 -3.57897856852e-21)
(1.00299302297 -0.00496695633401 0)
(0.657414469724 0.116518634434 8.68233051704e-20)
(0.806271851985 0.0221092075485 -9.10946249494e-20)
(0.882989241924 -0.020365260515 3.42598009708e-21)
(0.928138646699 -0.0346745786755 -1.70375195525e-20)
(0.956589343292 -0.0354762283453 -3.8016925473e-21)
(0.974993574436 -0.0311122588407 2.16500186111e-21)
(0.987210649757 -0.0250562441056 2.6190878356e-21)
(0.995435072163 -0.0187360636595 -2.50071201886e-21)
(1.00065677982 -0.0130760476633 -2.78923478122e-22)
(1.00441095353 -0.00541796749518 2.4438098433e-21)
(0.632261110343 0.047213282628 -5.73491594205e-20)
(0.796642243203 -0.014632665241 2.38035936657e-20)
(0.880108803456 -0.0401422081303 1.09900183338e-20)
(0.928764795827 -0.0457479896628 5.13166278505e-21)
(0.958591419272 -0.0420619600626 2.99682323987e-22)
(0.977277354393 -0.0352166847656 5.46282354031e-21)
(0.9893872849 -0.0276943395652 4.47401604097e-21)
(0.99738402385 -0.0204402788217 -3.11513670624e-21)
(1.00239569899 -0.0141689402156 2.09975460742e-21)
(1.00595223077 -0.00585771391653 3.07028267641e-21)
(0.618176513387 -0.0251104514524 3.02721091952e-20)
(0.792374789025 -0.0531667165915 -5.26875780306e-20)
(0.880034340295 -0.0608155964253 7.54152530136e-21)
(0.930806732037 -0.0572491968023 -4.41989788088e-21)
(0.961329053825 -0.048849927375 -7.4889393811e-22)
(0.979988168249 -0.0393945197944 3.11169236178e-22)
(0.991837197891 -0.0303394896351 -1.24908853399e-21)
(0.999526705807 -0.0221238430601 -3.09215661357e-21)
(1.00428389529 -0.015234542547 -2.72571607507e-21)
(1.00760986168 -0.00628315701418 1.9227241395e-21)
(0.614898956517 -0.0990829002232 -3.27450174356e-20)
(0.793511115674 -0.0927046178802 1.9248240245e-20)
(0.882795707805 -0.08205630606 -1.81889482111e-20)
(0.934289224323 -0.0690308367922 1.87618051428e-21)
(0.96482550085 -0.0557603022812 1.45820360516e-20)
(0.983139892409 -0.0436021590324 3.13170353455e-21)
(0.994566599413 -0.032967424016 2.3692117408e-21)
(1.00186023412 -0.0237730351509 -7.00593150272e-21)
(1.00631950701 -0.0162645549245 1.96016376931e-21)
(1.00938184439 -0.00669085755657 3.67107344562e-21)
(0.566082317964 -0.0233267088633 9.07157573684e-20)
(0.549690573937 -0.00497698974929 -4.57193106906e-20)
(0.53867678719 -0.000688445148132 -2.89540609449e-20)
(0.535147373115 -0.000464360293447 7.92908148984e-21)
(0.537046877549 -0.000526721423432 -2.51006977983e-21)
(0.542249975148 -0.000443209329714 -6.1141787917e-22)
(0.5478294997 -0.000347625093338 4.13481095663e-21)
(0.552567884804 -0.000257021606091 -2.01320785036e-22)
(0.555974674905 -0.000162586309913 -3.29723064665e-21)
(0.558475940248 -5.56858073257e-05 1.2945315544e-21)
(1.24624846771 0.0274583902668 -1.62318100491e-19)
(1.02451573876 0.0218370779478 -1.31754720757e-19)
(0.945871306761 0.010687086376 -5.57203598042e-20)
(0.920398634535 0.00277192246347 5.24558269281e-21)
(0.915985906947 -0.00107920412136 -7.95034436755e-21)
(0.921116543877 -0.00220662664909 -2.85187021281e-21)
(0.928768689799 -0.0022577878844 -2.60557140489e-22)
(0.935970103302 -0.00185622649546 -7.18415115191e-23)
(0.941368667581 -0.00132980400406 7.49578601228e-22)
(0.945504179102 -0.000541940834891 4.04465572053e-22)
(1.31562387054 0.149441937222 -2.11308056584e-19)
(1.08030455029 0.0679507458232 1.02264744013e-20)
(0.994496053848 0.0271838893398 -2.12072406183e-21)
(0.966418157169 0.00738733344649 9.24890406798e-35)
(0.961539343149 -0.000891973800777 -8.14146530964e-22)
(0.966930231281 -0.00378436001449 0)
(0.974992338481 -0.00411828606188 1.66088765665e-21)
(0.982618457537 -0.00344466720888 -2.50702987459e-34)
(0.988356752004 -0.00249496357211 4.5628961501e-36)
(0.992793047498 -0.00102956734165 1.88475640936e-21)
(1.27694230412 0.241230663332 4.40027323167e-19)
(1.06533053271 0.107795912358 -6.98430287637e-21)
(0.989383718089 0.042803874409 0)
(0.965658182337 0.0116055835081 3.03186905436e-20)
(0.963076740604 -0.00127474307757 0)
(0.969586362237 -0.00561671249194 0)
(0.978263605252 -0.00615848230266 0)
(0.986165375045 -0.00517348218555 4.37501198806e-23)
(0.992021677217 -0.00376586876391 2.06603513891e-23)
(0.996516454106 -0.00156451495574 -2.87086434304e-22)
(1.24060196274 0.353560734929 -6.42332805689e-19)
(1.04986305705 0.156276888886 -5.67855767808e-21)
(0.980012039906 0.0610652890785 0)
(0.960269288485 0.0164905610088 -2.57341178481e-20)
(0.960745179646 -0.00170793104831 1.80610296712e-20)
(0.968861682112 -0.0075577748349 0)
(0.978310446378 -0.00827347486138 0)
(0.986581857362 -0.00694204869791 -1.93160237284e-21)
(0.992593486195 -0.0050541152208 -1.07534465032e-22)
(0.997153170822 -0.00210444607597 -9.5219683113e-23)
(0.266898673846 0.00183259063471 7.33603228003e-21)
(0.238863279207 0.00437452970981 -2.56895008808e-21)
(0.212874057674 0.00855405776859 1.20409703394e-20)
(0.18476857577 0.0148900229295 5.44101143822e-19)
(0.166508428165 0.0191940539815 4.77941731045e-19)
(0.168599020329 0.0184661210126 1.61472223204e-19)
(0.226116074681 0.00647637946634 2.75416063687e-19)
(0.306760605419 -0.00332867901953 -8.60807688138e-20)
(0.413888705283 -0.0326629336561 4.41563029812e-20)
(0.554651534776 -0.0280595482724 1.74624263367e-19)
(0.792097660947 0.0165766444392 2.89855650997e-20)
(0.756372068074 0.0250422555576 -1.40280512585e-20)
(0.764676815609 0.0356526617794 3.99769469867e-20)
(0.825430371566 0.0468827324713 7.46333410116e-19)
(0.957267704656 0.0512097936088 -1.11587210811e-19)
(1.12877848975 0.0461392025193 2.32078247876e-20)
(1.3426060554 0.020732681828 -9.50704580513e-20)
(1.47016131665 0.025797473625 4.55185807046e-20)
(1.57096672293 -0.0180790938074 -2.04469396087e-19)
(1.56190062403 0.038724855257 -2.57293483634e-19)
(1.33044924848 0.0370290107876 -2.53448912589e-19)
(1.32214592433 0.0505149391095 8.34585525773e-22)
(1.40496631812 0.065368013729 9.90047203918e-21)
(1.57762860832 0.0797017750328 1.70981372182e-20)
(1.80562043553 0.0912886267306 -2.25496646056e-19)
(1.98642237106 0.101161009311 -4.31369654379e-19)
(2.07643845606 0.103083932075 -3.95520277608e-19)
(1.98786238115 0.146533394359 4.01345950886e-19)
(1.88762515162 0.134851974019 6.06258400715e-19)
(1.67466551756 0.234697514298 2.69993424452e-19)
(1.83274170185 0.0556169961371 2.5816685631e-19)
(1.86383660376 0.0749437135136 1.48692112693e-19)
(2.00309184757 0.0964987328107 -7.68950872859e-20)
(2.20181106969 0.122744479139 8.59073449274e-20)
(2.35408233981 0.154968572839 -3.85462574947e-19)
(2.36368983037 0.191720703881 -1.83650952122e-19)
(2.24665121186 0.229878217684 5.30850393022e-19)
(2.02329010824 0.295952364419 5.30275820024e-19)
(1.86062448295 0.305089578923 -2.7017633046e-19)
(1.60977750092 0.394004374511 -4.10261441511e-19)
(2.24022762381 0.0678733855779 1.54146886303e-18)
(2.3039595761 0.0970809211231 -2.47107077727e-19)
(2.4493260766 0.13129990271 3.99603291248e-19)
(2.57533231939 0.176228456118 4.5911030117e-19)
(2.57509999737 0.231513146988 7.33411289471e-20)
(2.43901251527 0.293869145499 4.23862887358e-19)
(2.22794941581 0.360796438625 -8.90651902154e-19)
(1.99045102323 0.432987775442 7.17255031481e-20)
(1.80024385367 0.470032248191 3.16135530607e-19)
(1.5256765368 0.547196790325 -5.16935977976e-20)
(1.1144458377 -0.541695835331 5.67085865831e-20)
(1.11220010444 -0.597619077902 -2.01853014281e-20)
(1.12672246786 -0.657685470346 -3.73678028771e-19)
(1.14027222786 -0.720347566607 -1.99444413511e-19)
(1.14458476391 -0.786555201588 8.50086472327e-19)
(1.13913445739 -0.85693148426 1.47947005485e-19)
(1.11509268849 -0.923660977511 -4.52600656801e-19)
(1.02956689962 -0.940214882866 4.65523553493e-19)
(0.793958819142 -0.786689320621 -1.38516935575e-19)
(0.34494236683 -0.360060797629 -3.63332308615e-19)
(1.05689351362 -0.510402219076 -8.20114010937e-21)
(1.0438828729 -0.562945539978 7.76210397021e-20)
(1.03337758141 -0.6164837496 3.07049035827e-19)
(1.02032024308 -0.673857985734 -3.60817273721e-19)
(1.0021141289 -0.737149316131 -8.3766995355e-19)
(0.978592670409 -0.805401024524 7.21165378101e-20)
(0.941441281232 -0.869761853752 7.84999266202e-20)
(0.855100721738 -0.88570806038 -1.75774191385e-19)
(0.649699695406 -0.740531330746 4.91275536985e-19)
(0.278100493727 -0.338511780109 -1.99086021065e-19)
(0.92611984252 -0.479350249822 -4.48055390545e-20)
(0.903347920084 -0.52601965656 0)
(0.884304571722 -0.575763322398 4.24532880742e-20)
(0.86468008455 -0.629214740536 2.85077343821e-19)
(0.841141007526 -0.686719068408 -2.80754544414e-20)
(0.81231290679 -0.747607827985 -3.66257338345e-19)
(0.770845588475 -0.80413326223 4.28372231903e-19)
(0.688709754877 -0.815524975769 6.00092311979e-20)
(0.514280035677 -0.679121892312 -2.13858968622e-19)
(0.216083859987 -0.309461637157 2.14032479351e-19)
(0.82305866856 -0.424991642665 -7.60503622716e-20)
(0.798205317973 -0.466759091786 -2.75074571993e-20)
(0.773606039375 -0.51184898682 9.37574515387e-22)
(0.746126658672 -0.559770589563 -1.19042179242e-20)
(0.713769003214 -0.610746185155 1.71527526704e-20)
(0.675877776262 -0.664500293103 -1.13954608517e-19)
(0.626914054492 -0.714287295062 7.06966307934e-20)
(0.545949118224 -0.723816504632 3.39979788701e-19)
(0.397279564377 -0.601979896568 0)
(0.162315619915 -0.273971004511 0)
(0.728640270105 -0.357850526156 1.3883880946e-19)
(0.70027498662 -0.393205436331 8.49350182697e-20)
(0.669897279537 -0.43207222323 4.98288766273e-20)
(0.635743201376 -0.473547749504 1.72667257169e-20)
(0.5967025192 -0.517511112047 0)
(0.552265781218 -0.56369741241 -7.69532119779e-20)
(0.498121957503 -0.606284855713 -9.42416606683e-20)
(0.419408470766 -0.614120687248 -1.11184776434e-19)
(0.294189984001 -0.509685234813 1.75758277077e-19)
(0.115113917165 -0.231428965589 4.66474079243e-20)
(0.649101017359 -0.280019939993 -1.44608845611e-19)
(0.618087626743 -0.308625688507 1.95578820626e-20)
(0.583307848088 -0.340622303731 1.41087085521e-19)
(0.543991497383 -0.374794057211 0)
(0.499604689053 -0.410845352363 0)
(0.449726249739 -0.448610821367 0)
(0.39117699026 -0.483375753342 -7.06401121703e-20)
(0.31441627244 -0.489780977752 3.3690977318e-20)
(0.208317479279 -0.405725448593 6.40794580997e-20)
(0.0756699051107 -0.183606125788 7.53747643018e-20)
(0.586256634715 -0.192807287409 3.00138305125e-19)
(0.552956603844 -0.214321648372 4.37615933596e-19)
(0.514489717107 -0.238791610174 6.64561608103e-22)
(0.470973820249 -0.264968308019 -5.44430950638e-20)
(0.422323309807 -0.292512299812 1.2575400148e-20)
(0.368170198124 -0.321322818632 -8.0329467897e-20)
(0.306233047651 -0.347868072647 -1.44493369697e-20)
(0.231139530299 -0.353219924117 1.09271763205e-19)
(0.140067454892 -0.291962861153 -8.93098765748e-20)
(0.0441891338074 -0.130966116257 -5.01787885928e-20)
(0.540945627251 -0.0981481012468 1.69475722178e-19)
(0.505915066392 -0.112559754103 -2.92298280824e-21)
(0.464710032828 -0.129185895668 -6.49966372567e-20)
(0.418123905181 -0.146968164634 5.43850019063e-20)
(0.366387574483 -0.165603727025 -6.14788454135e-20)
(0.309159158715 -0.185057836659 -1.5107714936e-19)
(0.244798249085 -0.203089095691 5.01685592512e-20)
(0.170919206523 -0.207666782006 7.01745960927e-20)
(0.0908695686634 -0.170743970338 -2.98392552471e-20)
(0.0216037348557 -0.07464317349 -6.73286446334e-21)
(0.513524147007 0.00147027685119 -4.88452473892e-20)
(0.477429050387 -0.00574624068864 -1.35925424123e-21)
(0.434541804752 -0.0142802143207 5.70837516307e-20)
(0.38608155127 -0.0233930943957 1.57969063219e-19)
(0.332481092557 -0.0328646284865 9.91497646054e-22)
(0.273407959281 -0.0427184347481 5.1916188787e-21)
(0.207611709546 -0.0520726134862 1.04093673979e-19)
(0.134542037071 -0.0560863626986 -4.63930429144e-20)
(0.0613839555078 -0.0445672567199 -1.73600192524e-20)
(0.00832271971595 -0.0159986450455 1.19517306229e-20)
(0.504623159552 0.103564570889 -1.96795101945e-19)
(0.467991390973 0.10359558142 3.16311832408e-22)
(0.424440421317 0.103280531211 2.05513706806e-19)
(0.37530284398 0.102961421816 0)
(0.321059877238 0.102758329937 4.17964286606e-20)
(0.26138140946 0.102595826992 5.19012536477e-21)
(0.195156641142 0.101954047598 6.13589847374e-20)
(0.122514834031 0.0983235426702 1.59956364193e-20)
(0.0520541969492 0.0837884082908 5.41720164093e-20)
(0.00455894235703 0.043513297422 3.06724089558e-20)
(2.63657478781 0.0214680492472 1.30532788337e-18)
(2.82822507671 -0.00405525650317 -1.36761453176e-19)
(2.90948876758 -0.0377212452775 -1.17398513639e-18)
(2.96262159204 -0.0742355370661 1.15512564469e-18)
(3.01251578863 -0.111679354714 -4.16490950628e-20)
(3.05628521077 -0.150199529734 -4.02150969549e-18)
(3.04615375037 -0.190874359243 3.44758997011e-20)
(2.81902464305 -0.201035463793 2.68002353694e-18)
(2.07839322437 -0.175910104414 6.46234248146e-19)
(0.742526220172 -0.0364503310676 3.94639030403e-19)
(2.60979514717 -0.0369538901731 9.75022395613e-19)
(2.74087245171 -0.0781665082351 -1.14490302535e-18)
(2.80219421752 -0.126043291576 -2.60045487186e-19)
(2.84956408258 -0.177985116526 7.24057962641e-19)
(2.89762385782 -0.231630753646 2.30552204045e-18)
(2.94288775228 -0.288130591076 -4.98964726884e-19)
(2.94657256414 -0.341736843962 -3.55991203453e-18)
(2.76262083319 -0.356466609357 5.973626772e-19)
(2.10536607398 -0.308765096599 -7.88012699204e-19)
(0.818401416264 -0.103087792746 2.10813300402e-19)
(2.54209361122 -0.100534035213 5.09857409853e-19)
(2.61663819724 -0.155820752706 1.24335157355e-18)
(2.66079957229 -0.21493025272 -1.03764377772e-18)
(2.70286303024 -0.278440344396 -1.17367919019e-18)
(2.74823204787 -0.344837845356 2.20872771675e-19)
(2.79256761824 -0.413853537902 1.69875758461e-18)
(2.80325690198 -0.479731591365 2.8610379581e-19)
(2.65270551046 -0.512019848617 -1.72108933841e-18)
(2.06654156291 -0.438919324085 -2.16377606573e-19)
(0.854482055338 -0.166943597877 -4.41078991364e-20)
(2.41269737296 -0.16977333139 -7.3313245634e-20)
(2.45621301263 -0.23520006225 -2.750855468e-19)
(2.49225735605 -0.302556789926 8.69401783364e-19)
(2.5308660711 -0.374431807431 -1.31237944442e-18)
(2.57292277894 -0.449979360882 6.44111633875e-19)
(2.61431934078 -0.528773106716 -6.05734826696e-19)
(2.62748130478 -0.606227129295 -1.25259559749e-18)
(2.49855117483 -0.645941783399 1.82663519298e-18)
(1.97288533133 -0.557583669862 -1.65416866015e-19)
(0.8541082934 -0.234671521796 -2.47384122562e-19)
(2.24022246419 -0.24702943529 1.46273219499e-19)
(2.27526518997 -0.317247406863 2.37107506646e-19)
(2.30825303476 -0.388358155202 1.20961237017e-19)
(2.34292240741 -0.464539149526 -2.70819548063e-19)
(2.37998149669 -0.545597549556 2.21455807149e-19)
(2.4161839558 -0.631149366767 1.64697687251e-18)
(2.42768516947 -0.715783167342 -2.11085114673e-18)
(2.31252797415 -0.760340843325 -2.45183301694e-18)
(1.83912716433 -0.656958349342 7.73289598066e-20)
(0.816062939105 -0.29237444547 -2.32461941409e-19)
(2.05907621084 -0.328515849727 -4.21592790639e-19)
(2.09201751607 -0.398226596934 -7.7636530041e-19)
(2.12039651899 -0.468320595081 -1.5184143278e-18)
(2.1481506281 -0.544708305283 -2.05264142168e-19)
(2.17742741913 -0.627713496661 7.46392306714e-19)
(2.20586105222 -0.716504423026 1.2921942827e-18)
(2.21211553072 -0.804888290913 1.47150138538e-18)
(2.10538315315 -0.850239573508 2.95399361082e-19)
(1.67834347953 -0.734622346232 -1.12970661961e-18)
(0.754550846017 -0.337157103348 -6.31753495676e-19)
(1.89041336994 -0.401875048307 -1.08894701299e-19)
(1.91746949082 -0.468152476135 1.68380612214e-18)
(1.93584266599 -0.534167221038 1.19136693344e-18)
(1.95223110411 -0.608095257321 -1.99815698908e-18)
(1.9706040769 -0.690614539497 -1.01689174752e-18)
(1.98899977 -0.780212748317 6.45099515335e-19)
(1.9877546908 -0.869467083946 2.11047388851e-19)
(1.88588227118 -0.913254352342 -1.14230355002e-18)
(1.50103825012 -0.786914567514 1.35159041786e-18)
(0.677216145287 -0.366799531061 -1.41965352812e-19)
(1.73748051578 -0.452671350911 5.21571138228e-19)
(1.74879933599 -0.514614810296 -8.92833949998e-20)
(1.75087014501 -0.576036543181 -2.06191941688e-19)
(1.75292847232 -0.647564716036 6.41966378208e-19)
(1.75950794487 -0.729517751031 1.12159070958e-18)
(1.76792548167 -0.819148692831 -5.28847670562e-20)
(1.75921148492 -0.907799601994 -3.52559292791e-19)
(1.66114576343 -0.948442621208 -3.24616350106e-19)
(1.31568020072 -0.813402022619 3.10942966679e-20)
(0.590984807023 -0.380701132711 6.80687914438e-19)
(1.57818700457 -0.473837451178 -7.67440424279e-20)
(1.56173461055 -0.532471122544 -4.16358441948e-19)
(1.54805107556 -0.59265011085 -5.9096603741e-21)
(1.54147419762 -0.665223202648 5.56356499443e-19)
(1.54180579542 -0.748626913722 -7.98454580769e-19)
(1.54440913044 -0.838566147703 1.52581623616e-18)
(1.53095619249 -0.925462128477 9.35032999947e-19)
(1.4377269622 -0.961325623741 -1.02308784695e-18)
(1.13046254299 -0.818608668153 -3.06431411025e-19)
(0.502579634205 -0.381036108717 3.27926221141e-19)
(1.37571460709 -0.487116739315 -2.47848806002e-19)
(1.33454154461 -0.544491137677 -2.82957964315e-19)
(1.32233968924 -0.609723243532 1.66181855379e-20)
(1.32351362165 -0.685372694444 8.6595641812e-19)
(1.32740674449 -0.767709881497 1.46914337225e-19)
(1.32852543287 -0.85330808726 -1.15323459263e-18)
(1.31197031485 -0.933362884094 5.67377120124e-19)
(1.22403000706 -0.960417291395 3.30571295167e-19)
(0.954074031772 -0.809999513192 -4.01764582835e-19)
(0.419181782625 -0.373178583224 1.73816032342e-19)
(0.806754386076 0.0552128564936 -7.27236137196e-20)
(1.17788974845 0.0386268902605 -5.50462419022e-21)
(0.903783482449 0.0226906265498 1.50041064842e-20)
(1.04260138982 0.0238019270758 -5.93949302146e-21)
(0.983004137513 0.0169855618438 3.35948088027e-21)
(0.964582308352 0.0100385576268 -5.67450107827e-23)
(0.950855213193 -0.00864143891805 1.41707632231e-20)
(0.9564624535 -0.0475791587994 2.71564028306e-22)
(0.959596108349 -0.149035249915 -6.53913269126e-20)
(1.15728583872 -0.361243889744 -2.6901746624e-19)
(0.807434616929 0.0523281042733 4.10583835811e-20)
(1.17476865325 0.0393297629503 -2.83645538823e-20)
(0.904591473182 0.0253791021216 9.85179937219e-21)
(1.04080141815 0.0278961817162 1.99240407067e-20)
(0.984743897199 0.0207749980723 -9.98092584966e-21)
(0.964384807126 0.0150344327491 1.84885838954e-21)
(0.947440531087 -0.000950149849595 1.10787444037e-20)
(0.945641100202 -0.0342513980808 -3.40027143353e-20)
(0.927572568309 -0.132478787294 4.69909310845e-22)
(1.07005570773 -0.29519516052 -1.11007509729e-18)
(0.808443632167 0.0493165739816 5.780438553e-20)
(1.17294165102 0.0398956411512 3.55452616391e-20)
(0.905213139365 0.0280380475499 1.46324399234e-20)
(1.03894680017 0.0316403530273 2.47902364038e-20)
(0.98615812964 0.0248347473409 2.28711031739e-21)
(0.963849065359 0.0201864842868 -6.35646155999e-21)
(0.9435780038 0.005392919542 8.28045941297e-21)
(0.932890749061 -0.0236761212015 0)
(0.894955480196 -0.123305665026 -2.48846652848e-20)
(0.980357266119 -0.27307671475 -1.3415465538e-19)
(0.809396568287 0.0460773969533 -3.44953501918e-20)
(1.17135215389 0.0404652368479 2.47698091141e-20)
(0.905961457579 0.0307210647114 -1.82533743381e-20)
(1.03724648749 0.035062924704 4.67805386607e-21)
(0.987362280328 0.0290847060779 3.63284368925e-20)
(0.963586851451 0.0256825533229 -1.38511116554e-20)
(0.940456770652 0.0135913874389 -4.88848321244e-21)
(0.920826832665 -0.0106240299668 1.47500801865e-20)
(0.870115773829 -0.103465035926 -5.17025878846e-20)
(0.894690732307 -0.231008762133 3.2795518783e-19)
(0.81022007653 0.0427168290707 1.25389318584e-21)
(1.16986130517 0.0410193596965 -1.29701873544e-21)
(0.906804033589 0.0334045929693 6.91308132066e-21)
(1.03583620156 0.0381779875926 1.60881359268e-23)
(0.988508985466 0.0334662433925 -2.05175857919e-21)
(0.963692518269 0.0315556106867 1.42548456376e-20)
(0.938500075198 0.0224995530567 5.56785931132e-21)
(0.91024780108 0.00357915749199 8.49690018851e-21)
(0.851850791696 -0.0775581233925 3.75244873791e-20)
(0.820743175017 -0.186592071866 2.92270138686e-19)
(0.810897028643 0.0392725144918 -1.8594478144e-21)
(1.16851876133 0.0415143686752 2.45437034764e-20)
(0.907686260932 0.0360844149907 1.44158189459e-21)
(1.0348030262 0.0410018007971 -1.63955588134e-21)
(0.989692125142 0.0378978741369 -2.51654085765e-20)
(0.964199697607 0.0376972229448 1.08785388041e-20)
(0.937669346404 0.0319852718489 3.31112436676e-21)
(0.901694759279 0.0188274480639 -6.40436813458e-23)
(0.838944427541 -0.0465761751801 2.46828326262e-20)
(0.75976411348 -0.137272400964 7.43110549947e-20)
(0.811410177653 0.0357820133081 0)
(1.16732216425 0.0419249309835 -3.21771081375e-20)
(0.908560851741 0.0387467839262 -8.01476724376e-21)
(1.03416736082 0.0435541696237 -1.93543870553e-21)
(0.990986493773 0.0423108914456 -2.6165872863e-20)
(0.965149246665 0.0440303611785 -1.35624649912e-21)
(0.937953864781 0.0419724690699 -8.33235944563e-21)
(0.895596566515 0.0350779589754 1.04163425143e-20)
(0.830306551476 -0.0128819142936 4.53691068858e-21)
(0.712784818245 -0.0827704164096 -2.11278794174e-19)
(0.811742266131 0.03228220746 0)
(1.16632478853 0.0422343499623 0)
(0.90938934521 0.0413669578719 -1.1630996073e-20)
(1.03398499279 0.0458541391444 1.50246240798e-20)
(0.992462661743 0.0466528995216 -1.58430939817e-21)
(0.96659225777 0.0504815016337 1.89413969931e-20)
(0.939304578368 0.0523797961241 -1.95815045801e-20)
(0.892084197735 0.0519545147487 -1.19573419402e-20)
(0.825685281189 0.0220993508489 -7.41624475715e-21)
(0.6797706013 -0.0227143441719 -2.21584335158e-21)
(0.811879690924 0.0288075595065 0)
(1.16556717911 0.0424287749825 1.53674447491e-20)
(0.910143527837 0.0439132289175 8.92295726788e-21)
(1.03426947613 0.0479160775651 -2.72564285435e-21)
(0.994176021153 0.050882975957 2.93111088019e-20)
(0.968592878488 0.0569770148849 -1.5850199994e-20)
(0.941661003217 0.0630933184479 -1.36567168661e-20)
(0.891312077839 0.0692562736803 -3.02687023405e-20)
(0.825033379111 0.0583324466602 1.24908455959e-20)
(0.660474055676 0.0401159437463 -3.93207580791e-21)
(0.811808262466 0.0254339303296 -1.30823746831e-21)
(1.16502883583 0.0425097990167 2.68598589476e-20)
(0.910803008185 0.0463494866774 -4.93311480405e-21)
(1.03503311591 0.0497491805179 -2.25004554915e-20)
(0.996171932996 0.0549684352986 1.32137177932e-21)
(0.971211484494 0.0634490874018 -9.35232617624e-21)
(0.944989177942 0.0739806640022 8.89280078619e-21)
(0.893466889078 0.0868601885676 1.72421944427e-20)
(0.827756773809 0.0953450701209 -4.90454308046e-20)
(0.655714878339 0.104451045955 1.82820230426e-20)
(0.63728149474 0.0476568355973 1.09917306667e-19)
(0.718575391972 0.0186893482508 1.88311749442e-20)
(0.489769233167 -0.0015366393734 -5.74430720942e-21)
(0.606769263791 0.00265584077818 -1.31433838121e-20)
(0.549490183794 0.00041803948689 1.8775174918e-21)
(0.543682177461 -0.000118408724174 8.97975899772e-24)
(0.546309449854 -0.000864576811676 3.0290613777e-21)
(0.579152121993 -0.00347264317671 -1.65484870647e-20)
(0.620954938046 -0.00809075893633 6.31648973661e-22)
(0.829873685116 -0.0139709763209 -1.92130366115e-20)
(0.797823457203 0.0909638018378 2.11905646563e-19)
(1.15195638709 0.0363083336672 2.74316018934e-20)
(0.861905503015 0.00875652096825 9.21451840768e-22)
(0.995680889079 0.00528059650229 -4.95078200215e-21)
(0.935644557617 0.0042850046816 2.54676994792e-21)
(0.924303541122 0.000714928035293 -6.65406956849e-21)
(0.924481183939 -0.00542000175307 1.29916108218e-20)
(0.96503883287 -0.0174512605974 -2.53261902789e-20)
(1.01148495232 -0.0486947673159 -5.82517721662e-20)
(1.28404586733 -0.0905551989189 1.07882393638e-19)
(0.810795875194 0.0698418154629 8.79233026308e-22)
(1.19740352809 0.0354186423307 2.03253537701e-21)
(0.906556034174 0.0109788945055 -6.89719901818e-21)
(1.04302631259 0.0105978472764 -3.81165638854e-21)
(0.982437847048 0.00708705366631 0)
(0.969490345322 0.00219780298106 0)
(0.967165783637 -0.00829975306095 0)
(1.00182270062 -0.0283650062422 0)
(1.04686619814 -0.0811878332947 9.9583743622e-21)
(1.27663999974 -0.165789236545 1.59217559417e-20)
(0.809399132961 0.0649013488982 3.0304504976e-21)
(1.19213090548 0.0369073796722 -1.13407668022e-20)
(0.906690308121 0.0162479615732 -7.37903597143e-21)
(1.0457474007 0.0152888664409 0)
(0.984599430989 0.0103308846862 0)
(0.970478264615 0.00414182289612 0)
(0.965727156309 -0.0103242243586 0)
(0.99282690808 -0.0383641661271 0)
(1.03599597955 -0.110974157895 0)
(1.22019565297 -0.245890801846 8.10831988939e-20)
(0.806774145255 0.0593509155967 -1.41427865381e-21)
(1.18466268737 0.0378836027666 -1.02953692028e-20)
(0.903576856276 0.0196302816111 0)
(1.04482017041 0.0196538204366 -1.12384174753e-20)
(0.982908219239 0.0136340764792 0)
(0.967348414525 0.00658101201861 0)
(0.959998498191 -0.0117889506966 -2.34394695784e-20)
(0.97838058561 -0.0474346716913 5.67424579448e-20)
(1.01222019104 -0.135000184995 0)
(1.15692957714 -0.338588538517 6.74862635093e-19)
(0.939431650676 -0.00241561338668 -9.95167266043e-20)
(0.916179017828 0.0138518983585 1.4279779739e-20)
(0.874188302719 0.0296882153954 3.08949637879e-19)
(0.799826898397 0.0342577734984 4.7321638811e-19)
(0.679745802482 0.0221798208438 1.97518282816e-19)
(0.55881306039 0.00616443956207 -4.331029176e-19)
(0.473473276146 -0.00126199299813 -3.35270088372e-20)
(0.407799966063 -0.000393033159862 -5.66462969233e-20)
(0.349837426836 0.0014002936109 -1.33366609632e-19)
(0.302730712108 0.001705532496 9.06786728971e-20)
(1.45606521241 -0.0957927462742 -2.10982256466e-19)
(1.49685654024 -0.0860828001203 -1.86608136949e-19)
(1.54521887927 -0.0580466801744 -6.02339728927e-20)
(1.59057743454 -0.0177560067957 -3.34979330165e-19)
(1.57707708854 0.0101185036743 3.50671002863e-19)
(1.47466403778 0.0126013887767 4.26857739078e-19)
(1.30940801317 0.00274796420427 3.04180647152e-19)
(1.13332335561 0.0016233442507 2.84917517431e-19)
(0.980958750302 0.0071198137211 -3.13384218857e-19)
(0.866861396433 0.0119882348004 -9.42748768551e-21)
(1.51875187804 -0.186297901149 -1.20858327065e-19)
(1.59833563566 -0.187158001111 -3.68924642198e-19)
(1.69922417502 -0.162102443383 3.77844681123e-21)
(1.82202379349 -0.115302902721 2.01211323394e-19)
(1.92550990913 -0.0685211916348 -5.91109970053e-19)
(1.96031339915 -0.0348482764606 -1.14951327759e-19)
(1.89204653653 -0.0157937663302 -3.85022688957e-19)
(1.73797192133 -0.00186385337905 2.73663547485e-19)
(1.55940340404 0.0122104540446 1.04547579729e-19)
(1.41439419869 0.0247695495596 1.18443672659e-19)
(1.49063651827 -0.294438462321 -1.34266078558e-19)
(1.59033008554 -0.304535303954 2.04791490494e-19)
(1.7161505137 -0.278316541333 1.02197302169e-20)
(1.86851959891 -0.220957808555 -1.70170479329e-19)
(2.02588657159 -0.157047682277 -1.42569203259e-20)
(2.15489332233 -0.0992968905027 -1.23532028594e-19)
(2.20509295776 -0.0535566780148 -2.00995871824e-19)
(2.14806770846 -0.0174983290603 -2.23481252378e-19)
(2.0214567052 0.0122281668999 -6.34366691817e-21)
(1.89757111215 0.035462614547 -4.86293039145e-19)
(1.47427335355 -0.380335194597 -2.53486516342e-19)
(1.58673566332 -0.384558051707 -2.02331620414e-19)
(1.7097881813 -0.371301054365 2.25778142676e-19)
(1.85544840678 -0.323193785558 -4.45818344293e-19)
(2.02440347796 -0.252673871223 2.57457463223e-19)
(2.19872554563 -0.176560131711 -1.76161594562e-19)
(2.33657741197 -0.107876027083 6.12651210397e-19)
(2.38623415388 -0.0501156964162 -2.56332318167e-19)
(2.34431669206 -0.00223804825187 1.35052934075e-19)
(2.27071265059 0.0359406679539 -1.45429229495e-18)
)
;

boundaryField
{
    left
    {
        type            fixedValue;
        value           uniform (1 0 0);
    }
    right
    {
        type            zeroGradient;
    }
    down
    {
        type            noSlip;
    }
    up
    {
        type            noSlip;
    }
    cylinder
    {
        type            noSlip;
    }
    defaultFaces
    {
        type            empty;
    }
}


// ************************************************************************* //
