/*--------------------------------*- C++ -*----------------------------------*\
  =========                 |
  \\      /  F ield         | OpenFOAM: The Open Source CFD Toolbox
   \\    /   O peration     | Website:  https://openfoam.org
    \\  /    A nd           | Version:  13
     \\/     M anipulation  |
\*---------------------------------------------------------------------------*/
FoamFile
{
    format      ascii;
    class       volScalarField;
    location    "7.875";
    object      p;
}
// * * * * * * * * * * * * * * * * * * * * * * * * * * * * * * * * * * * * * //

dimensions      [0 2 -2 0 0 0 0];

internalField   nonuniform List<scalar> 
440
(
-1.01046
-0.990054
-0.991544
-0.980956
-1.06212
-1.05919
-1.03647
-1.01409
-0.994482
-0.979736
-1.17754
-1.13907
-1.09225
-1.03599
-0.977776
-1.30519
-1.25027
-1.14742
-1.028
-0.908687
-1.38163
-1.30572
-1.13908
-0.969452
-0.816999
-0.469527
-0.481345
-0.5068
-0.540038
-0.562479
-0.725162
-0.739409
-0.772791
-0.824362
-0.873441
-0.914175
-0.925788
-0.955547
-1.0044
-1.06535
-1.0013
-1.0016
-1.01524
-1.04694
-1.10149
-0.987335
-0.973658
-0.964166
-0.958945
-0.992232
-0.431797
0.0281575
-0.0775229
-0.0459191
-0.139381
-0.64525
-0.020288
0.0651572
-0.074836
-0.26029
-0.878026
-0.0773177
0.361768
-0.0665617
-0.361431
-1.02428
-0.0472409
0.666304
0.0030745
-0.388963
-1.05126
0.126091
0.785294
0.0972064
-0.313692
-0.840004
0.420374
0.786855
0.14884
-0.203642
-0.476784
0.496583
0.568954
0.133087
-0.0975014
-0.296837
0.424356
0.728329
0.242542
-0.0284264
-0.14694
0.382947
0.806893
0.319469
-0.0395548
-0.0686315
0.359779
0.834144
0.480834
0.00100924
-0.560328
-0.684743
-0.862421
-1.03458
-1.19213
-0.299383
-0.429231
-0.525243
-0.59357
-0.628771
-0.117574
-0.233149
-0.298705
-0.346862
-0.371613
-0.00999997
-0.111685
-0.17437
-0.210207
-0.21891
0.0403938
-0.0590348
-0.120236
-0.149802
-0.144667
0.917233
0.757869
0.554511
0.328413
0.0830421
0.465323
0.29698
0.0939039
-0.137382
-0.402162
0.026434
-0.144159
-0.359149
-0.598033
-0.850999
-0.363349
-0.537938
-0.755597
-0.988996
-1.18548
-0.630776
-0.807661
-1.01176
-1.22611
-1.35541
2.1134
2.14078
2.16386
2.17224
2.16342
1.89518
1.91205
1.92193
1.91382
1.88382
1.65661
1.63966
1.59858
1.53388
1.44128
1.38675
1.34957
1.27515
1.16853
1.03129
1.14875
1.03712
0.894067
0.731207
0.532408
1.90801
1.8979
1.88044
1.94883
2.0129
1.89613
1.8835
1.8564
1.91959
1.90502
1.88522
1.86622
1.83043
1.87795
1.77133
1.87564
1.84571
1.80267
1.82243
1.58155
1.8675
1.82737
1.77364
1.7668
1.38245
1.86051
1.79191
1.73674
1.65554
1.16138
1.85696
1.75605
1.71749
1.54746
1.27247
1.86358
1.73384
1.69797
1.49264
1.30558
1.85554
1.70804
1.68957
1.44282
1.30889
1.89346
1.69998
1.68668
1.41106
1.3081
0.880289
0.548376
0.181972
-0.148468
-0.361395
0.759093
0.529457
0.278538
0.0509575
-0.144125
0.741688
0.554205
0.363143
0.188331
0.0165537
0.787377
0.606763
0.430476
0.269549
0.115501
0.814352
0.635577
0.466331
0.311167
0.163342
-0.552787
-0.446218
-0.307732
-0.197165
-0.131388
-0.588846
-0.538045
-0.438289
-0.359267
-0.316419
-0.501637
-0.458562
-0.40669
-0.369677
-0.352444
-0.359059
-0.326209
-0.294745
-0.273666
-0.264138
-0.258992
-0.241812
-0.222795
-0.207561
-0.228167
-0.198876
-0.191351
-0.174461
-0.159812
-0.14661
-0.197736
-0.191182
-0.177743
-0.164313
-0.161247
-0.220361
-0.21365
-0.205857
-0.198059
-0.190033
-0.243585
-0.239235
-0.236366
-0.233369
-0.227542
-0.287746
-0.291288
-0.300136
-0.310174
-0.311858
-0.191367
-0.0836955
-0.0154051
0.138334
0.0681552
-0.15426
-0.0286532
-0.0041128
0.137155
0.0702682
-0.174029
0.000632315
-0.00865468
0.110184
0.0565758
-0.215416
0.0717148
-0.0277296
0.0595828
0.0250785
-0.286698
0.0768788
-0.0583972
0.00383022
-0.0362253
0.124077
-0.163392
-0.129
0.0898618
0.0588221
-0.114609
-0.179688
-0.0650865
0.129821
0.0730536
-0.0940331
-0.306351
-0.344659
-0.301193
-0.109712
-0.109871
-0.303688
-0.352507
-0.282892
-0.285588
1.95639
1.9425
1.91332
1.8701
1.81255
2.10214
2.12577
2.13585
2.13113
2.11251
2.21846
2.25314
2.28101
2.29787
2.3014
2.27031
2.30927
2.3499
2.38293
2.39857
2.23305
2.26822
2.30667
2.33818
2.35177
0.236695
0.149988
0.0130295
-0.15477
-0.334015
0.732261
0.617701
0.463841
0.279627
0.0589058
1.17214
1.05234
0.909633
0.742325
0.54091
1.51942
1.42956
1.31904
1.18492
1.0264
1.79465
1.73431
1.65468
1.55902
1.44778
1.97989
1.94099
1.94176
1.97391
2.02797
1.96313
1.93549
1.93602
1.98171
2.06351
1.94818
1.92862
1.92929
1.98958
2.11153
1.93401
1.92045
1.9173
1.98582
2.10358
1.92059
1.91052
1.90053
1.9724
2.07476
2.03756
1.95187
1.93791
1.91485
1.92716
1.99186
1.94086
1.93004
1.93127
1.93702
1.69741
1.53414
1.22876
0.7705
0.262052
1.76378
1.55672
1.23976
0.78696
0.269699
)
;

boundaryField
{
    left
    {
        type            zeroGradient;
    }
    right
    {
        type            fixedValue;
        value           uniform 0;
    }
    down
    {
        type            zeroGradient;
    }
    up
    {
        type            zeroGradient;
    }
    cylinder
    {
        type            zeroGradient;
    }
    defaultFaces
    {
        type            empty;
    }
}


// ************************************************************************* //
