/*--------------------------------*- C++ -*----------------------------------*\
  =========                 |
  \\      /  F ield         | OpenFOAM: The Open Source CFD Toolbox
   \\    /   O peration     | Website:  https://openfoam.org
    \\  /    A nd           | Version:  13
     \\/     M anipulation  |
\*---------------------------------------------------------------------------*/
FoamFile
{
    format      ascii;
    class       volVectorField;
    location    "0.19";
    object      U;
}
// * * * * * * * * * * * * * * * * * * * * * * * * * * * * * * * * * * * * * //

dimensions      [0 1 -1 0 0 0 0];

internalField   nonuniform List<vector> 
1800
(
(0.0978123 -0.0883397 -4.49096e-20)
(0.286921 -0.241987 -3.41274e-20)
(0.474008 -0.379106 -4.84748e-19)
(0.657731 -0.500245 1.91208e-19)
(0.836652 -0.607283 7.36188e-20)
(1.00995 -0.701511 -3.95363e-20)
(1.17718 -0.783622 5.58778e-20)
(1.33795 -0.853845 1.99152e-19)
(1.49158 -0.91313 5.93221e-19)
(1.63348 -0.967055 8.10741e-19)
(0.119067 -0.0915084 -7.91002e-20)
(0.344308 -0.247729 -7.70356e-19)
(0.563306 -0.384786 3.77948e-21)
(0.775393 -0.504289 1.25859e-19)
(0.979536 -0.608992 -1.26281e-19)
(1.17524 -0.700781 7.5794e-20)
(1.36234 -0.780887 -2.79925e-19)
(1.54079 -0.850205 -5.09171e-20)
(1.7101 -0.910812 -6.94855e-19)
(1.86782 -0.967141 6.3038e-19)
(0.141654 -0.0923258 4.88131e-20)
(0.40369 -0.247742 2.09238e-19)
(0.653771 -0.382137 5.43192e-19)
(0.892198 -0.497936 -1.90184e-19)
(1.11868 -0.598427 -1.42583e-19)
(1.33323 -0.685865 7.54835e-20)
(1.53607 -0.761768 9.794e-20)
(1.72744 -0.827365 1.94137e-19)
(1.90721 -0.88487 2.74112e-21)
(2.07419 -0.93793 1.51095e-19)
(0.163909 -0.0897222 -4.57125e-20)
(0.461705 -0.239475 -2.04358e-19)
(0.741437 -0.367629 -1.81218e-19)
(1.00452 -0.476994 -1.42302e-19)
(1.25164 -0.571046 1.81246e-19)
(1.48352 -0.652159 -5.70999e-20)
(1.70094 -0.721943 -4.30317e-21)
(1.90454 -0.781663 2.67413e-21)
(2.09456 -0.833408 -1.60697e-19)
(2.27025 -0.880395 -1.05998e-19)
(0.184659 -0.0833571 -1.14043e-19)
(0.515897 -0.22181 8.76154e-20)
(0.823298 -0.339436 1.79845e-19)
(1.10932 -0.439072 2.43315e-19)
(1.37562 -0.524084 -2.8491e-19)
(1.62372 -0.596795 -3.58233e-21)
(1.85495 -0.658788 4.24822e-19)
(2.07043 -0.711286 -1.85161e-19)
(2.27084 -0.756189 -1.24013e-19)
(2.45578 -0.796421 -5.35904e-20)
(0.203191 -0.0735004 1.73594e-19)
(0.564473 -0.195201 1.02983e-18)
(0.896795 -0.298077 1.43201e-19)
(1.20352 -0.384739 -5.03114e-19)
(1.4872 -0.458232 -1.75454e-19)
(1.75004 -0.520677 6.37598e-19)
(1.99391 -0.573535 -1.45259e-19)
(2.22037 -0.617912 -4.31423e-19)
(2.43048 -0.655457 -3.16819e-19)
(2.62421 -0.688755 2.61635e-19)
(0.218899 -0.0605915 1.16339e-19)
(0.605748 -0.160701 -7.47593e-19)
(0.959317 -0.245031 -1.08556e-18)
(1.28371 -0.315799 3.83756e-19)
(1.58224 -0.375565 4.49869e-19)
(1.85768 -0.42613 -9.01729e-22)
(2.1124 -0.468742 -6.39487e-19)
(2.3483 -0.504328 2.19331e-19)
(2.56684 -0.534217 -3.648e-19)
(2.76829 -0.560573 -3.1127e-19)
(0.231237 -0.0451725 -3.42507e-19)
(0.638203 -0.119684 -6.92656e-19)
(1.00849 -0.182293 1.21225e-18)
(1.34678 -0.234698 5.98748e-19)
(1.65694 -0.27885 -2.69726e-19)
(1.94225 -0.316133 -2.11491e-19)
(2.20544 -0.347513 0)
(2.44876 -0.373686 1.16725e-19)
(2.674 -0.39562 -2.95867e-19)
(2.88174 -0.414967 -7.73517e-20)
(0.239769 -0.0278756 -2.04483e-19)
(0.660658 -0.0737553 5.6244e-19)
(1.0425 -0.112197 1.71003e-19)
(1.39032 -0.144287 -5.12501e-19)
(1.70842 -0.171273 -7.84225e-19)
(2.00038 -0.194049 3.66027e-20)
(2.26925 -0.21324 1.67259e-19)
(2.51754 -0.229288 -5.46786e-19)
(2.74733 -0.242779 -2.89954e-19)
(2.95956 -0.254773 -5.63835e-19)
(0.244264 -0.0094024 4.51463e-19)
(0.672461 -0.024703 3.44203e-19)
(1.06031 -0.0373593 -9.38728e-20)
(1.41304 -0.0477847 -1.29237e-20)
(1.73515 -0.0564572 -3.87558e-19)
(2.03043 -0.0637173 -8.59578e-20)
(2.30207 -0.069804 -2.90455e-19)
(2.55277 -0.0748845 6.4676e-19)
(2.78482 -0.0791663 1.70966e-19)
(2.99947 -0.0830087 2.40692e-21)
(-0.00230793 -0.021043 -3.88318e-20)
(0.00819321 -0.0682875 -6.81806e-20)
(0.0245047 -0.120823 -7.41691e-21)
(0.0491464 -0.172595 -3.42995e-20)
(0.0772124 -0.21774 -1.25025e-20)
(0.105546 -0.255263 -3.74555e-19)
(0.134312 -0.289011 -1.2845e-20)
(0.165144 -0.322575 1.16454e-19)
(0.198039 -0.356318 1.14402e-20)
(0.231856 -0.388693 -3.74748e-20)
(0.000877114 -0.0240821 -9.99953e-20)
(0.0148695 -0.0842293 -2.34669e-19)
(0.0397407 -0.161 -3.54828e-20)
(0.0694805 -0.225859 -1.06386e-19)
(0.099188 -0.275587 -9.6243e-20)
(0.129923 -0.317933 -2.613e-19)
(0.164143 -0.359362 1.89454e-19)
(0.20202 -0.401155 1.70354e-19)
(0.241503 -0.441093 -2.61472e-19)
(0.280897 -0.477302 8.15123e-20)
(0.00549813 -0.0311356 -8.93207e-20)
(0.0288594 -0.107111 -9.05131e-19)
(0.0632137 -0.196321 -1.34077e-19)
(0.0975828 -0.268908 9.62613e-20)
(0.13177 -0.327035 6.50889e-20)
(0.169794 -0.380493 -4.06511e-19)
(0.21337 -0.432942 3.01474e-20)
(0.259549 -0.482481 3.63439e-19)
(0.305733 -0.52676 -3.81391e-19)
(0.351622 -0.565998 -2.54315e-19)
(0.0113587 -0.0408266 -3.31659e-21)
(0.046702 -0.130779 1.93429e-19)
(0.0898386 -0.225368 1.82097e-21)
(0.13325 -0.307023 -1.15736e-20)
(0.178054 -0.378007 -2.42892e-20)
(0.227695 -0.444251 7.61109e-20)
(0.281583 -0.506109 6.89306e-20)
(0.336028 -0.561299 -1.33358e-19)
(0.390024 -0.60972 9.144e-21)
(0.444216 -0.652232 -1.03339e-20)
(0.0185094 -0.0507296 0)
(0.0673068 -0.152447 5.81278e-21)
(0.122093 -0.253744 -5.10207e-19)
(0.178914 -0.345655 5.14498e-20)
(0.238111 -0.428853 -5.24452e-21)
(0.300867 -0.50544 2.52152e-21)
(0.365625 -0.574739 -2.49102e-20)
(0.430094 -0.635815 -7.07597e-21)
(0.494262 -0.689248 0)
(0.558484 -0.73524 -2.04241e-20)
(0.0273434 -0.0596653 3.19418e-20)
(0.0919693 -0.172945 -1.5482e-19)
(0.161905 -0.282702 -4.60328e-20)
(0.23482 -0.384143 -5.84365e-20)
(0.309963 -0.477066 4.98645e-20)
(0.386971 -0.561887 5.31836e-21)
(0.464474 -0.638091 8.72519e-20)
(0.541187 -0.705382 -2.20002e-20)
(0.617176 -0.763912 -6.91935e-19)
(0.692414 -0.813092 -1.00233e-20)
(0.038002 -0.0676411 7.01685e-22)
(0.121312 -0.192294 5.5911e-20)
(0.209282 -0.310813 -7.88488e-20)
(0.300076 -0.420442 -1.67879e-20)
(0.392301 -0.520988 -7.30895e-20)
(0.484945 -0.612487 -9.51348e-21)
(0.576871 -0.694726 1.14826e-20)
(0.667113 -0.767586 -2.08837e-19)
(0.755684 -0.830727 3.8185e-19)
(0.842437 -0.882762 9.70029e-19)
(0.0503902 -0.0746389 1.52684e-20)
(0.155197 -0.20972 -1.42481e-19)
(0.263559 -0.336142 -2.14384e-19)
(0.373784 -0.452348 8.93056e-20)
(0.484221 -0.558552 -6.45475e-20)
(0.593659 -0.654944 9.8041e-20)
(0.701051 -0.741643 1.95195e-19)
(0.805502 -0.8187 -1.0749e-19)
(0.907087 -0.885531 -3.05332e-19)
(1.00571 -0.939932 7.24637e-19)
(0.0643148 -0.0803897 -2.63358e-20)
(0.19334 -0.224112 -5.77892e-19)
(0.32437 -0.356699 5.23999e-19)
(0.455765 -0.477418 3.37241e-19)
(0.585819 -0.586976 -8.54657e-20)
(0.713297 -0.685928 3.07785e-19)
(0.83719 -0.774735 -1.60132e-19)
(0.956604 -0.853787 -7.70141e-19)
(1.07174 -0.92238 -4.03246e-19)
(1.18264 -0.977618 4.5304e-19)
(0.0795631 -0.0846857 -7.98354e-20)
(0.235884 -0.234476 -5.44044e-19)
(0.392444 -0.370622 -8.03924e-21)
(0.547598 -0.492929 6.84215e-20)
(0.699648 -0.602631 3.37319e-19)
(0.847439 -0.70063 -1.84526e-19)
(0.990048 -0.787665 -1.68264e-19)
(1.12655 -0.864071 1.88034e-19)
(1.2568 -0.928904 -3.50843e-19)
(1.38002 -0.980605 -5.83927e-19)
(0.401265 -0.532182 1.06703e-18)
(0.681553 -0.615705 -4.56505e-19)
(0.906824 -0.549856 -1.95405e-19)
(1.07214 -0.419096 3.48109e-19)
(1.21021 -0.265396 -2.62662e-19)
(1.30249 -0.135695 -2.71796e-19)
(1.3508 -0.0684262 -2.62272e-19)
(1.37684 -0.0394274 -4.44366e-20)
(1.39366 -0.0248871 2.48587e-19)
(1.40509 -0.0101169 4.58898e-20)
(0.468315 -0.619734 1.03474e-18)
(0.739779 -0.690462 1.23254e-19)
(0.961594 -0.608253 9.99565e-21)
(1.11222 -0.464919 -3.00343e-19)
(1.23733 -0.298927 -9.38364e-19)
(1.3187 -0.155447 0)
(1.35958 -0.0789215 -2.40523e-19)
(1.38235 -0.0456048 7.89092e-20)
(1.39736 -0.0285177 6.66839e-21)
(1.40749 -0.0115056 -7.27552e-20)
(0.556319 -0.705261 -1.01332e-18)
(0.810219 -0.763046 -8.82387e-20)
(1.02269 -0.664949 1.84457e-19)
(1.15684 -0.508752 -4.95586e-20)
(1.26618 -0.330772 -3.30184e-20)
(1.33547 -0.173814 7.23605e-20)
(1.36901 -0.088541 0)
(1.38845 -0.0512011 0)
(1.40155 -0.0317769 -8.18204e-20)
(1.41032 -0.012736 0)
(0.666052 -0.787074 -2.24546e-19)
(0.895525 -0.831519 3.97497e-19)
(1.09022 -0.719011 2.54046e-20)
(1.2059 -0.550024 0)
(1.29686 -0.360646 7.51819e-19)
(1.35308 -0.190812 -1.75506e-19)
(1.37907 -0.0972623 0)
(1.39508 -0.0561858 1.89062e-19)
(1.40618 -0.0346341 0)
(1.41353 -0.0138011 2.08236e-20)
(0.796034 -0.863902 -1.4719e-19)
(0.997468 -0.893849 4.23258e-19)
(1.1648 -0.769271 -1.42458e-20)
(1.25907 -0.588197 0)
(1.32926 -0.388284 2.01513e-19)
(1.37153 -0.206431 3.24986e-19)
(1.38968 -0.105114 6.47094e-20)
(1.40215 -0.0605636 1.14424e-20)
(1.41118 -0.0370766 -4.85507e-20)
(1.41708 -0.0147064 3.92628e-20)
(0.942341 -0.934902 -1.27878e-18)
(1.11592 -0.948581 -8.76447e-19)
(1.2472 -0.814349 4.67148e-21)
(1.31602 -0.622656 4.90777e-19)
(1.36308 -0.41342 -2.89648e-19)
(1.39059 -0.22065 1.63042e-19)
(1.40072 -0.112159 2.61564e-19)
(1.40957 -0.0643523 -2.51457e-19)
(1.41649 -0.0390951 -2.60759e-21)
(1.42091 -0.0154494 -6.31921e-21)
(1.1 -0.999674 -2.52107e-19)
(1.24896 -0.995425 2.64465e-19)
(1.33793 -0.852963 3.48597e-21)
(1.37663 -0.652652 -1.38445e-20)
(1.39801 -0.435692 -4.92654e-19)
(1.40991 -0.23336 5.48015e-20)
(1.41211 -0.118407 -1.03534e-19)
(1.41729 -0.0675606 -4.8863e-20)
(1.42204 -0.0406761 2.22115e-20)
(1.42497 -0.016033 -2.69157e-20)
(1.2641 -1.05711 -1.21257e-18)
(1.39327 -1.03493 1.93219e-19)
(1.43621 -0.884369 0)
(1.44027 -0.677573 2.30133e-20)
(1.43336 -0.454859 4.0377e-19)
(1.4287 -0.244652 6.63405e-22)
(1.42355 -0.123991 -3.19216e-19)
(1.42522 -0.0702404 6.93938e-20)
(1.42776 -0.0418137 -6.07378e-22)
(1.42921 -0.0164664 -1.64196e-21)
(1.43172 -1.10379 3.40044e-18)
(1.54626 -1.06802 2.69937e-19)
(1.54207 -0.909184 4.14054e-19)
(1.50762 -0.697586 -2.45531e-20)
(1.46954 -0.47106 -2.93099e-20)
(1.44695 -0.254695 -3.51514e-19)
(1.43503 -0.12871 7.7012e-20)
(1.43338 -0.0721937 5.81884e-21)
(1.43362 -0.0424138 -4.22762e-20)
(1.4336 -0.01672 -4.91509e-20)
(1.59897 -1.1285 -3.00929e-18)
(1.69987 -1.09358 1.30113e-18)
(1.64994 -0.930019 -1.67691e-19)
(1.57504 -0.715923 -6.13945e-19)
(1.5042 -0.487533 -5.11497e-19)
(1.46247 -0.266655 -2.09276e-19)
(1.44498 -0.13509 -5.93839e-20)
(1.44118 -0.0743362 0)
(1.4394 -0.0427354 8.02947e-21)
(1.43804 -0.0168621 1.22115e-20)
(1.88777 -1.17029 -6.78218e-18)
(1.92492 -1.10268 -1.76711e-18)
(1.80001 -0.923601 3.92668e-20)
(1.66554 -0.707405 9.99737e-20)
(1.54993 -0.483931 1.76621e-19)
(1.48388 -0.267598 -1.04944e-19)
(1.46042 -0.137262 -2.05265e-21)
(1.4528 -0.075333 2.19017e-20)
(1.44705 -0.0426575 -2.56263e-20)
(1.44311 -0.0170256 1.68167e-20)
(2.28842 -1.13401 5.00249e-19)
(2.17559 -1.05296 -2.16686e-19)
(1.93835 -0.856405 8.08469e-19)
(1.73292 -0.647349 -1.837e-19)
(1.569 -0.442297 5.76406e-19)
(1.48364 -0.248558 1.03225e-19)
(1.46251 -0.131357 8.49422e-21)
(1.44649 -0.070082 -2.0998e-21)
(1.42923 -0.0374525 2.80422e-20)
(1.41464 -0.0152544 4.62461e-20)
(2.60974 -1.04251 2.26254e-18)
(2.35094 -0.946054 3.26844e-19)
(2.01063 -0.753317 -1.24172e-19)
(1.74501 -0.560496 -1.0624e-36)
(1.53889 -0.379926 -3.0734e-20)
(1.42639 -0.220533 1.23965e-33)
(1.37362 -0.116671 -1.88611e-20)
(1.33729 -0.0587591 -2.31602e-33)
(1.31368 -0.0290423 1.19195e-20)
(1.29763 -0.0129757 -3.81088e-20)
(2.78745 -0.893209 3.93652e-33)
(2.37204 -0.793636 2.90514e-18)
(1.98053 -0.625555 1.77165e-18)
(1.66915 -0.458697 0)
(1.43489 -0.309899 9.13817e-19)
(1.28987 -0.186379 4.14703e-19)
(1.22737 -0.0995843 1.03704e-19)
(1.19419 -0.0479819 -3.75444e-33)
(1.17389 -0.0221544 -1.5588e-20)
(1.16074 -0.0100739 3.47022e-20)
(2.76466 -0.705366 3.85214e-18)
(2.24839 -0.62839 -1.48065e-19)
(1.85209 -0.487582 0)
(1.52681 -0.35448 0)
(1.29136 -0.238885 0)
(1.14155 -0.147062 0)
(1.07173 -0.0805912 -1.18748e-20)
(1.03698 -0.0382024 -4.65616e-33)
(1.01824 -0.0165993 1.11785e-20)
(1.00678 -0.00764164 4.01583e-33)
(2.55171 -0.516837 3.27577e-18)
(2.02133 -0.462302 0)
(1.64154 -0.351941 0)
(1.3336 -0.252532 0)
(1.11434 -0.168846 0)
(0.972799 -0.105504 0)
(0.901234 -0.0595881 3.2084e-20)
(0.866588 -0.0281021 -9.22287e-21)
(0.849945 -0.0115335 1.10249e-20)
(0.840404 -0.00537496 5.22718e-20)
(2.19025 -0.342756 0)
(1.70304 -0.303393 1.11954e-18)
(1.36257 -0.226929 1.13034e-18)
(1.09512 -0.159682 0)
(0.907163 -0.105839 7.25921e-19)
(0.785686 -0.0673797 3.95653e-19)
(0.719866 -0.0395038 1.81208e-19)
(0.687049 -0.0187758 2.48967e-20)
(0.672462 -0.00734227 2.77249e-20)
(0.66459 -0.00348505 1.64364e-20)
(1.7028 -0.191211 -6.7326e-19)
(1.30018 -0.165613 -2.73003e-19)
(1.02544 -0.121519 1.74267e-19)
(0.817018 -0.0832963 -2.21983e-34)
(0.673259 -0.0547243 -8.26105e-20)
(0.580661 -0.0357343 3.50653e-33)
(0.527353 -0.0218975 4.93698e-20)
(0.499408 -0.0105776 8.97087e-20)
(0.48746 -0.00395054 1.05432e-20)
(0.481319 -0.00193773 -2.53491e-20)
(1.10078 -0.0758587 3.40471e-18)
(0.823009 -0.0627002 -1.86233e-19)
(0.640579 -0.0442332 -5.89811e-19)
(0.50697 -0.0285736 0)
(0.416949 -0.0183367 -6.29708e-19)
(0.359087 -0.0124997 -3.93258e-19)
(0.323869 -0.00823755 -1.41357e-19)
(0.30434 -0.00415528 -8.28921e-20)
(0.296091 -0.00152307 7.08687e-20)
(0.292021 -0.000795512 1.72898e-20)
(0.397286 -0.00332001 0)
(0.28776 0.00158903 0)
(0.22082 0.00405216 0)
(0.173793 0.00611615 0)
(0.143561 0.00556603 0)
(0.12419 0.00402256 0)
(0.111454 0.00259951 5.59067e-20)
(0.103727 0.00149767 -1.80892e-34)
(0.100325 0.000780872 1.1751e-20)
(0.098624 0.000232289 2.48408e-20)
(3.36713 -0.0863128 5.38877e-19)
(3.32645 -0.265083 -8.42065e-20)
(3.24738 -0.430652 8.52111e-19)
(3.13241 -0.582156 -6.04972e-19)
(2.98635 -0.718126 6.66292e-19)
(2.81523 -0.836385 2.74862e-19)
(2.62657 -0.934064 -1.93003e-18)
(2.42944 -1.00785 -7.68925e-20)
(2.22456 -1.05369 0)
(1.9847 -1.0666 4.28589e-19)
(3.86195 -0.0750731 7.07311e-18)
(3.79862 -0.234205 1.95608e-18)
(3.7043 -0.387291 -4.86636e-18)
(3.58425 -0.531962 -4.48854e-19)
(3.44235 -0.665847 3.55721e-18)
(3.28178 -0.787243 1.9225e-18)
(3.10636 -0.894943 -5.16496e-18)
(2.92183 -0.98751 -1.95001e-18)
(2.72728 -1.06311 2.20046e-18)
(2.49197 -1.12012 8.52858e-19)
(3.83321 -0.0533122 -1.26134e-19)
(3.82035 -0.171559 4.40444e-18)
(3.78558 -0.299747 -1.08896e-18)
(3.72445 -0.430898 -3.44576e-18)
(3.63628 -0.558693 -6.80096e-18)
(3.52377 -0.678726 1.02729e-17)
(3.39115 -0.788653 4.17699e-18)
(3.24338 -0.88775 -3.90579e-18)
(3.08135 -0.978344 -2.89778e-18)
(2.88681 -1.06242 -3.41797e-18)
(3.62873 -0.0472622 -4.83917e-18)
(3.61968 -0.144915 -4.35364e-18)
(3.59972 -0.243729 5.4729e-18)
(3.56746 -0.343077 1.91242e-18)
(3.52257 -0.442344 -8.97525e-18)
(3.46439 -0.540747 4.92968e-19)
(3.39212 -0.636949 3.88743e-18)
(3.30546 -0.730282 -1.05491e-18)
(3.20535 -0.822844 1.27703e-18)
(3.08337 -0.914448 2.81044e-19)
(3.3441 -0.0365534 -9.15948e-19)
(3.33905 -0.111648 3.00396e-18)
(3.32715 -0.188685 1.61939e-18)
(3.3075 -0.267193 -1.89326e-18)
(3.27994 -0.346097 -2.00167e-18)
(3.24477 -0.424154 -2.4365e-18)
(3.20222 -0.500322 3.80186e-19)
(3.15204 -0.57443 1.3859e-19)
(3.09589 -0.647624 -2.14275e-18)
(3.03342 -0.721093 -2.03788e-18)
(2.9626 -0.0265283 -1.82235e-18)
(2.95984 -0.0798781 -5.86715e-20)
(2.95333 -0.134604 -1.63749e-18)
(2.94243 -0.190924 3.12122e-19)
(2.92678 -0.248587 5.36748e-18)
(2.90633 -0.30698 -3.67014e-19)
(2.88097 -0.365174 4.43932e-20)
(2.85032 -0.422115 -2.60915e-18)
(2.81659 -0.476916 -3.49793e-18)
(2.78626 -0.529849 3.71398e-19)
(2.48714 -0.0174886 -2.88873e-20)
(2.48579 -0.0519245 -8.14238e-19)
(2.48261 -0.08725 -2.61478e-18)
(2.47709 -0.123785 -3.43077e-18)
(2.46881 -0.161559 2.49639e-18)
(2.45745 -0.200305 1.50203e-18)
(2.44262 -0.239402 -1.3848e-18)
(2.4237 -0.277851 1.6241e-18)
(2.40276 -0.314551 -4.3016e-19)
(2.38958 -0.349609 -9.641e-19)
(1.91464 -0.00967347 7.72424e-19)
(1.91408 -0.0282904 -8.31816e-19)
(1.91278 -0.0474401 -3.27773e-20)
(1.91032 -0.067367 -3.47016e-20)
(1.90623 -0.0881455 -7.27062e-20)
(1.90012 -0.109637 -2.33182e-18)
(1.89148 -0.131435 -6.78516e-19)
(1.87975 -0.15282 2.62539e-18)
(1.8666 -0.173021 -6.03122e-19)
(1.86187 -0.192261 -1.35044e-18)
(1.23988 -0.00373067 -1.64276e-18)
(1.23966 -0.0106922 -8.48902e-19)
(1.23923 -0.0179012 2.33919e-18)
(1.23823 -0.025482 -8.89784e-19)
(1.23625 -0.0334822 -6.74099e-19)
(1.23288 -0.0418421 1.35192e-18)
(1.22772 -0.0503641 -1.29573e-18)
(1.22034 -0.0586834 1.28674e-18)
(1.21197 -0.0663643 -1.20998e-18)
(1.21001 -0.0735339 -4.24616e-18)
(0.454912 -0.000257289 6.63074e-19)
(0.454825 -0.000700172 7.03054e-19)
(0.454691 -0.00115908 7.48188e-19)
(0.454323 -0.00164032 1.35397e-18)
(0.453492 -0.00214075 -6.71968e-19)
(0.451976 -0.00263804 -1.29956e-18)
(0.449554 -0.00310021 6.14652e-19)
(0.445972 -0.0035942 2.48423e-20)
(0.441708 -0.00439348 -4.96592e-20)
(0.440311 -0.00504642 1.10584e-19)
(1.65288 0.996021 -2.8434e-19)
(1.51174 0.940894 1.80748e-20)
(1.35839 0.880035 -2.25034e-19)
(1.1974 0.807943 1.77151e-19)
(1.02939 0.723658 -1.94765e-19)
(0.854727 0.626892 -1.01616e-19)
(0.673724 0.516858 2.32192e-19)
(0.487041 0.392129 -3.05864e-19)
(0.295916 0.25066 3.09823e-19)
(0.101449 0.091661 2.39326e-19)
(1.88582 0.991302 0)
(1.72922 0.934075 6.35812e-19)
(1.56049 0.872293 3.27922e-19)
(1.38205 0.801533 1.65037e-19)
(1.19438 0.719683 4.34346e-19)
(0.997458 0.625798 -8.71169e-20)
(0.791339 0.518568 -7.88264e-20)
(0.576362 0.395998 8.95179e-20)
(0.353348 0.2552 -1.04565e-18)
(0.122719 0.094372 -1.62523e-20)
(2.09059 0.958432 1.56879e-19)
(1.92488 0.904625 0)
(1.74587 0.846152 -1.00887e-19)
(1.55475 0.779348 -3.85202e-19)
(1.35158 0.701967 5.37971e-20)
(1.13603 0.612738 3.97969e-19)
(0.907771 0.51008 -6.07552e-19)
(0.666607 0.391655 -2.00738e-19)
(0.412625 0.254068 7.8372e-19)
(0.14527 0.0947487 -1.76279e-19)
(2.28452 0.897954 1.89865e-19)
(2.11019 0.850273 1.25208e-20)
(1.92111 0.797664 2.42215e-20)
(1.71798 0.736876 3.63185e-20)
(1.5005 0.665788 -2.894e-20)
(1.26789 0.583106 2.73623e-19)
(1.01926 0.48717 -2.0693e-19)
(0.753693 0.375547 -8.56085e-19)
(0.470297 0.244697 0)
(0.167405 0.0917064 0)
(2.46774 0.811562 -1.06841e-18)
(2.28418 0.770655 -6.06368e-19)
(2.0848 0.724939 -1.20331e-19)
(1.86994 0.671447 -6.66184e-20)
(1.63885 0.608257 0)
(1.39029 0.534125 2.40931e-19)
(1.12275 0.44744 2.67978e-19)
(0.834573 0.345849 2.86457e-19)
(0.523863 0.225967 -4.24059e-19)
(0.187921 0.0849048 -8.12932e-20)
(2.63386 0.701935 7.63872e-19)
(2.44146 0.667954 -1.39239e-19)
(2.23236 0.629607 -2.21141e-19)
(2.00659 0.584263 0)
(1.76298 0.530259 0)
(1.49987 0.466484 0)
(1.21523 0.39147 -3.89655e-20)
(0.906703 0.3031 3.70263e-19)
(0.571519 0.198358 3.79051e-19)
(0.206094 0.0746288 -3.08663e-19)
(2.77572 0.572262 -1.1917e-18)
(2.57545 0.545197 -1.47979e-18)
(2.35783 0.514489 -3.01959e-22)
(2.12258 0.477924 -1.87822e-19)
(1.86817 0.434173 -9.2913e-20)
(1.59258 0.382319 -1.78968e-19)
(1.29334 0.321131 4.5926e-19)
(0.967508 0.248845 2.14821e-19)
(0.611602 0.162974 5.40204e-19)
(0.221324 0.0613432 2.02921e-19)
(2.88704 0.425697 -1.1564e-18)
(2.68025 0.405599 8.47252e-20)
(2.45575 0.3828 1.64499e-19)
(2.21296 0.355602 1.68642e-20)
(1.95004 0.323049 -3.1454e-19)
(1.66466 0.284471 -1.74337e-19)
(1.35399 0.238943 -6.21376e-19)
(1.01465 0.185146 1.1853e-19)
(0.642621 0.121241 5.15115e-20)
(0.233074 0.0456145 -6.26489e-21)
(2.9628 0.265163 1.01196e-19)
(2.75121 0.25234 3.97073e-19)
(2.5219 0.237897 -3.30311e-19)
(2.27395 0.220739 3.63179e-19)
(2.00525 0.200299 3.72624e-19)
(1.71324 0.176181 4.91999e-19)
(1.39483 0.147814 -6.35845e-19)
(1.04635 0.114394 -3.24473e-19)
(0.663426 0.0748127 -4.58482e-20)
(0.240923 0.0280961 -3.27062e-19)
(3.00054 0.0935718 5.81689e-19)
(2.78614 0.0887846 -1.85984e-19)
(2.55427 0.0834461 4.79622e-19)
(2.30368 0.0771543 -3.10925e-19)
(2.0321 0.069733 2.66447e-19)
(1.7368 0.0610671 6.05628e-19)
(1.41459 0.050983 3.79012e-19)
(1.06163 0.039238 3.09393e-19)
(0.673408 0.0255084 2.65901e-19)
(0.244659 0.00950763 5.43692e-19)
(0.236945 0.445642 -4.63714e-19)
(0.201741 0.412343 -1.79396e-19)
(0.166617 0.375803 1.40296e-19)
(0.133419 0.338541 -4.20755e-19)
(0.103848 0.302582 -1.1917e-19)
(0.0770872 0.265485 6.7399e-19)
(0.0509764 0.21958 3.32807e-19)
(0.025468 0.155896 -1.62426e-19)
(0.00687288 0.0779408 1.11349e-19)
(-0.00118377 0.0218305 -6.07619e-20)
(0.287569 0.537077 3.96947e-19)
(0.247776 0.500652 4.4245e-19)
(0.207464 0.459162 -1.58943e-20)
(0.16743 0.412848 -1.2766e-19)
(0.130821 0.365261 -2.84555e-19)
(0.100228 0.318013 8.09303e-20)
(0.0730597 0.265192 2.19961e-19)
(0.0455106 0.193704 1.58864e-19)
(0.01799 0.0997084 -5.8493e-19)
(0.00262043 0.0280692 -1.22814e-19)
(0.359884 0.625816 -5.85831e-19)
(0.313908 0.586034 -4.68665e-19)
(0.268038 0.540639 2.46754e-19)
(0.221459 0.488008 1.30938e-19)
(0.175975 0.429058 -1.18492e-21)
(0.136332 0.367537 -1.28579e-19)
(0.102041 0.301967 -2.25924e-20)
(0.0682644 0.222143 -5.57732e-19)
(0.0333399 0.12409 -2.71381e-19)
(0.00743259 0.0369908 -3.97181e-20)
(0.455044 0.711046 4.94834e-19)
(0.400724 0.6673 1.6358e-19)
(0.346827 0.616767 -1.44649e-19)
(0.292544 0.558332 6.73293e-20)
(0.237995 0.49104 7.73116e-22)
(0.186728 0.41719 1.2956e-21)
(0.140117 0.337751 -1.26055e-19)
(0.0953593 0.248119 3.87515e-19)
(0.0512015 0.146297 -4.21756e-19)
(0.0133894 0.0470935 -6.78506e-20)
(0.572712 0.791843 -2.80556e-19)
(0.508459 0.744267 -8.88428e-20)
(0.444026 0.68799 -1.3634e-20)
(0.379251 0.6229 -6.13838e-20)
(0.313881 0.548365 5.36407e-20)
(0.24973 0.465225 4.62495e-20)
(0.188364 0.374578 -2.79373e-20)
(0.12923 0.275142 -2.882e-19)
(0.0723586 0.166669 2.19913e-19)
(0.0207648 0.05645 8.79435e-20)
(0.709668 0.865942 6.45811e-19)
(0.634588 0.815089 3.26119e-19)
(0.558298 0.753526 2.1297e-19)
(0.480946 0.682093 4.7615e-20)
(0.402433 0.600895 1.44371e-19)
(0.323843 0.510349 6.97639e-20)
(0.246407 0.411067 1.35943e-19)
(0.170774 0.302935 5.74554e-20)
(0.0979366 0.186213 -1.92726e-20)
(0.0298955 0.0648201 -1.53206e-20)
(0.861827 0.930895 -1.19311e-19)
(0.775382 0.877202 -8.43054e-19)
(0.686569 0.811148 -9.29651e-20)
(0.595604 0.734475 -3.02068e-20)
(0.50245 0.64781 -1.16502e-20)
(0.408024 0.551379 1.45558e-19)
(0.313392 0.445396 -4.41879e-20)
(0.219633 0.329838 6.63662e-20)
(0.128222 0.204768 -1.44458e-19)
(0.0408509 0.0724004 -8.04891e-22)
(1.02623 0.982989 -8.92051e-19)
(0.928055 0.92705 5.93459e-20)
(0.826323 0.857615 -2.23125e-19)
(0.721201 0.777267 -7.81466e-20)
(0.612571 0.686808 -3.20427e-20)
(0.501317 0.58623 -7.452e-20)
(0.388434 0.475354 5.72272e-20)
(0.275106 0.353888 6.07554e-20)
(0.162948 0.221416 -9.84002e-21)
(0.053526 0.0790923 -1.04606e-19)
(1.20325 1.01567 1.24055e-19)
(1.09297 0.959072 5.30065e-19)
(0.977837 0.888258 1.62384e-21)
(0.857908 0.806464 -3.45423e-20)
(0.732921 0.714527 1.54858e-19)
(0.603745 0.612038 -3.52029e-19)
(0.47132 0.498447 -2.46191e-19)
(0.336794 0.373059 3.57144e-19)
(0.201763 0.234958 1.44709e-19)
(0.0677046 0.0845344 -3.68904e-20)
(1.3999 1.01381 7.46135e-19)
(1.27751 0.961016 3.27032e-19)
(1.14741 0.894358 5.47893e-20)
(1.01057 0.815677 -2.00094e-19)
(0.867067 0.726028 -1.69547e-20)
(0.717778 0.62503 4.68165e-19)
(0.563525 0.51184 -2.69425e-19)
(0.405327 0.385412 -1.84922e-19)
(0.244716 0.244315 3.36349e-19)
(0.0831274 0.0884544 -6.41196e-21)
(0.954469 0.0900569 1.01905e-20)
(1.1683 0.154225 -1.58488e-20)
(1.17769 0.183362 -4.32003e-20)
(1.25322 0.168566 0)
(1.2693 0.173723 9.57914e-21)
(1.22349 0.243943 -5.03601e-20)
(1.09393 0.387653 -1.00383e-19)
(0.93013 0.538449 -1.26327e-19)
(0.701792 0.640432 -1.76256e-19)
(0.412177 0.587858 6.20676e-19)
(0.953112 0.0693778 1.86133e-19)
(1.16169 0.132247 -6.08173e-20)
(1.17428 0.161487 2.40219e-21)
(1.25275 0.159902 1.57834e-20)
(1.27543 0.177297 -4.79083e-21)
(1.24245 0.268671 1.04616e-20)
(1.12719 0.431747 1.88692e-19)
(0.97897 0.597603 0)
(0.755323 0.717323 5.16105e-19)
(0.477644 0.678042 -4.37923e-19)
(0.951301 0.0499906 -1.15496e-19)
(1.15793 0.110009 6.13658e-21)
(1.17382 0.139561 5.79534e-20)
(1.25626 0.149756 2.22661e-20)
(1.2849 0.179131 1.24808e-20)
(1.26398 0.291475 -4.08832e-20)
(1.16536 0.473742 1.15656e-19)
(1.03389 0.655302 3.86059e-20)
(0.820603 0.792004 -4.01434e-22)
(0.564846 0.765285 -6.78343e-19)
(0.949664 0.0316376 -7.46895e-20)
(1.15694 0.0871881 1.71083e-20)
(1.17626 0.117591 3.33151e-20)
(1.26346 0.13846 1.78465e-21)
(1.29766 0.17976 -1.03206e-20)
(1.28829 0.312549 -2.36097e-21)
(1.20796 0.51344 -9.85444e-20)
(1.09466 0.710794 2.36135e-20)
(0.900323 0.862412 -4.12157e-19)
(0.675061 0.847697 -1.88332e-19)
(0.948675 0.0138465 2.51053e-20)
(1.15875 0.0635884 -1.84781e-20)
(1.18155 0.0956282 -1.99085e-20)
(1.27392 0.126355 -2.36543e-21)
(1.31341 0.179663 0)
(1.31501 0.332114 0)
(1.25428 0.550714 -3.39594e-20)
(1.16179 0.762994 -2.54594e-20)
(0.996728 0.926247 -1.03342e-19)
(0.806411 0.923633 -5.98859e-20)
(0.948617 -0.00386873 -4.37222e-21)
(1.16332 0.0390932 2.51008e-20)
(1.18958 0.0737939 -6.06319e-20)
(1.28711 0.113791 -4.71192e-20)
(1.33149 0.179297 -1.05965e-20)
(1.34344 0.350415 2.11394e-21)
(1.30374 0.585275 4.85213e-20)
(1.23634 0.810415 -1.67946e-20)
(1.11026 0.981736 -1.86131e-20)
(0.954453 0.992277 -9.05838e-21)
(0.949638 -0.0219927 4.77464e-20)
(1.17059 0.0136319 2.06169e-22)
(1.20021 0.0522376 -2.48743e-20)
(1.3025 0.101043 -6.32464e-20)
(1.35122 0.178866 2.33593e-20)
(1.37302 0.367483 1.03084e-20)
(1.35633 0.616509 -4.95567e-20)
(1.31934 0.851478 -1.8001e-19)
(1.23932 1.02839 -3.65426e-22)
(1.11384 1.05354 -9.97857e-19)
(0.951661 -0.0409037 2.96778e-20)
(1.18033 -0.0128416 -3.81564e-20)
(1.21335 0.0312268 3.88749e-20)
(1.31953 0.0886017 6.2066e-20)
(1.37138 0.179054 9.09487e-21)
(1.40281 0.383498 -2.21368e-20)
(1.41168 0.643765 -1.83764e-20)
(1.41044 0.885103 5.13479e-20)
(1.38057 1.0668 1.12365e-20)
(1.2792 1.10672 2.89561e-18)
(0.953983 -0.0607291 -1.46747e-19)
(1.19212 -0.0402927 2.13164e-20)
(1.22884 0.0109143 8.3104e-20)
(1.33786 0.0767014 -6.08308e-20)
(1.39212 0.179802 -6.68963e-20)
(1.43369 0.398577 1.00165e-20)
(1.47117 0.667023 1.17828e-19)
(1.51013 0.911731 -3.365e-19)
(1.53126 1.0981 -2.64777e-20)
(1.44727 1.14871 -6.45997e-18)
(0.955493 -0.082681 4.45902e-21)
(1.20532 -0.0685682 4.42162e-20)
(1.24601 -0.00840446 1.52759e-20)
(1.3568 0.0670394 -1.53278e-19)
(1.4109 0.184981 -9.68069e-20)
(1.46265 0.416669 -1.43178e-20)
(1.53097 0.689851 -4.8447e-20)
(1.61259 0.934474 -4.78725e-19)
(1.68336 1.12186 -1.12586e-18)
(1.61431 1.16866 -7.97272e-18)
(0.956601 -0.115761 -1.45374e-20)
(1.22014 -0.106388 -1.20198e-20)
(1.26584 -0.0364094 -2.45927e-20)
(1.37865 0.0497081 2.04043e-22)
(1.43574 0.17666 6.80788e-20)
(1.50208 0.411526 -3.32525e-20)
(1.61242 0.68124 -8.07882e-20)
(1.75409 0.924475 -1.42513e-18)
(1.90172 1.12444 -1.63425e-18)
(1.89781 1.20519 3.30413e-18)
(0.954924 -0.158207 -4.01236e-19)
(1.23435 -0.155704 -2.53874e-20)
(1.28398 -0.0802648 -2.55312e-20)
(1.39618 0.0241961 1.02121e-19)
(1.44436 0.15235 1.72403e-19)
(1.51772 0.372123 -2.27087e-19)
(1.67288 0.620917 -1.33239e-19)
(1.88212 0.851034 -5.63603e-19)
(2.13834 1.06322 1.72803e-19)
(2.28276 1.15686 -3.23785e-19)
(0.948237 -0.200717 -2.63469e-20)
(1.249 -0.207772 -4.65923e-20)
(1.29526 -0.121207 2.79611e-20)
(1.41058 -0.00240152 3.61363e-20)
(1.45374 0.132812 1.49658e-33)
(1.51728 0.328379 -2.23989e-21)
(1.69814 0.54188 -2.3136e-33)
(1.95685 0.748436 1.92628e-19)
(2.30407 0.950356 -9.36431e-19)
(2.5866 1.05498 -6.28836e-19)
(0.93838 -0.246167 1.51407e-18)
(1.2652 -0.253284 -6.68358e-34)
(1.29482 -0.170552 -3.63159e-20)
(1.35078 -0.0223904 -1.76418e-19)
(1.35357 0.115937 -4.50277e-19)
(1.43754 0.269182 -9.19588e-19)
(1.64331 0.443493 -5.26633e-33)
(1.94232 0.622192 -1.7024e-18)
(2.33218 0.797463 -3.12722e-18)
(2.75549 0.900155 1.67966e-18)
(0.926842 -0.300241 0)
(1.29318 -0.29574 -2.66576e-33)
(1.1687 -0.180742 0)
(1.17306 -0.0231094 0)
(1.18491 0.0987453 0)
(1.29023 0.21119 0)
(1.50827 0.342942 -8.88602e-33)
(1.82621 0.484739 0)
(2.21927 0.63075 -3.42874e-19)
(2.73771 0.710245 1.26265e-18)
(0.914735 -0.359686 1.13106e-19)
(1.26085 -0.320274 -4.27788e-19)
(0.997947 -0.155588 -5.92299e-20)
(0.98757 -0.0198658 0)
(1.00552 0.074562 0)
(1.11278 0.152609 6.7852e-20)
(1.3196 0.245765 1.29228e-18)
(1.62329 0.35044 -1.96221e-19)
(2.00034 0.464234 -4.96082e-19)
(2.53419 0.519491 4.66656e-18)
(0.88256 -0.405085 -1.52041e-17)
(1.09537 -0.274638 1.01607e-18)
(0.81592 -0.119673 -7.44992e-20)
(0.785651 -0.0175248 -1.22613e-19)
(0.807768 0.0491237 -4.50077e-19)
(0.905969 0.097233 -7.52501e-19)
(1.08554 0.156156 -1.10644e-18)
(1.35045 0.22663 -1.44131e-18)
(1.68952 0.305213 -1.64499e-18)
(2.18069 0.344108 3.64425e-18)
(0.808414 -0.394432 -4.13063e-19)
(0.888089 -0.205557 -1.21799e-18)
(0.617273 -0.0777948 -1.26525e-19)
(0.574818 -0.0133925 -8.05382e-20)
(0.595112 0.0268242 -6.61883e-34)
(0.673327 0.0511065 1.04161e-19)
(0.811657 0.0817478 -1.54977e-32)
(1.01868 0.121722 -1.93601e-19)
(1.29329 0.16694 2.97433e-19)
(1.69949 0.191987 7.0449e-19)
(0.663957 -0.288835 3.42834e-17)
(0.618417 -0.107239 -3.13209e-18)
(0.398155 -0.0335292 -2.40998e-19)
(0.352838 -0.00688123 -1.03627e-19)
(0.366942 0.00952035 3.53109e-19)
(0.417737 0.0173293 7.57721e-19)
(0.504858 0.0280682 7.84251e-19)
(0.63792 0.0444358 4.59808e-19)
(0.820988 0.0633453 -1.86052e-19)
(1.10149 0.0762142 3.56177e-18)
(0.336741 -0.076837 5.58883e-19)
(0.26184 -0.00233319 -6.77318e-33)
(0.14579 0.0183908 -3.04987e-19)
(0.12413 0.00268507 0)
(0.127642 -0.00187157 0)
(0.144563 -0.00500559 1.03522e-19)
(0.173766 -0.00605979 8.28616e-35)
(0.220661 -0.00406507 -1.23859e-19)
(0.288124 -0.00158354 -2.80938e-19)
(0.398917 0.00332575 9.99353e-19)
(2.00118 1.09474 -1.78458e-18)
(2.23835 1.0772 -2.30408e-18)
(2.44152 1.02821 0)
(2.63666 0.95188 -7.62369e-19)
(2.8233 0.852092 -1.79379e-18)
(2.99258 0.732123 -2.24909e-18)
(3.13698 0.594877 -4.85508e-19)
(3.2505 0.442604 1.26944e-18)
(3.32824 0.276918 -3.54738e-18)
(3.36766 0.0986831 1.35653e-18)
(2.49754 1.13977 2.63588e-19)
(2.7296 1.08028 1.39302e-18)
(2.9231 1.003 1.43762e-19)
(3.10615 0.908954 6.7318e-19)
(3.28017 0.800083 -1.10146e-18)
(3.43967 0.677943 -4.99113e-18)
(3.58077 0.543763 2.46296e-18)
(3.70036 0.399158 1.26912e-17)
(3.79423 0.246222 1.03915e-19)
(3.8587 0.0872042 -1.07342e-17)
(2.87426 1.0712 1.78494e-18)
(3.06524 0.987728 2.61856e-18)
(3.22653 0.896631 -5.03879e-18)
(3.37365 0.796998 9.25111e-19)
(3.50614 0.68685 1.22794e-17)
(3.6194 0.566806 3.55654e-20)
(3.70956 0.439137 -8.20829e-18)
(3.7741 0.307912 -3.68391e-18)
(3.81338 0.178887 7.69157e-18)
(3.83099 0.0589535 -1.93501e-18)
(3.05835 0.917305 7.61717e-19)
(3.18115 0.828508 0)
(3.28373 0.736828 -4.56396e-19)
(3.37313 0.643753 4.16271e-18)
(3.44862 0.547525 4.51969e-18)
(3.51019 0.448701 -1.2263e-18)
(3.55841 0.348627 -2.70336e-18)
(3.59375 0.248243 -1.80734e-18)
(3.61643 0.148374 1.03198e-18)
(3.62769 0.0499536 1.05494e-18)
(3.01105 0.722499 1.07942e-18)
(3.07671 0.650588 -1.11495e-18)
(3.13583 0.577694 -2.21516e-18)
(3.1887 0.503567 9.18482e-19)
(3.23381 0.427271 2.84167e-20)
(3.27135 0.348997 -7.95645e-19)
(3.30115 0.269757 2.98434e-18)
(3.3229 0.190788 -3.00843e-18)
(3.33669 0.113223 -7.64575e-20)
(3.34336 0.0376992 3.01352e-18)
(2.77069 0.529662 -2.9118e-18)
(2.80364 0.477569 -2.97815e-18)
(2.83934 0.423256 9.40169e-19)
(2.87191 0.366604 3.69932e-18)
(2.89913 0.308478 4.25605e-19)
(2.9213 0.249931 4.10881e-19)
(2.93852 0.191928 1.83838e-18)
(2.95081 0.135162 -1.65774e-18)
(2.95847 0.0799935 -8.59231e-19)
(2.96218 0.0263444 -9.87734e-19)
(2.38043 0.349191 1.06032e-20)
(2.39539 0.314495 -7.09563e-20)
(2.4175 0.278106 6.54749e-20)
(2.43766 0.239832 2.53851e-18)
(2.4537 0.20073 2.41404e-18)
(2.46613 0.161816 -3.10376e-18)
(2.47532 0.123761 -2.58109e-18)
(2.48156 0.0868999 1.59096e-18)
(2.48527 0.0512831 1.73762e-18)
(2.48699 0.0166685 8.00853e-19)
(1.8584 0.191992 -1.47695e-18)
(1.86409 0.17273 -7.01003e-20)
(1.87777 0.152615 3.4523e-18)
(1.89011 0.131286 9.63707e-20)
(1.89931 0.109465 -1.44831e-18)
(1.90589 0.0878636 -6.95055e-19)
(1.91029 0.0669162 -1.64964e-18)
(1.91292 0.0468023 8.47766e-19)
(1.91424 0.0274926 1.73672e-18)
(1.91471 0.008782 1.60154e-18)
(1.21053 0.0734092 -3.0371e-18)
(1.21279 0.0660978 -1.77879e-19)
(1.22123 0.0584066 2.07326e-18)
(1.22871 0.0500948 -1.25756e-18)
(1.23394 0.0415592 -2.28618e-18)
(1.23732 0.0331535 -2.03328e-19)
(1.23922 0.0250837 2.32968e-18)
(1.24004 0.0174268 1.55692e-18)
(1.2402 0.0101537 -2.12956e-20)
(1.24006 0.00315553 -7.88617e-19)
(0.441873 0.00502738 3.28134e-19)
(0.443221 0.00433554 -4.96645e-20)
(0.447369 0.00353616 2.47015e-20)
(0.450838 0.00304383 0)
(0.45314 0.00258256 2.63752e-18)
(0.454517 0.00208302 2.5255e-20)
(0.455179 0.00157762 -2.00666e-18)
(0.45534 0.00109046 1.40052e-18)
(0.455232 0.000626493 -2.11893e-18)
(0.455051 0.000180675 -2.09638e-18)
(0.147203 0.00555181 -3.25874e-19)
(0.385726 0.0128852 2.34698e-19)
(0.585328 0.0177232 -1.98163e-19)
(0.752193 0.020527 1.3789e-18)
(0.884643 0.0227294 -3.83216e-19)
(1.00967 0.0226186 -1.40777e-18)
(0.967366 0.016829 0)
(0.876596 0.0144767 4.74966e-19)
(0.761373 0.0105868 -3.42005e-19)
(0.618637 0.00686554 -4.0528e-20)
(0.141817 0.0161364 -1.46351e-19)
(0.373216 0.0375834 -1.72076e-19)
(0.568175 0.0518935 2.04029e-19)
(0.732034 0.0603109 -4.53325e-21)
(0.86316 0.0667783 -5.06662e-19)
(0.984376 0.0667059 -2.55689e-18)
(0.962859 0.0515446 -1.61862e-18)
(0.874297 0.0440538 -4.70074e-20)
(0.766121 0.0329409 5.87873e-19)
(0.631167 0.0219575 -9.75017e-19)
(0.131607 0.0252162 -1.26436e-19)
(0.349395 0.0590647 -5.53796e-19)
(0.535335 0.0821074 -3.56597e-19)
(0.693112 0.0961077 -1.67695e-19)
(0.821935 0.105914 -1.67017e-18)
(0.93368 0.10732 -1.11532e-18)
(0.951896 0.09035 3.87494e-19)
(0.868232 0.0747582 -1.26412e-18)
(0.772327 0.0582614 -1.37146e-19)
(0.651052 0.0406055 7.66854e-19)
(0.117608 0.0320841 3.01798e-20)
(0.316505 0.0758496 -4.19056e-19)
(0.489679 0.106565 -3.82692e-19)
(0.638835 0.126133 1.73982e-19)
(0.763996 0.138695 1.80248e-20)
(0.867371 0.143737 1.15233e-18)
(0.923164 0.132349 7.34194e-19)
(0.857062 0.106101 -2.61966e-21)
(0.775176 0.0866922 -5.75932e-19)
(0.671383 0.0636274 1.83854e-19)
(0.101399 0.0365151 2.21592e-19)
(0.277826 0.0874625 -8.0147e-20)
(0.435214 0.12465 8.20443e-19)
(0.573593 0.149662 -9.5258e-20)
(0.692878 0.165583 -1.09294e-18)
(0.791199 0.174685 1.14405e-20)
(0.864132 0.170061 3.04932e-19)
(0.837198 0.139366 9.22694e-19)
(0.769472 0.117217 9.94185e-20)
(0.685538 0.0910575 -9.24028e-19)
(0.0848225 0.0387763 -6.94777e-20)
(0.237086 0.0941278 3.19659e-19)
(0.37642 0.136212 3.87025e-19)
(0.502055 0.166077 -1.00685e-18)
(0.6128 0.185886 5.2895e-19)
(0.706145 0.197724 1.00935e-19)
(0.77966 0.198745 -6.79765e-19)
(0.800494 0.176403 -1.14564e-18)
(0.752909 0.148499 3.03416e-19)
(0.688631 0.122008 9.39854e-19)
(0.0695624 0.0396768 -5.83935e-20)
(0.197561 0.0968848 3.49176e-19)
(0.317243 0.141861 -8.0214e-19)
(0.428799 0.175605 -4.98499e-19)
(0.529431 0.199229 1.09897e-18)
(0.615588 0.213543 -1.1629e-19)
(0.68523 0.218263 -2.5459e-18)
(0.730268 0.208188 1.75172e-18)
(0.721062 0.180344 -6.52334e-21)
(0.676697 0.153314 -1.34964e-18)
(0.0570426 0.0406842 -1.40948e-19)
(0.161718 0.0974936 -7.45234e-20)
(0.260189 0.142842 -3.07531e-19)
(0.357045 0.179273 1.37565e-18)
(0.44774 0.206316 1.40046e-19)
(0.524704 0.223261 -2.55958e-19)
(0.587803 0.230133 7.37135e-19)
(0.635856 0.226116 7.72176e-19)
(0.660198 0.210581 -1.80447e-19)
(0.64744 0.18355 -4.32205e-19)
(0.0487303 0.0439979 1.23567e-20)
(0.131898 0.0976579 -1.05509e-21)
(0.207417 0.139877 1.67766e-19)
(0.288253 0.177354 5.51607e-19)
(0.370854 0.207891 2.11848e-19)
(0.439015 0.227474 4.23666e-19)
(0.493118 0.236174 4.04366e-19)
(0.537139 0.234223 -6.54152e-19)
(0.5686 0.226296 -7.29772e-19)
(0.586386 0.210936 -2.70293e-20)
(0.0450915 0.0509316 9.22278e-20)
(0.110009 0.0976187 0)
(0.163473 0.133272 8.93478e-20)
(0.225809 0.169085 1.54046e-19)
(0.300315 0.203374 -1.23776e-18)
(0.36121 0.226162 -2.418e-20)
(0.407062 0.236146 -1.5978e-19)
(0.444492 0.23535 1.38146e-19)
(0.474303 0.227843 -3.58427e-19)
(0.496488 0.220695 -1.47063e-18)
(0.043086 0.0558768 -2.33269e-20)
(0.0931234 0.0947043 0)
(0.130819 0.12432 2.64685e-19)
(0.176735 0.156846 -4.95254e-19)
(0.239495 0.193397 -6.34517e-19)
(0.291846 0.218445 1.56554e-19)
(0.330711 0.228367 -9.99612e-20)
(0.362041 0.227665 -3.22754e-19)
(0.387309 0.219447 -1.30386e-19)
(0.406646 0.208 -5.79166e-20)
(0.0404879 0.0547716 4.41433e-20)
(0.0780782 0.0888665 2.10805e-19)
(0.106814 0.115682 -2.85265e-21)
(0.14157 0.145567 7.38945e-20)
(0.19142 0.181446 5.96201e-20)
(0.233072 0.203887 5.70181e-19)
(0.265628 0.211274 -5.52461e-19)
(0.293254 0.210339 2.21339e-19)
(0.317564 0.203927 2.97226e-19)
(0.338063 0.193879 -1.54363e-19)
(0.0351066 0.0498311 -1.2553e-20)
(0.0636519 0.0822557 -9.01284e-20)
(0.0871614 0.108755 -3.90764e-19)
(0.114668 0.136569 2.25362e-19)
(0.152737 0.166656 -1.70148e-19)
(0.184044 0.181139 1.93388e-19)
(0.210838 0.183818 3.47053e-19)
(0.235212 0.180477 -1.55049e-20)
(0.2578 0.173105 -1.50249e-21)
(0.277793 0.163034 -1.85038e-20)
(0.0279577 0.0441228 1.81171e-20)
(0.0502591 0.0758419 1.20205e-19)
(0.0699505 0.10244 1.8833e-19)
(0.0927973 0.126226 3.23444e-20)
(0.120949 0.143605 1.12511e-19)
(0.145004 0.148559 1.12074e-20)
(0.168175 0.146371 -1.11427e-20)
(0.19061 0.140224 1.86399e-19)
(0.212126 0.131129 9.27433e-20)
(0.231769 0.119847 -9.97896e-22)
(0.0205649 0.0383844 1.26842e-19)
(0.0380985 0.0692701 -8.54907e-20)
(0.0553532 0.0935253 -6.20231e-20)
(0.0750976 0.106347 -5.05988e-20)
(0.0963387 0.109002 -4.18446e-19)
(0.116997 0.105786 4.15826e-21)
(0.138481 0.0987303 3.14048e-19)
(0.159884 0.0891973 8.88842e-20)
(0.180881 0.0776159 1.32623e-20)
(0.200683 0.0644467 8.44448e-22)
(0.0125003 0.032298 -2.15134e-19)
(0.027489 0.0611787 -6.1704e-19)
(0.0445736 0.0746399 1.95338e-19)
(0.0617685 0.0718456 -2.12368e-19)
(0.0801257 0.0644421 -2.99272e-19)
(0.0999789 0.0547175 4.24622e-19)
(0.120822 0.043156 -2.60509e-19)
(0.141966 0.030039 -1.73118e-19)
(0.163096 0.0155188 8.17754e-20)
(0.183595 -6.89048e-05 -2.77208e-20)
(0.00570338 0.0270749 5.39541e-20)
(0.0203521 0.0459996 -2.76681e-19)
(0.0365794 0.0394626 -1.51663e-18)
(0.0527024 0.0272883 5.38449e-19)
(0.0711695 0.0134379 6.85186e-19)
(0.0910373 -0.00145787 -1.62983e-21)
(0.111995 -0.0175318 -5.57934e-19)
(0.133627 -0.0346826 -2.35473e-20)
(0.155574 -0.0526342 1.90694e-19)
(0.177261 -0.0709887 4.44607e-20)
(0.00394586 0.0221987 3.09675e-19)
(0.016655 0.0148406 1.16902e-18)
(0.0312979 -0.00231231 1.13686e-18)
(0.0476345 -0.0207134 -1.93716e-19)
(0.0664942 -0.0400151 -4.07323e-19)
(0.0870513 -0.0603955 -8.4257e-20)
(0.109135 -0.0817858 0)
(0.132134 -0.103486 1.68266e-19)
(0.155496 -0.124931 3.39029e-20)
(0.17878 -0.146093 -3.35094e-20)
(0.00501127 0.00453386 -7.29961e-19)
(0.0141921 -0.0203917 7.48228e-19)
(0.027501 -0.043702 1.14655e-18)
(0.0442964 -0.0685498 -6.41861e-19)
(0.0642409 -0.094874 -4.41139e-19)
(0.0869536 -0.122543 1.40368e-19)
(0.111206 -0.149746 -5.04141e-19)
(0.136025 -0.175333 -2.4333e-19)
(0.161167 -0.199725 1.84724e-19)
(0.186671 -0.223788 1.36451e-19)
(-0.0024222 -0.0139994 1.15712e-19)
(0.00884761 -0.0484377 -4.06562e-19)
(0.0227385 -0.0825109 -5.00852e-20)
(0.0419487 -0.11788 -1.63453e-19)
(0.0658093 -0.154342 1.91682e-19)
(0.0919879 -0.188892 1.45932e-19)
(0.118526 -0.21971 4.74757e-20)
(0.145457 -0.248174 -6.58482e-20)
(0.173399 -0.276194 -1.2866e-19)
(0.202384 -0.304024 -1.0391e-19)
(0.382566 0.123849 -5.91768e-19)
(0.397084 0.0110328 -3.58195e-21)
(0.518102 -0.0468446 -5.80157e-20)
(0.59891 -0.0471726 -1.22638e-19)
(0.657685 -0.0261545 1.98279e-19)
(0.68351 -0.00940664 4.46173e-20)
(0.692133 -0.00228286 2.79213e-20)
(0.696194 -0.000538656 2.3038e-20)
(0.698732 -0.000388968 9.38054e-20)
(0.702418 -0.000772059 0)
(0.339197 0.0950387 9.52175e-20)
(0.405787 -0.0300538 -1.32888e-20)
(0.574908 -0.0792027 -2.74437e-20)
(0.681607 -0.0630922 -2.30488e-19)
(0.751952 -0.0334586 2.92962e-19)
(0.783304 -0.0120163 -1.21163e-20)
(0.795498 -0.00328164 6.2416e-21)
(0.802693 -0.00115989 1.06331e-19)
(0.807951 -0.00092809 3.55982e-20)
(0.814286 -0.000996229 -4.7437e-20)
(0.303769 0.0576196 5.11444e-20)
(0.425469 -0.0766892 -3.19627e-19)
(0.617087 -0.116404 3.29639e-19)
(0.756458 -0.0839543 1.61047e-19)
(0.84251 -0.0427766 -7.48346e-20)
(0.880396 -0.0154954 -1.14077e-19)
(0.89607 -0.00481574 3.80205e-20)
(0.905978 -0.00216125 1.24558e-19)
(0.913391 -0.00173279 -8.75192e-20)
(0.921754 -0.00120065 -2.64652e-20)
(0.280295 0.00741569 -2.72773e-19)
(0.45009 -0.130723 1.58518e-19)
(0.65124 -0.159857 -1.49391e-19)
(0.818859 -0.112278 5.95772e-19)
(0.925941 -0.0554211 1.30327e-19)
(0.97273 -0.0202313 -5.09335e-20)
(0.99244 -0.0070955 1.71927e-19)
(1.00498 -0.00367499 -4.11302e-21)
(1.01418 -0.00288077 -4.28472e-20)
(1.02409 -0.00148153 3.6378e-20)
(0.270278 -0.0538233 4.39109e-19)
(0.476112 -0.190045 -6.7606e-19)
(0.682543 -0.20778 -8.2103e-21)
(0.868128 -0.147089 3.71877e-19)
(0.998465 -0.072955 4.34426e-19)
(1.05822 -0.0268041 1.39033e-19)
(1.08317 -0.0103037 -7.32324e-20)
(1.09846 -0.00576331 -4.3665e-20)
(1.10916 -0.00440334 -1.68675e-21)
(1.12025 -0.00192649 -8.95848e-21)
(0.271402 -0.123045 3.34414e-20)
(0.50226 -0.25402 -4.86067e-19)
(0.713383 -0.259803 1.47994e-19)
(0.907682 -0.186924 5.33516e-20)
(1.05648 -0.0967495 -7.90386e-19)
(1.13379 -0.0363449 2.07528e-20)
(1.16629 -0.0148342 -2.84214e-19)
(1.18495 -0.00859929 1.37939e-20)
(1.19717 -0.0064027 -4.81823e-20)
(1.20931 -0.00263446 0)
(0.280632 -0.197937 -5.50481e-19)
(0.529245 -0.321731 6.91728e-19)
(0.745046 -0.314911 6.14726e-21)
(0.941518 -0.23047 5.02772e-19)
(1.09969 -0.12628 -6.53774e-19)
(1.19544 -0.0503441 3.32128e-19)
(1.2388 -0.0211368 1.72087e-19)
(1.2616 -0.0121082 -8.10091e-20)
(1.27536 -0.00873415 -3.99271e-21)
(1.28835 -0.00354407 4.65406e-20)
(0.296446 -0.277031 7.06212e-19)
(0.55877 -0.392481 -1.60611e-19)
(0.778768 -0.372278 1.79582e-20)
(0.972688 -0.2766 4.14357e-20)
(1.13214 -0.159593 1.36733e-19)
(1.23922 -0.0695848 8.96257e-20)
(1.29646 -0.0311649 2.74613e-19)
(1.32678 -0.0176444 -4.63606e-20)
(1.34339 -0.0121688 1.99541e-20)
(1.35819 -0.00493913 4.77186e-20)
(0.319519 -0.359476 -5.62162e-20)
(0.592799 -0.465599 4.67466e-19)
(0.816059 -0.431088 1.12063e-20)
(1.00359 -0.324115 -9.45136e-19)
(1.15909 -0.194855 2.3268e-19)
(1.26683 -0.0918892 -6.68874e-20)
(1.3289 -0.0444855 -2.00872e-20)
(1.36276 -0.0256867 -4.62115e-20)
(1.38262 -0.017002 -9.51523e-20)
(1.3973 -0.00696009 9.84388e-21)
(0.352926 -0.4448 -7.94221e-19)
(0.633166 -0.540335 7.56045e-20)
(0.858416 -0.490546 -2.59745e-20)
(1.03624 -0.371917 2.72204e-19)
(1.18442 -0.230508 6.57356e-19)
(1.28598 -0.114448 4.42474e-20)
(1.34202 -0.0571198 2.26975e-19)
(1.37175 -0.0328838 -1.31033e-19)
(1.39033 -0.0210932 9.51414e-20)
(1.40307 -0.00863347 8.08418e-20)
(0.0821902 -0.00678949 -3.17886e-19)
(0.0556272 -0.00480106 2.39834e-19)
(0.0547378 0.000529481 1.66566e-20)
(0.0611034 0.000858339 6.47967e-20)
(0.0661409 0.000603446 -9.01847e-20)
(0.0680215 0.000213501 -1.42441e-20)
(0.0683376 4.16707e-05 4.71893e-20)
(0.0682195 -1.96806e-05 -8.9538e-22)
(0.0679919 1.45157e-06 -3.09253e-20)
(0.0679987 -5.30199e-06 9.92783e-21)
(0.230561 0.0141613 3.30777e-18)
(0.155353 0.00597885 7.16377e-19)
(0.158542 -0.00157845 -2.1602e-19)
(0.179726 -0.00344841 5.36024e-20)
(0.194868 -0.00175042 -1.40128e-19)
(0.200574 -0.000548924 -4.75709e-20)
(0.201682 -2.61646e-05 -8.48056e-21)
(0.201571 7.68414e-05 3.47687e-22)
(0.201163 9.42069e-05 -5.67992e-22)
(0.201368 -3.70339e-05 -3.95132e-21)
(0.356777 0.0390987 7.71147e-19)
(0.243368 0.0147495 -2.23106e-20)
(0.259339 -0.00652504 1.80125e-20)
(0.294776 -0.0100874 8.38221e-34)
(0.320051 -0.00530201 -2.7122e-20)
(0.329862 -0.00171872 0)
(0.33202 -0.000195866 2.52634e-20)
(0.332168 0.000124867 -3.17197e-33)
(0.331807 0.00014324 4.93898e-35)
(0.33235 -0.000118423 1.93181e-20)
(0.437672 0.0813463 -1.46749e-18)
(0.316633 0.024373 5.00707e-21)
(0.353251 -0.0142991 0)
(0.403947 -0.0194451 2.69608e-19)
(0.440114 -0.0105355 0)
(0.45468 -0.00350836 0)
(0.458318 -0.00052726 0)
(0.459081 0.000126164 1.17755e-21)
(0.459059 0.00013574 -2.24124e-22)
(0.460126 -0.000259897 4.31926e-21)
(0.42072 0.11804 -1.33924e-19)
(0.393287 0.031652 5.55572e-21)
(0.444954 -0.0248016 0)
(0.508194 -0.0320101 -1.44897e-19)
(0.555234 -0.0178762 3.12756e-20)
(0.574979 -0.0062058 0)
(0.58046 -0.00122341 0)
(0.582163 -6.13147e-05 -3.14266e-20)
(0.582739 -1.57338e-05 -1.0154e-21)
(0.584486 -0.000493163 -1.04136e-21)
(0.0639591 -2.77825e-05 -3.08088e-20)
(0.0669269 -7.09101e-05 -3.01629e-20)
(0.0720635 -8.0994e-05 2.53812e-20)
(0.0782115 -9.11264e-05 -5.66928e-19)
(0.0842324 -0.000189809 -4.7861e-19)
(0.0892934 -0.000562848 -1.80154e-19)
(0.0930941 -0.00146573 -3.36566e-19)
(0.0955294 -0.00289608 1.44205e-19)
(0.0965659 -0.00409189 -1.64323e-19)
(0.0983923 -0.00313091 -1.81049e-19)
(0.18276 0.000417715 -7.72105e-20)
(0.190529 0.00141764 1.73322e-21)
(0.203961 0.00288496 -1.31947e-19)
(0.219985 0.00498357 -8.83001e-19)
(0.235674 0.0078124 2.17163e-19)
(0.249036 0.0112394 -4.73951e-20)
(0.25925 0.0149479 1.66697e-19)
(0.265961 0.0191302 3.00174e-20)
(0.269482 0.0243019 9.62593e-20)
(0.273953 0.0327262 -3.80553e-20)
(0.293372 0.00131719 -9.23401e-20)
(0.305129 0.00434331 3.16719e-20)
(0.325215 0.00848609 -3.82129e-19)
(0.348835 0.014169 -3.19845e-20)
(0.371596 0.0216414 4.15095e-19)
(0.390552 0.0307297 8.08301e-19)
(0.40412 0.0408979 8.96911e-19)
(0.411613 0.0520805 -1.25231e-18)
(0.414012 0.0646451 -1.82821e-18)
(0.416981 0.0822125 -1.45718e-18)
(0.395941 0.00249476 -5.50215e-20)
(0.410569 0.0082566 3.4769e-20)
(0.435222 0.0161244 -2.49396e-19)
(0.463574 0.0267874 9.92162e-19)
(0.489876 0.040547 7.44681e-19)
(0.510199 0.0570781 1.10266e-19)
(0.522123 0.0752912 -8.58799e-19)
(0.525077 0.0941145 -8.43176e-19)
(0.520734 0.113129 2.4813e-19)
(0.515375 0.139197 1.72809e-18)
(0.490658 0.00410648 1.80226e-19)
(0.507503 0.0135016 1.97854e-19)
(0.535314 0.026089 5.29632e-19)
(0.566171 0.0428881 1.4981e-18)
(0.592853 0.0642698 3.64251e-19)
(0.610366 0.0897273 -1.51987e-18)
(0.61521 0.117232 -1.55299e-18)
(0.606546 0.143449 2.04835e-19)
(0.585364 0.170614 1.14645e-18)
(0.546132 0.205316 1.80676e-21)
(0.40519 -0.204239 -5.55123e-21)
(0.385563 -0.21615 -3.87578e-21)
(0.36023 -0.225135 2.39909e-19)
(0.329367 -0.22712 -8.32189e-20)
(0.291558 -0.219069 -2.67878e-19)
(0.240321 -0.195718 1.08209e-19)
(0.177436 -0.159143 -6.78289e-19)
(0.131477 -0.126115 1.65664e-19)
(0.0937348 -0.0960508 -9.81134e-21)
(0.0435188 -0.0565492 -1.8436e-19)
(0.338231 -0.185997 -1.04692e-21)
(0.317196 -0.196779 -1.87624e-19)
(0.292496 -0.204238 -6.28584e-19)
(0.264865 -0.20674 6.07491e-19)
(0.233067 -0.201825 1.35796e-18)
(0.192568 -0.182687 4.86025e-20)
(0.142333 -0.147948 1.54645e-20)
(0.107506 -0.117812 2.96848e-20)
(0.0789864 -0.0908399 2.69912e-19)
(0.0412887 -0.0563077 -4.0144e-20)
(0.281127 -0.149556 -2.51137e-20)
(0.260259 -0.160503 0)
(0.236885 -0.169063 1.22794e-20)
(0.211813 -0.174018 -6.39579e-19)
(0.18469 -0.173679 -1.50952e-20)
(0.153789 -0.163088 6.28918e-19)
(0.115757 -0.137334 6.78012e-19)
(0.088135 -0.110631 2.74175e-19)
(0.0648581 -0.0845435 -3.34626e-19)
(0.0363426 -0.0520293 1.37909e-19)
(0.23913 -0.0996969 -3.36382e-20)
(0.218219 -0.111838 1.45256e-20)
(0.195508 -0.122121 -8.0516e-20)
(0.171797 -0.129773 1.46961e-19)
(0.147247 -0.133957 7.69198e-19)
(0.122325 -0.132089 4.7364e-19)
(0.0945122 -0.12129 1.26257e-19)
(0.0714831 -0.102334 5.72287e-19)
(0.0515795 -0.0776566 0)
(0.0292355 -0.0461869 0)
(0.211734 -0.0376641 8.85573e-20)
(0.190323 -0.0516074 1.48415e-19)
(0.167802 -0.0642693 1.35453e-19)
(0.14482 -0.0751126 7.10729e-21)
(0.121674 -0.0838039 0)
(0.0993569 -0.0895346 -1.94681e-20)
(0.0777573 -0.0916771 -4.16569e-20)
(0.0579589 -0.087404 -9.73982e-20)
(0.0392306 -0.0688995 2.43556e-19)
(0.0205031 -0.0390822 1.02111e-19)
(0.196682 0.0329084 -5.02666e-20)
(0.174375 0.0166241 1.3845e-20)
(0.151501 0.000963426 1.99907e-19)
(0.128674 -0.0135657 0)
(0.106265 -0.0266889 0)
(0.0848849 -0.038345 0)
(0.0650604 -0.0485812 -5.8511e-19)
(0.0473827 -0.0566909 6.78569e-19)
(0.0288936 -0.0551934 3.87084e-19)
(0.0108208 -0.0314826 3.06241e-19)
(0.190177 0.109158 1.04595e-19)
(0.166676 0.0903318 2.67322e-19)
(0.142904 0.0712947 8.12756e-22)
(0.119402 0.0523242 -1.20485e-19)
(0.0966982 0.0340411 1.45037e-20)
(0.0753488 0.0170127 -4.28606e-19)
(0.0555153 0.00117103 3.20171e-19)
(0.0381328 -0.0135381 1.42458e-18)
(0.0219056 -0.0262526 -2.94821e-19)
(0.00609995 -0.0255647 -3.20416e-19)
(0.189166 0.188502 1.19317e-19)
(0.164129 0.167142 -7.47236e-21)
(0.139189 0.145336 -8.63244e-20)
(0.11444 0.122344 1.14093e-19)
(0.0902597 0.098136 -1.9778e-19)
(0.0675922 0.0740743 -7.05632e-19)
(0.0474178 0.0516815 1.96423e-19)
(0.0301863 0.0308313 8.37405e-19)
(0.0162694 0.0114291 -3.72245e-19)
(0.00646798 -0.00907352 -1.1686e-19)
(0.193014 0.269907 -2.53375e-20)
(0.165531 0.245258 -5.9781e-20)
(0.138868 0.22058 5.95434e-20)
(0.112828 0.195219 3.20998e-19)
(0.0869457 0.167228 -1.17091e-20)
(0.0615023 0.135812 2.95517e-20)
(0.0385436 0.103486 9.65458e-19)
(0.0202034 0.0728851 -4.4443e-19)
(0.0070853 0.0431289 -9.31545e-20)
(-0.00308925 0.0119589 1.30937e-19)
(0.206651 0.355331 -2.04923e-19)
(0.1756 0.326236 -8.50605e-21)
(0.145566 0.296403 1.86658e-19)
(0.117353 0.267141 0)
(0.0906082 0.237435 -1.08974e-19)
(0.0638673 0.203332 -1.83323e-20)
(0.0375371 0.161378 2.23499e-19)
(0.0154603 0.113309 -3.95959e-20)
(0.00264177 0.0633884 -2.2958e-20)
(-0.00390879 0.0188845 -3.91521e-20)
(0.618641 -0.00684898 5.94415e-19)
(0.761367 -0.0105712 -4.43353e-19)
(0.876581 -0.0144676 2.5717e-19)
(0.967345 -0.0168227 -1.63131e-20)
(1.00963 -0.0226742 -6.5332e-19)
(0.884638 -0.0227907 -1.76609e-18)
(0.752198 -0.0205765 2.11328e-19)
(0.585344 -0.0177624 2.42767e-20)
(0.385746 -0.0129066 -2.75567e-20)
(0.147216 -0.00555399 6.27575e-19)
(0.631169 -0.0219466 -7.44496e-20)
(0.766098 -0.0329326 -2.23052e-20)
(0.874248 -0.0440516 -1.05597e-18)
(0.962795 -0.0515572 4.01687e-21)
(0.984272 -0.0667572 2.16483e-18)
(0.863146 -0.0668306 -2.00024e-19)
(0.732049 -0.0603591 -2.46061e-18)
(0.56822 -0.0519331 1.33458e-20)
(0.373273 -0.0376075 -1.48641e-19)
(0.141853 -0.0161417 4.86244e-19)
(0.651036 -0.0405999 4.07278e-19)
(0.772271 -0.0582603 9.71504e-20)
(0.868143 -0.0747628 -4.15409e-19)
(0.95177 -0.0903824 -1.15094e-18)
(0.933589 -0.107379 1.37787e-18)
(0.821924 -0.105965 1.4064e-18)
(0.693147 -0.0961588 5.93882e-19)
(0.535409 -0.0821513 -6.61262e-20)
(0.349482 -0.0590953 2.23678e-19)
(0.131661 -0.025227 2.33895e-21)
(0.671328 -0.0636259 -5.73975e-19)
(0.77507 -0.0866941 4.86938e-19)
(0.856912 -0.106113 7.21321e-19)
(0.922959 -0.132379 -9.65792e-19)
(0.867323 -0.143811 1.45873e-18)
(0.764005 -0.138763 -5.67152e-19)
(0.638899 -0.126195 2.76369e-20)
(0.489783 -0.106619 4.21902e-19)
(0.316618 -0.0758911 7.26033e-19)
(0.117675 -0.0321021 -9.19369e-20)
(0.685431 -0.0910522 3.81096e-19)
(0.769316 -0.117214 -8.50487e-20)
(0.836964 -0.139388 4.43855e-19)
(0.863912 -0.170097 1.09446e-18)
(0.791184 -0.174785 3.59224e-20)
(0.692923 -0.165682 1.59984e-18)
(0.573694 -0.149744 -1.36761e-18)
(0.435347 -0.124721 -6.01414e-19)
(0.277958 -0.0875173 -5.73166e-19)
(0.101474 -0.0365402 -3.21583e-19)
(0.68849 -0.121948 -7.88303e-19)
(0.752702 -0.148461 6.52176e-19)
(0.800089 -0.17639 -2.38403e-18)
(0.779478 -0.198831 -6.78569e-19)
(0.706172 -0.197908 7.8632e-19)
(0.612903 -0.186062 1.04316e-18)
(0.5022 -0.166213 3.23276e-19)
(0.376583 -0.136317 -1.41669e-19)
(0.237235 -0.0942045 -4.40834e-19)
(0.0849024 -0.0388087 -2.28529e-19)
(0.67659 -0.153107 2.00004e-18)
(0.720675 -0.180248 -4.59139e-19)
(0.729547 -0.208069 1.73602e-18)
(0.68501 -0.218422 -3.45033e-18)
(0.615655 -0.213904 -1.24962e-18)
(0.529602 -0.19958 3.42081e-19)
(0.428992 -0.175871 1.85704e-19)
(0.317443 -0.142051 -2.31711e-19)
(0.197738 -0.0970099 4.00999e-19)
(0.0696549 -0.0397207 -1.04363e-19)
(0.647169 -0.183205 -8.63566e-20)
(0.65904 -0.210264 -1.73255e-19)
(0.634829 -0.225889 -4.70947e-19)
(0.587461 -0.230437 8.3418e-19)
(0.524789 -0.223928 1.10418e-18)
(0.447959 -0.206997 -2.72534e-20)
(0.357291 -0.179797 -2.32979e-19)
(0.260468 -0.143209 -7.81346e-20)
(0.161965 -0.0977229 2.28954e-21)
(0.0571719 -0.0407503 2.16501e-19)
(0.584897 -0.210086 -1.08392e-19)
(0.566719 -0.225378 -9.96076e-19)
(0.535746 -0.233814 -6.91267e-21)
(0.492535 -0.23658 3.645e-19)
(0.439003 -0.228514 -5.40029e-19)
(0.371108 -0.209066 1.4871e-18)
(0.288627 -0.178315 7.69834e-19)
(0.207873 -0.140571 -1.72498e-19)
(0.132275 -0.0980933 -3.62351e-20)
(0.0489185 -0.0440999 1.1934e-19)
(0.494547 -0.218558 -9.80055e-19)
(0.472286 -0.22604 -3.64762e-19)
(0.442793 -0.234303 -1.44419e-20)
(0.406087 -0.23618 -3.45242e-20)
(0.361023 -0.227338 8.72374e-21)
(0.300765 -0.205156 -1.21205e-18)
(0.22643 -0.170691 4.95661e-19)
(0.164108 -0.134473 7.46009e-20)
(0.110495 -0.0984052 3.45045e-21)
(0.0453479 -0.0511242 5.17091e-20)
(0.911132 0.406319 -7.49506e-18)
(1.1605 0.25102 -2.45969e-19)
(0.790908 0.164634 -1.33283e-19)
(0.750845 0.0672995 1.0584e-19)
(0.686933 0.0293364 -2.80761e-20)
(0.661424 0.0226885 2.11005e-20)
(0.615383 0.037125 7.06511e-20)
(0.545541 0.043166 -7.03067e-20)
(0.436601 -0.002531 -9.97327e-20)
(0.384453 -0.115885 -2.37633e-19)
(0.933823 0.378697 3.73594e-18)
(1.25372 0.282227 -6.10123e-20)
(0.893633 0.206481 1.37793e-20)
(0.863815 0.087541 2.80746e-20)
(0.791479 0.0411567 9.53797e-20)
(0.759184 0.0305779 -1.50359e-19)
(0.70322 0.0495901 1.14598e-19)
(0.611726 0.0711538 -1.81209e-19)
(0.447122 0.0408287 -2.93481e-21)
(0.34553 -0.0807737 -1.69646e-19)
(0.941913 0.339971 3.83879e-18)
(1.32416 0.305587 -1.45392e-19)
(0.988613 0.244604 2.76014e-19)
(0.972869 0.107684 1.65824e-19)
(0.893958 0.0547508 -2.41118e-20)
(0.854795 0.0405385 2.04248e-19)
(0.785701 0.0662201 1.08648e-19)
(0.662018 0.10586 0)
(0.468566 0.0879942 -1.68527e-19)
(0.315444 -0.0372312 -1.83569e-19)
(0.942703 0.296199 -1.69379e-18)
(1.32902 0.309861 -6.10249e-20)
(1.07675 0.275439 -4.89442e-20)
(1.07691 0.127374 3.12027e-20)
(0.992339 0.0702804 -3.40893e-19)
(0.945226 0.0535181 3.10935e-19)
(0.857463 0.0900353 -1.66165e-19)
(0.700318 0.147684 3.76566e-19)
(0.493484 0.14318 -4.37565e-19)
(0.297493 0.0190163 4.68885e-19)
(0.943507 0.254722 -2.64542e-20)
(1.29393 0.294143 2.00923e-20)
(1.15968 0.297448 1.90552e-20)
(1.17229 0.145724 -1.91924e-19)
(1.08393 0.0876927 8.37049e-21)
(1.02636 0.0708445 -3.01477e-19)
(0.914387 0.121673 -9.84939e-19)
(0.732805 0.194465 3.43783e-19)
(0.518806 0.203668 3.69888e-19)
(0.291492 0.0854005 8.43995e-19)
(0.946329 0.219102 2.79271e-20)
(1.26036 0.275349 1.718e-19)
(1.22311 0.296149 5.98639e-20)
(1.26223 0.163164 1.24029e-19)
(1.16395 0.107533 1.33542e-19)
(1.0926 0.0941828 -1.88077e-19)
(0.957141 0.15976 -1.4961e-19)
(0.762596 0.245907 -2.58263e-19)
(0.543155 0.269042 2.56179e-19)
(0.294168 0.159041 3.10309e-19)
(0.949516 0.188364 0)
(1.23251 0.251246 -9.60881e-20)
(1.22026 0.269498 -1.75435e-20)
(1.29202 0.179227 -3.50924e-21)
(1.22752 0.128326 7.84972e-20)
(1.13929 0.12342 3.3181e-20)
(0.989703 0.202358 2.26677e-19)
(0.791186 0.30101 -1.70833e-19)
(0.567166 0.338336 -5.49862e-21)
(0.302482 0.237929 -5.24703e-19)
(0.95224 0.160771 0)
(1.20978 0.225016 0)
(1.20696 0.248812 -3.22698e-20)
(1.27958 0.181733 -1.5361e-19)
(1.26113 0.148681 1.56993e-20)
(1.16899 0.15524 -1.2042e-19)
(1.01615 0.24793 2.22057e-19)
(0.820106 0.358805 9.54562e-20)
(0.592673 0.4109 4.87016e-21)
(0.315454 0.320855 -3.91249e-19)
(0.954074 0.1355 0)
(1.19172 0.199864 4.6094e-21)
(1.19388 0.22696 1.83581e-20)
(1.26703 0.180152 -1.18632e-20)
(1.26554 0.16 -7.6549e-20)
(1.1892 0.187046 4.43939e-20)
(1.04022 0.294904 4.37602e-20)
(0.851536 0.418276 1.13793e-19)
(0.622128 0.486043 -1.82499e-20)
(0.335014 0.407301 4.19251e-19)
(0.95485 0.112052 6.61467e-21)
(1.17808 0.176483 1.43491e-20)
(1.18415 0.205225 -9.9846e-21)
(1.25791 0.17544 2.5522e-20)
(1.26626 0.167918 -1.69066e-20)
(1.20626 0.216889 2.54698e-20)
(1.06535 0.34183 -2.63365e-20)
(0.887741 0.478446 -5.58644e-20)
(0.657908 0.562915 -8.75965e-20)
(0.365741 0.496826 -1.77642e-19)
(0.241356 0.0752733 5.06905e-18)
(0.181424 0.00188031 1.36906e-18)
(0.0932392 -0.0109323 -7.18413e-19)
(0.0773523 -0.00212443 2.39477e-20)
(0.0680348 -0.00154583 8.12833e-20)
(0.0655295 -0.000585773 8.46324e-20)
(0.061684 -0.000703766 -5.24027e-20)
(0.0566439 -0.000397138 -2.0253e-20)
(0.056993 0.00443661 -1.76148e-19)
(0.0825904 0.00667916 -7.09853e-20)
(0.529735 0.247917 2.09942e-17)
(0.459882 0.0547196 4.67565e-18)
(0.265906 0.0167502 -4.7554e-19)
(0.223729 0.00775496 5.86279e-19)
(0.200069 0.00212268 2.29119e-19)
(0.193325 0.00167257 1.15953e-19)
(0.182015 0.00257394 -1.98482e-19)
(0.164803 0.00145635 2.01855e-19)
(0.159627 -0.00552505 -6.27026e-19)
(0.231515 -0.0138027 -1.27825e-18)
(0.693501 0.352429 1.5715e-19)
(0.689995 0.111772 3.97576e-19)
(0.420147 0.0464864 -4.97773e-20)
(0.365021 0.0200178 -4.77467e-20)
(0.329141 0.00639178 0)
(0.318291 0.00478466 0)
(0.299409 0.00767234 0)
(0.270197 0.00605896 0)
(0.251624 -0.0135228 2.04853e-20)
(0.358502 -0.0378371 5.78875e-20)
(0.796884 0.40351 4.03538e-19)
(0.878999 0.164542 -2.25142e-18)
(0.557437 0.0827449 -6.57606e-19)
(0.500228 0.0343433 0)
(0.454113 0.0123508 0)
(0.439093 0.00924812 0)
(0.411856 0.0150146 0)
(0.369329 0.0136137 0)
(0.329561 -0.0216597 0)
(0.440592 -0.0787155 6.58111e-19)
(0.867712 0.418195 -1.69719e-19)
(1.03642 0.210727 -9.13879e-19)
(0.679859 0.122631 0)
(0.630394 0.0500504 1.89075e-19)
(0.575281 0.0198076 0)
(0.555997 0.0152893 0)
(0.520094 0.0250061 1.04426e-19)
(0.465886 0.0238231 -1.59728e-19)
(0.415403 -0.0269704 0)
(0.421262 -0.113676 8.70979e-20)
(0.098537 0.00308447 -4.33425e-19)
(0.0966495 0.00407108 -1.00647e-19)
(0.0955771 0.00288777 3.19037e-19)
(0.0931265 0.00146392 5.18926e-19)
(0.0893225 0.000562836 1.93078e-19)
(0.0842593 0.000190115 -2.94517e-19)
(0.0782342 9.16909e-05 -9.21906e-21)
(0.07208 8.14883e-05 -3.58233e-20)
(0.066937 7.12534e-05 -7.88158e-20)
(0.0639626 2.80615e-05 7.0865e-20)
(0.274188 -0.03259 -1.21228e-18)
(0.269614 -0.0242416 -7.29662e-19)
(0.26602 -0.0191045 2.91585e-19)
(0.259281 -0.0149402 -3.5492e-19)
(0.249071 -0.0112387 5.3898e-19)
(0.235716 -0.00781224 4.1113e-19)
(0.220026 -0.00498169 1.93089e-19)
(0.203994 -0.00288251 2.01123e-19)
(0.190551 -0.00141514 -2.69672e-19)
(0.182768 -0.000414968 -1.56906e-21)
(0.417267 -0.0817284 3.15398e-19)
(0.414131 -0.064476 -7.04211e-19)
(0.411632 -0.0520153 -4.92461e-19)
(0.404105 -0.0408817 1.56937e-19)
(0.390556 -0.0307299 -1.16789e-18)
(0.371623 -0.0216423 -1.22831e-19)
(0.348873 -0.0141665 -3.62716e-19)
(0.325252 -0.00848189 2.72547e-19)
(0.305155 -0.00433827 -2.43828e-21)
(0.293382 -0.00131115 -1.84053e-19)
(0.516109 -0.138135 -6.1516e-19)
(0.521032 -0.112591 3.12348e-19)
(0.525116 -0.0938746 -1.0371e-18)
(0.522057 -0.075229 -8.28974e-19)
(0.510149 -0.0570731 -1.39622e-19)
(0.489866 -0.0405491 -4.02248e-19)
(0.463592 -0.0267846 -3.38405e-19)
(0.43525 -0.0161186 -4.78635e-19)
(0.410594 -0.0082489 5.29128e-19)
(0.395951 -0.002485 2.09135e-20)
(0.54532 -0.204004 -5.08857e-19)
(0.585484 -0.170073 -6.51909e-19)
(0.606677 -0.142992 2.02146e-18)
(0.615151 -0.117053 4.44482e-19)
(0.610273 -0.0896951 -9.71921e-20)
(0.592799 -0.0642703 1.41753e-19)
(0.566158 -0.0428861 9.15533e-19)
(0.535326 -0.0260827 -2.93563e-19)
(0.507521 -0.0134919 4.42545e-19)
(0.490667 -0.00409352 3.46282e-19)
)
;

boundaryField
{
    left
    {
        type            fixedValue;
        value           uniform (1 0 0);
    }
    right
    {
        type            zeroGradient;
    }
    down
    {
        type            noSlip;
    }
    up
    {
        type            noSlip;
    }
    cylinder
    {
        type            noSlip;
    }
    defaultFaces
    {
        type            empty;
    }
}


// ************************************************************************* //
