/*--------------------------------*- C++ -*----------------------------------*\
  =========                 |
  \\      /  F ield         | OpenFOAM: The Open Source CFD Toolbox
   \\    /   O peration     | Website:  https://openfoam.org
    \\  /    A nd           | Version:  13
     \\/     M anipulation  |
\*---------------------------------------------------------------------------*/
FoamFile
{
    format      ascii;
    class       volVectorField;
    location    "0.665";
    object      U;
}
// * * * * * * * * * * * * * * * * * * * * * * * * * * * * * * * * * * * * * //

dimensions      [0 1 -1 0 0 0 0];

internalField   nonuniform List<vector> 
1800
(
(0.0978011 -0.0883288 -4.48973e-20)
(0.286896 -0.241951 -3.41211e-20)
(0.473973 -0.379045 -4.85027e-19)
(0.657691 -0.500158 1.91471e-19)
(0.836611 -0.607171 7.43803e-20)
(1.00991 -0.701376 -3.9056e-20)
(1.17715 -0.783467 5.54949e-20)
(1.33793 -0.853676 1.97345e-19)
(1.49159 -0.912957 5.92226e-19)
(1.63352 -0.966892 8.10022e-19)
(0.119061 -0.0915029 -7.91151e-20)
(0.344291 -0.247709 -7.70614e-19)
(0.563283 -0.38475 3.78148e-21)
(0.775364 -0.504236 1.25764e-19)
(0.979505 -0.608922 -1.26266e-19)
(1.17521 -0.700695 7.65889e-20)
(1.36231 -0.780786 -2.80828e-19)
(1.54078 -0.850096 -5.02569e-20)
(1.7101 -0.9107 -6.93457e-19)
(1.86785 -0.967038 6.29739e-19)
(0.141651 -0.0923231 4.88228e-20)
(0.40368 -0.247731 2.09288e-19)
(0.653755 -0.382117 5.43325e-19)
(0.892178 -0.497905 -1.90264e-19)
(1.11866 -0.598385 -1.42997e-19)
(1.33321 -0.685812 7.56127e-20)
(1.53605 -0.761705 9.82604e-20)
(1.72743 -0.827295 1.94067e-19)
(1.90721 -0.884798 2.73606e-21)
(2.07421 -0.937864 1.50984e-19)
(0.163907 -0.0897209 -4.57191e-20)
(0.461699 -0.23947 -2.04391e-19)
(0.741428 -0.367619 -1.8126e-19)
(1.00451 -0.476977 -1.42299e-19)
(1.25162 -0.571022 1.81311e-19)
(1.48351 -0.652127 -5.70908e-20)
(1.70092 -0.721905 -4.31066e-21)
(1.90453 -0.78162 2.92902e-21)
(2.09455 -0.833363 -1.60453e-19)
(2.27025 -0.880352 -1.05947e-19)
(0.184658 -0.0833565 -1.1404e-19)
(0.515894 -0.221807 8.76366e-20)
(0.823292 -0.339431 1.79842e-19)
(1.10931 -0.439063 2.43306e-19)
(1.37561 -0.524071 -2.85023e-19)
(1.62371 -0.596777 -3.58076e-21)
(1.85494 -0.658766 4.24981e-19)
(2.07042 -0.711261 -1.85054e-19)
(2.27083 -0.756162 -1.23989e-19)
(2.45578 -0.796395 -5.35604e-20)
(0.20319 -0.0735001 1.73591e-19)
(0.564471 -0.1952 1.02985e-18)
(0.896791 -0.298074 1.43255e-19)
(1.20351 -0.384735 -5.03142e-19)
(1.48719 -0.458227 -1.75503e-19)
(1.75003 -0.520669 6.37692e-19)
(1.9939 -0.573524 -1.45379e-19)
(2.22036 -0.617899 -4.31591e-19)
(2.43047 -0.655444 -3.16651e-19)
(2.62419 -0.688741 2.6159e-19)
(0.218899 -0.0605913 1.1634e-19)
(0.605745 -0.160701 -7.47593e-19)
(0.959313 -0.24503 -1.08561e-18)
(1.28371 -0.315798 3.83787e-19)
(1.58223 -0.375564 4.49945e-19)
(1.85767 -0.426128 -9.02064e-22)
(2.11239 -0.468739 -6.39685e-19)
(2.34829 -0.504325 2.19315e-19)
(2.56683 -0.534212 -3.64472e-19)
(2.76827 -0.560569 -3.1121e-19)
(0.231236 -0.0451723 -3.42487e-19)
(0.6382 -0.119684 -6.92605e-19)
(1.00849 -0.182294 1.21221e-18)
(1.34677 -0.2347 5.98702e-19)
(1.65694 -0.278852 -2.69758e-19)
(1.94224 -0.316136 -2.11497e-19)
(2.20543 -0.347515 0)
(2.44874 -0.373689 1.16806e-19)
(2.67398 -0.395622 -2.95842e-19)
(2.88171 -0.414969 -7.74303e-20)
(0.239766 -0.0278754 -2.04466e-19)
(0.660652 -0.0737558 5.62385e-19)
(1.04249 -0.112198 1.71009e-19)
(1.39031 -0.144289 -5.12495e-19)
(1.7084 -0.171277 -7.84196e-19)
(2.00037 -0.194053 3.66198e-20)
(2.26924 -0.213245 1.67124e-19)
(2.51752 -0.229293 -5.46843e-19)
(2.74731 -0.242784 -2.89763e-19)
(2.95953 -0.254777 -5.63593e-19)
(0.24426 -0.00940242 4.51409e-19)
(0.672453 -0.024704 3.4415e-19)
(1.0603 -0.0373616 -9.38597e-20)
(1.41303 -0.0477884 -1.29794e-20)
(1.73514 -0.0564621 -3.87507e-19)
(2.03041 -0.063723 -8.57326e-20)
(2.30205 -0.0698099 -2.90578e-19)
(2.55276 -0.0748901 6.46559e-19)
(2.7848 -0.0791709 1.71003e-19)
(2.99945 -0.0830117 2.22306e-21)
(-0.00234463 -0.0217902 -3.39309e-20)
(0.0086134 -0.0693468 -7.03953e-20)
(0.0249034 -0.120475 -7.31865e-21)
(0.0493327 -0.171157 -3.40821e-20)
(0.0776869 -0.21654 -1.27298e-20)
(0.106534 -0.254687 -3.90025e-19)
(0.135569 -0.288623 -1.94816e-20)
(0.166361 -0.321936 1.19948e-19)
(0.19919 -0.355448 1.09602e-20)
(0.233083 -0.387813 -3.58121e-20)
(0.000847034 -0.0246921 -9.7753e-20)
(0.0149466 -0.0850767 -2.12285e-19)
(0.0393453 -0.160302 -5.44146e-20)
(0.0692736 -0.225207 -1.10489e-19)
(0.0995013 -0.275498 -9.66341e-20)
(0.130478 -0.317934 -2.79968e-19)
(0.164502 -0.358923 2.00629e-19)
(0.202165 -0.400319 1.68546e-19)
(0.241669 -0.440231 -2.56493e-19)
(0.281182 -0.476611 8.12616e-20)
(0.00549489 -0.0314986 -8.54123e-20)
(0.0287785 -0.107422 -8.66049e-19)
(0.0628519 -0.196082 -1.29362e-19)
(0.0974503 -0.268936 9.34936e-20)
(0.131824 -0.32718 6.78355e-20)
(0.169668 -0.380242 -4.50486e-19)
(0.212964 -0.432258 3.57008e-20)
(0.259158 -0.481743 3.66992e-19)
(0.30551 -0.526201 -3.86363e-19)
(0.351464 -0.565594 -2.58505e-19)
(0.0113686 -0.0409915 -1.77479e-21)
(0.0466248 -0.13088 1.897e-19)
(0.089638 -0.225321 1.61991e-21)
(0.133076 -0.307018 -1.08101e-20)
(0.177795 -0.377851 -3.01211e-20)
(0.227253 -0.443827 8.68534e-20)
(0.281106 -0.505583 7.32165e-20)
(0.33568 -0.560846 -1.36175e-19)
(0.389747 -0.609323 9.20905e-21)
(0.44392 -0.651887 -1.04422e-20)
(0.0185095 -0.0507753 0)
(0.0672386 -0.152431 5.46879e-21)
(0.121938 -0.253632 -5.09834e-19)
(0.178695 -0.345469 5.15282e-20)
(0.237811 -0.428564 -1.03559e-20)
(0.300519 -0.505068 5.98176e-21)
(0.365313 -0.574347 -2.54748e-20)
(0.429812 -0.635398 -7.77484e-21)
(0.493954 -0.688798 0)
(0.558149 -0.734803 -2.05855e-20)
(0.0273263 -0.0596525 3.18116e-20)
(0.0918956 -0.172859 -1.54181e-19)
(0.161766 -0.282524 -4.59005e-20)
(0.234629 -0.383887 -5.83854e-20)
(0.309737 -0.476746 4.96484e-20)
(0.386737 -0.561522 5.39558e-21)
(0.464242 -0.637681 8.99434e-20)
(0.540938 -0.704917 -2.17596e-20)
(0.616909 -0.763412 -6.96419e-19)
(0.69216 -0.812611 -1.01045e-20)
(0.0379755 -0.0676062 6.85994e-22)
(0.121237 -0.192181 5.57795e-20)
(0.209163 -0.310618 -7.85038e-20)
(0.299926 -0.420176 -1.67037e-20)
(0.392135 -0.520666 -7.29161e-20)
(0.484776 -0.612119 -9.61412e-21)
(0.576698 -0.694311 9.81458e-21)
(0.666938 -0.767124 -2.11785e-19)
(0.755521 -0.83024 3.83602e-19)
(0.842313 -0.882291 9.7166e-19)
(0.0503618 -0.0746019 1.51389e-20)
(0.15513 -0.209611 -1.42297e-19)
(0.263462 -0.335965 -2.13813e-19)
(0.373669 -0.45211 8.90285e-20)
(0.484101 -0.558262 -6.4326e-20)
(0.593542 -0.65461 9.8823e-20)
(0.70094 -0.741265 1.96945e-19)
(0.805404 -0.818284 -1.09197e-19)
(0.907015 -0.885092 -3.05993e-19)
(1.00568 -0.939503 7.25425e-19)
(0.0642904 -0.0803603 -2.64818e-20)
(0.193286 -0.224027 -5.78132e-19)
(0.324297 -0.35656 5.2433e-19)
(0.455683 -0.47723 3.37507e-19)
(0.585737 -0.586743 -8.59187e-20)
(0.713222 -0.685655 3.08731e-19)
(0.837126 -0.774425 -1.59974e-19)
(0.956559 -0.853446 -7.73053e-19)
(1.07172 -0.92202 -4.03747e-19)
(1.18266 -0.977261 4.53715e-19)
(0.0795454 -0.0846663 -7.98253e-20)
(0.235846 -0.234418 -5.44354e-19)
(0.392392 -0.370525 -8.27028e-21)
(0.547541 -0.492795 6.88159e-20)
(0.699593 -0.602461 3.37772e-19)
(0.84739 -0.70043 -1.85403e-19)
(0.99001 -0.787435 -1.695e-19)
(1.12653 -0.863818 1.89027e-19)
(1.2568 -0.928638 -3.51652e-19)
(1.38006 -0.980341 -5.84629e-19)
(0.402997 -0.531889 9.85411e-19)
(0.68493 -0.618315 -2.45611e-19)
(0.913796 -0.557575 -1.4337e-19)
(1.08761 -0.431001 2.70082e-19)
(1.23996 -0.279909 -2.31152e-19)
(1.36215 -0.139104 -2.99704e-19)
(1.45916 -0.0328219 -2.65279e-19)
(1.51562 0.0200588 -3.18242e-20)
(1.53614 0.0297707 1.15898e-20)
(1.55211 0.0208543 3.01818e-20)
(0.468943 -0.619759 9.65916e-19)
(0.741585 -0.693747 7.17642e-20)
(0.966372 -0.617612 1.09482e-20)
(1.12484 -0.48021 -2.17158e-19)
(1.26548 -0.320217 -7.19917e-19)
(1.38058 -0.171659 0)
(1.47857 -0.0572096 -2.45893e-19)
(1.55152 0.00622371 5.18291e-20)
(1.58848 0.0235115 4.48632e-21)
(1.61584 0.0175329 -5.14869e-21)
(0.556271 -0.705423 -9.98098e-19)
(0.810881 -0.766725 -7.09944e-20)
(1.02564 -0.675517 1.5635e-19)
(1.16624 -0.52726 -5.38201e-20)
(1.2912 -0.359309 -3.63099e-20)
(1.39675 -0.204039 6.45127e-20)
(1.49014 -0.0832594 0)
(1.56985 -0.0119389 0)
(1.62139 0.0111726 -2.49284e-20)
(1.67025 0.0113469 0)
(0.665741 -0.787178 -2.24842e-19)
(0.895686 -0.835299 4.03883e-19)
(1.09205 -0.730226 2.68272e-20)
(1.21254 -0.571169 0)
(1.31801 -0.396307 6.06839e-19)
(1.41168 -0.235235 -1.45154e-19)
(1.49782 -0.109364 0)
(1.57645 -0.0315363 1.32822e-19)
(1.62833 -0.00475756 0)
(1.70275 0.000365736 -2.8804e-21)
(0.795761 -0.863873 -1.4895e-19)
(0.997692 -0.897483 4.54391e-19)
(1.16627 -0.78058 -1.4665e-20)
(1.26389 -0.611111 0)
(1.3466 -0.430403 1.78762e-19)
(1.42572 -0.264568 2.72633e-19)
(1.50356 -0.134374 4.77222e-20)
(1.57674 -0.0507947 6.72452e-21)
(1.62592 -0.0211233 -2.34342e-20)
(1.7051 -0.0118888 3.22764e-20)
(0.942254 -0.934749 -1.33076e-18)
(1.11652 -0.951923 -9.41433e-19)
(1.24891 -0.825309 4.76631e-21)
(1.32008 -0.646359 5.74606e-19)
(1.37732 -0.460814 -3.03292e-19)
(1.43889 -0.291534 1.47388e-19)
(1.50767 -0.157665 2.35005e-19)
(1.57382 -0.0690326 -1.88122e-19)
(1.62121 -0.0375749 -1.87259e-21)
(1.70123 -0.0233905 2.87539e-20)
(1.1001 -0.999433 -2.60333e-19)
(1.25003 -0.998431 2.86415e-19)
(1.34022 -0.863294 3.95611e-21)
(1.38082 -0.676223 -1.7597e-20)
(1.4103 -0.486759 -5.87467e-19)
(1.45121 -0.3156 5.42067e-20)
(1.50955 -0.178919 -9.39649e-20)
(1.56861 -0.0864511 -2.73433e-20)
(1.61671 -0.0524541 -1.82006e-21)
(1.68533 -0.0354451 -2.27008e-20)
(1.26431 -1.05682 -1.2009e-18)
(1.39475 -1.03761 2.09835e-19)
(1.43918 -0.893943 0)
(1.44515 -0.700271 3.44487e-20)
(1.44487 -0.507702 5.18143e-19)
(1.46234 -0.336245 -1.44305e-21)
(1.50816 -0.198157 -3.08051e-19)
(1.56109 -0.102701 5.65845e-20)
(1.61051 -0.0660308 -5.70232e-22)
(1.63838 -0.0428166 -1.81069e-20)
(1.43199 -1.10348 3.39106e-18)
(1.54804 -1.07038 2.46183e-19)
(1.54562 -0.917961 4.63919e-19)
(1.5133 -0.718926 -3.17795e-20)
(1.48113 -0.523792 -3.43478e-20)
(1.47224 -0.353307 -4.26523e-19)
(1.50128 -0.215377 8.90334e-20)
(1.55203 -0.117009 3.06227e-21)
(1.57115 -0.0737902 -2.49906e-20)
(1.5769 -0.0449153 2.45195e-20)
(1.59923 -1.12817 -2.99827e-18)
(1.70185 -1.09559 1.27237e-18)
(1.65396 -0.937994 -2.32689e-19)
(1.58141 -0.735675 -7.87921e-19)
(1.51606 -0.538611 -6.5472e-19)
(1.47828 -0.370522 -2.55366e-19)
(1.48865 -0.232725 -6.54034e-20)
(1.51648 -0.130408 0)
(1.50934 -0.0748568 -5.20671e-20)
(1.50676 -0.0449746 1.12804e-19)
(1.88817 -1.17021 -6.71248e-18)
(1.92738 -1.10514 -1.69212e-18)
(1.80487 -0.932205 -5.85466e-20)
(1.67308 -0.72754 1.12008e-19)
(1.56258 -0.533786 1.61104e-19)
(1.48582 -0.372705 -1.04296e-19)
(1.4523 -0.238376 -4.00632e-20)
(1.43178 -0.131072 6.88934e-20)
(1.42034 -0.0725644 -5.62268e-20)
(1.40965 -0.0441466 -5.18041e-20)
(2.28932 -1.13485 4.95718e-19)
(2.17884 -1.05668 -2.86958e-19)
(1.94278 -0.865282 5.00146e-19)
(1.73573 -0.664739 -8.58791e-20)
(1.56263 -0.480579 1.0826e-20)
(1.42702 -0.333233 -6.54992e-20)
(1.34486 -0.215839 9.76565e-20)
(1.31331 -0.120902 -3.29697e-20)
(1.29631 -0.0671257 2.00116e-19)
(1.28071 -0.0412787 8.94241e-20)
(2.61059 -1.04359 2.27091e-18)
(2.35198 -0.948756 3.25844e-19)
(2.00835 -0.759439 -1.1788e-19)
(1.73267 -0.572897 1.61009e-36)
(1.50577 -0.410546 -2.5493e-20)
(1.3396 -0.286314 1.50876e-33)
(1.2359 -0.188766 -1.91674e-20)
(1.1866 -0.109009 -1.62303e-33)
(1.16425 -0.0605638 6.80309e-21)
(1.14415 -0.0373953 -1.52789e-20)
(2.78704 -0.893962 3.88727e-33)
(2.36948 -0.795614 2.96661e-18)
(1.97368 -0.630454 1.81848e-18)
(1.65357 -0.46936 0)
(1.4068 -0.334785 8.34631e-19)
(1.2301 -0.233388 4.32083e-19)
(1.1148 -0.155447 1.68415e-19)
(1.05324 -0.0929798 -2.83565e-33)
(1.02526 -0.0523757 -5.99298e-20)
(1.00156 -0.0324903 1.0153e-20)
(2.76366 -0.705887 3.84283e-18)
(2.24592 -0.629873 -1.4682e-19)
(1.84658 -0.491 0)
(1.51559 -0.361682 0)
(1.27144 -0.25563 0)
(1.09754 -0.178245 0)
(0.98135 -0.120275 -1.26327e-20)
(0.913706 -0.0743243 -4.1385e-33)
(0.881181 -0.0427231 7.56387e-21)
(0.854645 -0.026791 9.26701e-34)
(2.55118 -0.517034 3.26584e-18)
(2.02006 -0.462911 0)
(1.63858 -0.353635 0)
(1.32679 -0.256735 0)
(1.10103 -0.179667 0)
(0.941854 -0.125425 0)
(0.833781 -0.085679 3.29388e-20)
(0.766939 -0.0545791 -8.88812e-20)
(0.732415 -0.0320667 8.43277e-21)
(0.704446 -0.0205406 3.51448e-20)
(2.19012 -0.34271 0)
(1.70263 -0.303511 1.09835e-18)
(1.3613 -0.227604 1.09047e-18)
(1.09133 -0.16199 0)
(0.898437 -0.112323 6.67331e-19)
(0.764079 -0.0786362 4.05635e-19)
(0.671774 -0.0544198 2.51791e-19)
(0.611965 -0.035697 8.22332e-20)
(0.578921 -0.0213408 -2.28934e-20)
(0.551661 -0.0141763 -4.8444e-21)
(1.70286 -0.191136 -6.73869e-19)
(1.30019 -0.165594 -2.7416e-19)
(1.02506 -0.121754 1.75638e-19)
(0.815091 -0.0844382 -2.11303e-34)
(0.667721 -0.0580765 -7.7037e-20)
(0.566212 -0.041005 3.71442e-33)
(0.495701 -0.028848 4.89028e-20)
(0.448243 -0.0195498 9.86366e-20)
(0.420449 -0.0117718 9.81078e-21)
(0.396708 -0.00828647 -3.06103e-21)
(1.10088 -0.0758212 3.40803e-18)
(0.82316 -0.0626784 -1.86533e-19)
(0.640585 -0.0442925 -5.8883e-19)
(0.50615 -0.0289888 0)
(0.413826 -0.0195666 -6.40074e-19)
(0.350672 -0.0141102 -4.32414e-19)
(0.306199 -0.010272 -2.03392e-19)
(0.275285 -0.00740122 -1.40839e-19)
(0.25631 -0.00451929 1.6533e-19)
(0.239535 -0.00350792 -2.56772e-20)
(0.397352 -0.0033188 0)
(0.287866 0.00159409 0)
(0.220893 0.00409429 0)
(0.173552 0.00624696 0)
(0.142374 0.00585469 0)
(0.1212 0.00471177 0)
(0.105888 0.00366934 5.61737e-20)
(0.0947744 0.00254663 -2.17287e-34)
(0.0875477 0.0020797 1.23747e-20)
(0.0807764 0.000861835 1.13939e-20)
(3.3671 -0.0863115 5.39207e-19)
(3.32642 -0.265086 -8.41898e-20)
(3.24735 -0.430656 8.52091e-19)
(3.13238 -0.582157 -6.04759e-19)
(2.98634 -0.718124 6.66393e-19)
(2.81524 -0.83638 2.75222e-19)
(2.6266 -0.934055 -1.92758e-18)
(2.4295 -1.00784 -7.74445e-20)
(2.22467 -1.05367 0)
(1.98485 -1.06655 4.26172e-19)
(3.86191 -0.0750592 7.07367e-18)
(3.79859 -0.234213 1.95636e-18)
(3.70428 -0.38731 -4.86729e-18)
(3.58426 -0.531991 -4.49082e-19)
(3.44238 -0.665893 3.55884e-18)
(3.28185 -0.787318 1.92341e-18)
(3.1065 -0.895064 -5.16853e-18)
(2.92204 -0.987697 -1.95213e-18)
(2.72759 -1.06338 2.2031e-18)
(2.49236 -1.12051 8.52162e-19)
(3.83308 -0.0533005 -1.26251e-19)
(3.82024 -0.171566 4.40363e-18)
(3.78546 -0.299761 -1.08827e-18)
(3.72434 -0.430919 -3.44613e-18)
(3.63618 -0.55873 -6.80016e-18)
(3.52372 -0.678801 1.02787e-17)
(3.39117 -0.78879 4.18062e-18)
(3.2435 -0.88798 -3.91178e-18)
(3.08161 -0.97871 -2.90274e-18)
(2.88723 -1.06299 -3.42498e-18)
(3.62866 -0.0472854 -4.83943e-18)
(3.61961 -0.144931 -4.35349e-18)
(3.59964 -0.24374 5.47223e-18)
(3.56735 -0.343094 1.91192e-18)
(3.52241 -0.442377 -8.97147e-18)
(3.46417 -0.540807 4.92215e-19)
(3.39184 -0.637044 3.88643e-18)
(3.30513 -0.730428 -1.05398e-18)
(3.205 -0.82306 1.27684e-18)
(3.08307 -0.914767 2.81765e-19)
(3.34405 -0.036578 -9.16002e-19)
(3.339 -0.111656 3.00412e-18)
(3.3271 -0.188676 1.6196e-18)
(3.30744 -0.267172 -1.89427e-18)
(3.27986 -0.34607 -2.00139e-18)
(3.24465 -0.424137 -2.43405e-18)
(3.20204 -0.500334 3.79674e-19)
(3.15176 -0.574492 1.39019e-19)
(3.09549 -0.647756 -2.13978e-18)
(3.03287 -0.721301 -2.03444e-18)
(2.96257 -0.0265542 -1.82251e-18)
(2.95981 -0.0798887 -5.87233e-20)
(2.9533 -0.134599 -1.63755e-18)
(2.9424 -0.190903 3.1213e-19)
(2.92675 -0.24855 5.36786e-18)
(2.90629 -0.30693 -3.66753e-19)
(2.88092 -0.365115 4.43397e-20)
(2.85023 -0.422059 -2.60862e-18)
(2.81644 -0.476882 -3.49571e-18)
(2.786 -0.529863 3.72805e-19)
(2.48713 -0.0175106 -2.89315e-20)
(2.48578 -0.0519346 -8.14317e-19)
(2.48259 -0.0872482 -2.61487e-18)
(2.47708 -0.123771 -3.43104e-18)
(2.4688 -0.161534 2.49657e-18)
(2.45744 -0.200267 1.50226e-18)
(2.44261 -0.239353 -1.38508e-18)
(2.4237 -0.277791 1.6245e-18)
(2.40275 -0.314483 -4.29716e-19)
(2.38953 -0.34954 -9.63778e-19)
(1.91464 -0.00968826 7.72463e-19)
(1.91408 -0.0282975 -8.31806e-19)
(1.91278 -0.0474397 -3.27695e-20)
(1.91031 -0.0673591 -3.47237e-20)
(1.90624 -0.0881301 -7.27409e-20)
(1.90013 -0.109614 -2.33196e-18)
(1.89151 -0.131404 -6.7868e-19)
(1.87978 -0.152782 2.62612e-18)
(1.86664 -0.172975 -6.03509e-19)
(1.86191 -0.192206 -1.35114e-18)
(1.23988 -0.00373758 -1.64283e-18)
(1.23967 -0.0106956 -8.48916e-19)
(1.23923 -0.0179012 2.33921e-18)
(1.23823 -0.0254786 -8.8978e-19)
(1.23625 -0.0334753 -6.74127e-19)
(1.2329 -0.0418316 1.35204e-18)
(1.22775 -0.0503499 -1.2959e-18)
(1.22038 -0.0586654 1.287e-18)
(1.21202 -0.0663424 -1.21033e-18)
(1.21007 -0.073508 -4.24829e-18)
(0.454916 -0.000257973 6.63084e-19)
(0.454827 -0.000700529 7.03058e-19)
(0.454692 -0.00115912 7.48186e-19)
(0.454325 -0.00164005 1.35398e-18)
(0.453496 -0.00214018 -6.71989e-19)
(0.451983 -0.00263719 -1.29962e-18)
(0.449567 -0.00309911 6.14718e-19)
(0.445992 -0.00359293 2.48372e-20)
(0.441737 -0.00439222 -4.9653e-20)
(0.44035 -0.00504562 1.1057e-19)
(1.65355 0.997248 -2.8577e-19)
(1.51226 0.941839 1.79976e-20)
(1.35878 0.88073 -2.28575e-19)
(1.19767 0.808427 1.76349e-19)
(1.02957 0.723971 -1.91997e-19)
(0.854822 0.627072 -1.01108e-19)
(0.673758 0.516939 2.31987e-19)
(0.487035 0.392146 -3.04926e-19)
(0.295891 0.250643 3.09878e-19)
(0.10143 0.0916439 2.38724e-19)
(1.88638 0.992172 0)
(1.72967 0.934725 6.39236e-19)
(1.56083 0.872758 3.32396e-19)
(1.38228 0.801846 1.62784e-19)
(1.19453 0.719873 4.31304e-19)
(0.997532 0.625896 -8.68543e-20)
(0.79136 0.518601 -7.8543e-20)
(0.576347 0.39599 8.87781e-20)
(0.353318 0.255175 -1.04517e-18)
(0.122699 0.0943553 -1.66399e-20)
(2.09103 0.959024 1.56804e-19)
(1.92523 0.905058 0)
(1.74613 0.846455 -1.00739e-19)
(1.55493 0.779545 -3.83421e-19)
(1.3517 0.70208 5.37079e-20)
(1.13609 0.612788 3.97131e-19)
(0.907784 0.510088 -6.06888e-19)
(0.66659 0.391638 -2.0088e-19)
(0.412596 0.254045 7.8359e-19)
(0.145251 0.0947352 -1.75942e-19)
(2.28484 0.898345 1.8801e-19)
(2.11044 0.850554 1.19983e-20)
(1.9213 0.797857 2.45089e-20)
(1.71811 0.736998 3.60957e-20)
(1.50058 0.665854 -2.92684e-20)
(1.26793 0.583131 2.73262e-19)
(1.01926 0.487168 -2.06878e-19)
(0.753675 0.375531 -8.55575e-19)
(0.470271 0.244678 0)
(0.167388 0.0916966 0)
(2.46796 0.811813 -1.07076e-18)
(2.28435 0.770832 -6.09117e-19)
(2.08493 0.725059 -1.20665e-19)
(1.87003 0.671521 -6.65722e-20)
(1.6389 0.608294 0)
(1.39031 0.534136 2.40752e-19)
(1.12275 0.447434 2.67778e-19)
(0.834555 0.345835 2.86242e-19)
(0.52384 0.225953 -4.23747e-19)
(0.187908 0.0848981 -8.1235e-20)
(2.634 0.70209 7.66361e-19)
(2.44156 0.668061 -1.39173e-19)
(2.23244 0.629678 -2.21566e-19)
(2.00665 0.584305 0)
(1.76301 0.530279 0)
(1.49988 0.466488 0)
(1.21523 0.391464 -3.89805e-20)
(0.906685 0.30309 3.70275e-19)
(0.571499 0.198348 3.79144e-19)
(0.206083 0.0746243 -3.08567e-19)
(2.7758 0.572353 -1.19353e-18)
(2.5755 0.545259 -1.48133e-18)
(2.35787 0.514529 -3.03274e-22)
(2.1226 0.477946 -1.87662e-19)
(1.86818 0.434182 -9.28801e-20)
(1.59258 0.382318 -1.78841e-19)
(1.29333 0.321125 4.59092e-19)
(0.96749 0.248837 2.14862e-19)
(0.611584 0.162967 5.40027e-19)
(0.221315 0.0613403 2.02853e-19)
(2.88707 0.425747 -1.15707e-18)
(2.68027 0.405632 8.47055e-20)
(2.45576 0.38282 1.64525e-19)
(2.21297 0.355611 1.68177e-20)
(1.95004 0.323051 -3.14404e-19)
(1.66465 0.284469 -1.74211e-19)
(1.35398 0.238938 -6.2121e-19)
(1.01464 0.18514 1.1853e-19)
(0.642605 0.121237 5.14758e-20)
(0.233066 0.0456127 -6.26899e-21)
(2.9628 0.265187 1.01361e-19)
(2.75121 0.252354 3.97006e-19)
(2.52189 0.237904 -3.30293e-19)
(2.27394 0.22074 3.63017e-19)
(2.00524 0.200297 3.72549e-19)
(1.71322 0.176176 4.91897e-19)
(1.39481 0.147809 -6.3574e-19)
(1.04633 0.11439 -3.24415e-19)
(0.663412 0.0748098 -4.58506e-20)
(0.240916 0.0280951 -3.26995e-19)
(3.00053 0.0935774 5.81812e-19)
(2.78612 0.0887859 -1.86157e-19)
(2.55425 0.0834443 4.79564e-19)
(2.30367 0.0771504 -3.10669e-19)
(2.03208 0.0697281 2.66478e-19)
(1.73679 0.0610621 6.05412e-19)
(1.41457 0.0509786 3.78885e-19)
(1.06162 0.0392347 3.09343e-19)
(0.673397 0.0255066 2.65862e-19)
(0.244654 0.00950724 5.43615e-19)
(0.239544 0.452016 -4.69086e-19)
(0.203948 0.418298 -1.87406e-19)
(0.168389 0.381224 1.39115e-19)
(0.134869 0.343571 -4.19346e-19)
(0.105142 0.307453 -1.19483e-19)
(0.0782451 0.270202 6.92689e-19)
(0.0518683 0.223796 3.35844e-19)
(0.0259542 0.158954 -1.55814e-19)
(0.00705695 0.0796898 1.14493e-19)
(-0.00112592 0.0224455 -6.07178e-20)
(0.288627 0.544286 4.11253e-19)
(0.248725 0.507494 4.58132e-19)
(0.208178 0.465449 -1.17534e-20)
(0.167854 0.418431 -1.32607e-19)
(0.131138 0.37032 -3.12909e-19)
(0.100608 0.322733 8.28101e-20)
(0.0734764 0.269413 2.24922e-19)
(0.0458905 0.19696 1.65305e-19)
(0.0183379 0.101889 -5.90746e-19)
(0.00278785 0.0288717 -1.23584e-19)
(0.359666 0.633097 -6.00691e-19)
(0.3138 0.592954 -4.813e-19)
(0.268 0.54712 2.57458e-19)
(0.221355 0.493816 1.38083e-19)
(0.17581 0.434064 -6.00213e-21)
(0.136273 0.371865 -1.39946e-19)
(0.10212 0.305608 -2.9363e-20)
(0.0684365 0.224893 -5.55259e-19)
(0.0336678 0.126016 -2.69421e-19)
(0.00763649 0.0377922 -3.90694e-20)
(0.454232 0.717842 5.03161e-19)
(0.400073 0.673653 1.64737e-19)
(0.346377 0.622647 -1.49319e-19)
(0.292236 0.563608 6.32878e-20)
(0.237751 0.495518 -5.48518e-22)
(0.186587 0.42085 1.33983e-21)
(0.140104 0.340641 -1.32178e-19)
(0.0954597 0.25024 3.78626e-19)
(0.0514332 0.147726 -4.19342e-19)
(0.0135791 0.0477043 -6.51429e-20)
(0.572016 0.797819 -2.8216e-19)
(0.507868 0.749731 -8.89024e-20)
(0.443586 0.692891 -1.43389e-20)
(0.378973 0.627179 -7.01422e-20)
(0.313722 0.551928 5.84795e-20)
(0.249662 0.468037 5.26255e-20)
(0.188379 0.376693 -2.78943e-20)
(0.129323 0.276636 -2.82233e-19)
(0.0725251 0.16763 2.18389e-19)
(0.0209167 0.0568351 8.7287e-20)
(0.709417 0.870912 6.43409e-19)
(0.634368 0.819535 3.20924e-19)
(0.558132 0.757376 2.03299e-19)
(0.480857 0.68532 4.82085e-20)
(0.402413 0.603492 1.54878e-19)
(0.32387 0.512333 7.83361e-20)
(0.246466 0.412496 1.43235e-19)
(0.170864 0.303896 5.79293e-20)
(0.0980517 0.18679 -1.59902e-20)
(0.0299959 0.0650274 -1.33606e-20)
(0.862015 0.934839 -1.19761e-19)
(0.775537 0.880646 -8.25223e-19)
(0.686699 0.814027 -7.6435e-20)
(0.595722 0.73679 -5.18034e-20)
(0.502559 0.649596 -1.95414e-20)
(0.408123 0.552688 1.51417e-19)
(0.313476 0.446293 -4.38238e-20)
(0.219708 0.330401 6.50086e-20)
(0.128292 0.205073 -1.44614e-19)
(0.0409033 0.0724922 -1.24971e-21)
(1.02672 0.98601 -8.84872e-19)
(0.92846 0.929615 5.9428e-20)
(0.82665 0.859685 -2.33705e-19)
(0.721458 0.778866 -7.25668e-20)
(0.612764 0.687989 -2.41521e-20)
(0.501454 0.587053 -7.5172e-20)
(0.388524 0.475882 5.62914e-20)
(0.275162 0.354189 6.03119e-20)
(0.162981 0.221554 -9.82157e-21)
(0.0535438 0.07912 -1.03801e-19)
(1.20389 1.01792 1.23827e-19)
(1.09349 0.960926 5.23233e-19)
(0.978247 0.889706 1.55374e-21)
(0.858218 0.807542 -2.96772e-20)
(0.733141 0.71529 1.50938e-19)
(0.603889 0.612541 -3.47372e-19)
(0.471402 0.498745 -2.4441e-19)
(0.33683 0.373206 3.56129e-19)
(0.201771 0.235006 1.44191e-19)
(0.0677022 0.0845325 -3.62326e-20)
(1.40058 1.01545 7.39847e-19)
(1.27805 0.962334 3.23766e-19)
(1.14782 0.895356 5.59092e-20)
(1.01087 0.816397 -1.95031e-19)
(0.867268 0.726517 -1.64449e-20)
(0.717899 0.625334 4.6563e-19)
(0.563583 0.512002 -2.68241e-19)
(0.405341 0.385474 -1.84488e-19)
(0.244705 0.244319 3.35803e-19)
(0.0831141 0.088441 -6.05116e-21)
(0.976504 0.0983278 8.69415e-21)
(1.14348 0.141974 -8.20888e-22)
(1.21356 0.190265 -2.32504e-20)
(1.32577 0.171026 0)
(1.3766 0.15579 1.00528e-21)
(1.27834 0.234578 -5.17999e-20)
(1.12899 0.385705 -5.43791e-20)
(0.949149 0.543494 -1.34825e-20)
(0.711558 0.648325 -3.03195e-19)
(0.416509 0.595514 4.28587e-19)
(0.981559 0.0793324 1.95053e-19)
(1.13559 0.11436 -3.02928e-20)
(1.20971 0.159945 1.90369e-21)
(1.31674 0.152472 1.19294e-20)
(1.37911 0.157935 3.58451e-21)
(1.29804 0.269088 -3.13251e-21)
(1.15895 0.435822 1.69106e-20)
(0.993804 0.606527 0)
(0.76149 0.727357 7.93981e-19)
(0.479398 0.686704 -5.65422e-19)
(0.986118 0.0606133 -1.13118e-19)
(1.13217 0.0877917 6.83357e-21)
(1.20894 0.130492 7.75946e-20)
(1.31374 0.132646 1.91663e-20)
(1.38204 0.159228 -2.30133e-20)
(1.31796 0.301442 -3.5002e-20)
(1.1921 0.484409 -6.84968e-21)
(1.04398 0.667977 4.44997e-20)
(0.823123 0.803816 -1.24063e-21)
(0.564498 0.774482 -3.74649e-19)
(0.989993 0.041657 -8.09882e-20)
(1.13281 0.0618087 1.54741e-20)
(1.21177 0.101717 7.54314e-20)
(1.31698 0.112624 3.04755e-20)
(1.38781 0.160029 -2.36338e-20)
(1.33819 0.331636 -2.63881e-20)
(1.22877 0.530776 6.95466e-20)
(1.10017 0.726723 2.68489e-20)
(0.899943 0.875444 -5.44634e-19)
(0.673732 0.856887 -1.77987e-19)
(0.993146 0.0221484 3.70379e-20)
(1.13677 0.0359232 -4.70404e-20)
(1.21784 0.0735126 -6.7698e-20)
(1.32505 0.0930102 2.2143e-20)
(1.39532 0.161355 0)
(1.35842 0.360136 0)
(1.26901 0.574286 7.42521e-20)
(1.16353 0.781384 -2.82341e-20)
(0.994719 0.939759 -1.1797e-19)
(0.805137 0.932277 -5.73857e-20)
(0.995589 0.00193686 3.48682e-21)
(1.14323 0.00972631 5.78228e-20)
(1.22626 0.0457888 -2.0751e-19)
(1.33618 0.0743719 -7.62562e-20)
(1.40331 0.164014 -4.89156e-21)
(1.37852 0.387117 1.22065e-19)
(1.313 0.614092 1.51011e-19)
(1.23557 0.830243 -1.80452e-20)
(1.10786 0.994961 -4.32407e-20)
(0.953777 1 2.61858e-21)
(0.996649 -0.0192675 1.33929e-21)
(1.15136 -0.0171246 2.92867e-20)
(1.23605 0.0185646 -6.54258e-20)
(1.34895 0.0572503 -1.53206e-19)
(1.41084 0.168239 1.18746e-20)
(1.39875 0.412261 7.42581e-21)
(1.36132 0.649085 -5.94744e-20)
(1.31742 0.871646 -1.09861e-19)
(1.23733 1.04076 -2.99435e-20)
(1.11388 1.06021 -9.80223e-19)
(0.995084 -0.0413426 1.48268e-20)
(1.16058 -0.0449078 -1.42175e-19)
(1.24644 -0.00799417 1.32107e-19)
(1.36217 0.0424099 1.01345e-19)
(1.41674 0.174501 5.04226e-21)
(1.41905 0.435129 -1.30742e-19)
(1.41387 0.678238 -4.54384e-22)
(1.40841 0.904652 -1.28216e-19)
(1.37935 1.07802 1.11064e-20)
(1.27986 1.11232 2.88355e-18)
(0.990454 -0.0635901 -8.70477e-20)
(1.17074 -0.0737366 7.96644e-20)
(1.25697 -0.0337289 1.89825e-19)
(1.37514 0.029967 -1.1374e-19)
(1.42154 0.18256 -2.22594e-19)
(1.441 0.455438 9.25885e-21)
(1.47193 0.701416 1.67797e-19)
(1.50854 0.929959 -5.70016e-19)
(1.53086 1.10803 -2.68405e-20)
(1.44834 1.15332 -6.47454e-18)
(0.98363 -0.0864526 4.11563e-21)
(1.18211 -0.103582 1.40211e-19)
(1.26739 -0.0584484 6.09512e-20)
(1.38664 0.0222149 -2.74187e-19)
(1.423 0.196445 -2.41594e-19)
(1.46214 0.476778 -7.09833e-20)
(1.53116 0.722393 7.79752e-20)
(1.61163 0.950908 -2.10482e-19)
(1.68374 1.13041 -1.08693e-18)
(1.61561 1.1723 -7.95171e-18)
(0.973998 -0.117527 -1.44986e-20)
(1.19598 -0.143203 -3.23048e-20)
(1.2769 -0.0919434 -7.60175e-20)
(1.39744 0.00758414 1.38654e-19)
(1.42549 0.195368 2.00006e-19)
(1.492 0.472385 -5.95591e-20)
(1.61193 0.711839 -1.41274e-19)
(1.75381 0.94006 -1.20329e-18)
(1.90279 1.13241 -1.59957e-18)
(1.89933 1.20864 3.2864e-18)
(0.961896 -0.156117 -4.06009e-19)
(1.21401 -0.192645 1.64287e-20)
(1.2807 -0.138074 -5.73788e-20)
(1.39795 -0.0140932 3.3001e-19)
(1.40481 0.173453 3.4333e-19)
(1.49382 0.427827 -4.55064e-21)
(1.66821 0.647581 -6.74277e-20)
(1.88072 0.865659 -2.91856e-19)
(2.13955 1.07125 2.76091e-19)
(2.28451 1.16076 -3.23387e-19)
(0.949363 -0.196482 -2.78822e-20)
(1.23894 -0.24249 -5.48228e-20)
(1.27945 -0.182426 3.06065e-20)
(1.39314 -0.0328345 2.70408e-20)
(1.379 0.162173 1.72719e-33)
(1.47065 0.370847 2.5447e-21)
(1.68074 0.56114 -2.04492e-33)
(1.94915 0.759428 1.85373e-19)
(2.30196 0.956316 -9.31118e-19)
(2.58733 1.0584 -6.29304e-19)
(0.937023 -0.243073 1.41208e-18)
(1.27025 -0.282425 -7.74513e-34)
(1.24952 -0.228207 -4.0184e-20)
(1.27153 -0.0360967 -2.28015e-19)
(1.26364 0.144268 -4.47452e-19)
(1.38979 0.302134 -8.87323e-19)
(1.61939 0.459864 -5.07126e-33)
(1.92936 0.630962 -1.73823e-18)
(2.32586 0.80203 -3.17726e-18)
(2.75376 0.902553 1.67529e-18)
(0.927285 -0.300539 0)
(1.316 -0.32717 -1.6203e-33)
(1.11275 -0.20682 0)
(1.10788 -0.0292959 0)
(1.12001 0.114952 0)
(1.25885 0.232671 0)
(1.48981 0.355297 -8.07944e-33)
(1.81512 0.491467 0)
(2.21352 0.634232 -3.39765e-19)
(2.73502 0.711989 1.25759e-18)
(0.916471 -0.360799 1.16119e-19)
(1.25175 -0.326233 -4.68938e-19)
(0.960049 -0.17394 -5.49393e-20)
(0.934431 -0.0256598 0)
(0.956821 0.0826626 0)
(1.09031 0.165365 6.0536e-20)
(1.30648 0.253814 1.17839e-18)
(1.61603 0.354626 -1.95062e-19)
(1.99675 0.466173 -4.95303e-19)
(2.53248 0.520464 4.67295e-18)
(0.88346 -0.405316 -1.52016e-17)
(1.09211 -0.279929 1.08753e-18)
(0.79269 -0.130412 -7.27121e-20)
(0.747318 -0.0209727 -7.5928e-20)
(0.773311 0.0525532 -5.11745e-19)
(0.889715 0.104462 -7.7252e-19)
(1.07643 0.161213 -1.04872e-18)
(1.34609 0.228981 -1.38311e-18)
(1.68764 0.306102 -1.60591e-18)
(2.17994 0.34444 3.61307e-18)
(0.808997 -0.394519 -4.13648e-19)
(0.88649 -0.207587 -1.21642e-18)
(0.605563 -0.0828127 -1.25698e-19)
(0.549862 -0.0152535 -8.41502e-20)
(0.57213 0.0276356 -9.85351e-34)
(0.661721 0.0545124 9.38751e-20)
(0.805526 0.0845464 -1.48608e-32)
(1.01624 0.12292 -1.93434e-19)
(1.29248 0.167301 2.98928e-19)
(1.69929 0.192069 7.05753e-19)
(0.664249 -0.288845 3.4255e-17)
(0.618262 -0.108096 -3.14025e-18)
(0.393381 -0.0351 -2.40794e-19)
(0.33947 -0.00735521 -1.57021e-19)
(0.353897 0.00926894 3.93603e-19)
(0.410542 0.0183477 7.83896e-19)
(0.501241 0.0291739 7.95078e-19)
(0.636743 0.0448771 4.59833e-19)
(0.820758 0.0634538 -1.90375e-19)
(1.10156 0.076225 3.5693e-18)
(0.336835 -0.0768244 5.58809e-19)
(0.261852 -0.00230501 -6.76605e-33)
(0.144385 0.0190758 -3.05008e-19)
(0.120427 0.00335456 0)
(0.123658 -0.00234386 0)
(0.14188 -0.00541057 9.64907e-20)
(0.17239 -0.00624422 9.33817e-35)
(0.2203 -0.00417475 -1.23574e-19)
(0.28813 -0.00161875 -2.82591e-19)
(0.399008 0.00331841 1.00156e-18)
(2.00204 1.09639 -1.78975e-18)
(2.23905 1.07844 -2.30494e-18)
(2.44207 1.02909 0)
(2.63707 0.952494 -7.58108e-19)
(2.82358 0.852504 -1.78287e-18)
(2.99276 0.732388 -2.24949e-18)
(3.13709 0.595041 -4.76004e-19)
(3.25054 0.442698 1.26928e-18)
(3.32824 0.276965 -3.54791e-18)
(3.36764 0.0986985 1.35669e-18)
(2.49865 1.14194 2.67696e-19)
(2.73054 1.0819 1.39728e-18)
(2.92386 1.00418 1.43899e-19)
(3.10673 0.909792 6.75756e-19)
(3.28059 0.800655 -1.10399e-18)
(3.43996 0.678322 -5.00039e-18)
(3.58096 0.544011 2.46791e-18)
(3.70047 0.39932 1.27034e-17)
(3.79428 0.246324 1.04065e-19)
(3.8587 0.0872572 -1.07365e-17)
(2.87476 1.07315 1.79107e-18)
(3.06543 0.989121 2.624e-18)
(3.22649 0.897591 -5.04688e-18)
(3.37343 0.797635 9.24464e-19)
(3.5058 0.687254 1.22775e-17)
(3.61899 0.567049 4.25308e-20)
(3.70915 0.439284 -8.19361e-18)
(3.77375 0.308009 -3.67915e-18)
(3.81311 0.178954 7.68507e-18)
(3.83081 0.058994 -1.93423e-18)
(3.05715 0.918523 7.61361e-19)
(3.17994 0.829438 0)
(3.28263 0.737525 -4.57444e-19)
(3.37223 0.644257 4.15491e-18)
(3.44794 0.547873 4.51153e-18)
(3.50972 0.448918 -1.2241e-18)
(3.5581 0.348735 -2.70067e-18)
(3.59356 0.248274 -1.80736e-18)
(3.61631 0.148362 1.03237e-18)
(3.62761 0.0499284 1.05504e-18)
(3.00946 0.723374 1.07449e-18)
(3.07551 0.651219 -1.11092e-18)
(3.13499 0.578095 -2.20915e-18)
(3.18814 0.503779 9.172e-19)
(3.23345 0.427348 2.83617e-20)
(3.27114 0.348993 -7.91804e-19)
(3.30101 0.269712 2.98427e-18)
(3.32281 0.190731 -3.00885e-18)
(3.33662 0.113171 -7.64391e-20)
(3.34331 0.0376596 3.01393e-18)
(2.76981 0.530038 -2.90544e-18)
(2.80306 0.477758 -2.97463e-18)
(2.83899 0.423319 9.3888e-19)
(2.8717 0.366594 3.69835e-18)
(2.89901 0.30843 4.24196e-19)
(2.92124 0.249868 4.09734e-19)
(2.93848 0.191862 1.83907e-18)
(2.95078 0.1351 -1.65805e-18)
(2.95845 0.0799408 -8.59525e-19)
(2.96215 0.0263043 -9.87854e-19)
(2.38012 0.349284 1.32734e-20)
(2.39523 0.314516 -7.05911e-20)
(2.41743 0.278086 6.52631e-20)
(2.43765 0.239788 2.53993e-18)
(2.45371 0.200674 2.41554e-18)
(2.46615 0.161757 -3.10507e-18)
(2.47534 0.123703 -2.58173e-18)
(2.48157 0.0868478 1.59135e-18)
(2.48528 0.0512394 1.73787e-18)
(2.48699 0.0166351 8.00909e-19)
(1.85839 0.192004 -1.47962e-18)
(1.86414 0.172716 -7.01459e-20)
(1.87785 0.152586 3.45555e-18)
(1.89019 0.131247 9.64362e-20)
(1.89939 0.109421 -1.44903e-18)
(1.90595 0.08782 -6.95261e-19)
(1.91035 0.0668755 -1.65008e-18)
(1.91296 0.0467665 8.47918e-19)
(1.91426 0.0274631 1.73692e-18)
(1.91472 0.00875968 1.60168e-18)
(1.21065 0.0734017 -3.04202e-18)
(1.21292 0.0660819 -1.78003e-19)
(1.22135 0.0583854 2.07505e-18)
(1.22882 0.0500711 -1.25843e-18)
(1.23403 0.0415351 -2.28728e-18)
(1.23739 0.0331308 -2.03354e-19)
(1.23928 0.0250635 2.33028e-18)
(1.24008 0.0174096 1.55722e-18)
(1.24022 0.0101399 -2.12772e-20)
(1.24008 0.00314513 -7.88692e-19)
(0.441964 0.00502531 3.28512e-19)
(0.443305 0.00433337 -4.96754e-20)
(0.447444 0.00353377 2.47042e-20)
(0.450901 0.00304129 0)
(0.453191 0.00258005 2.63881e-18)
(0.454557 0.0020807 2.53207e-20)
(0.455209 0.00157559 -2.00716e-18)
(0.455361 0.00108875 1.40076e-18)
(0.455246 0.000625125 -2.11914e-18)
(0.455059 0.000179652 -2.0965e-18)
(0.147231 0.00555282 -3.25967e-19)
(0.385792 0.0128874 2.34765e-19)
(0.58542 0.0177259 -1.98212e-19)
(0.752303 0.0205299 1.37922e-18)
(0.88477 0.0227324 -3.83307e-19)
(1.00981 0.0226215 -1.4081e-18)
(0.967491 0.0168309 0)
(0.876709 0.0144783 4.75051e-19)
(0.761471 0.0105879 -3.42058e-19)
(0.618718 0.0068661 -4.05356e-20)
(0.141844 0.0161394 -1.46393e-19)
(0.37328 0.0375899 -1.72114e-19)
(0.568264 0.0519017 2.04079e-19)
(0.732142 0.0603196 -4.53374e-21)
(0.863283 0.0667875 -5.06772e-19)
(0.984514 0.0667145 -2.55755e-18)
(0.962983 0.0515503 -1.61889e-18)
(0.87441 0.0440584 -4.70114e-20)
(0.76622 0.0329441 5.87968e-19)
(0.63125 0.0219592 -9.75185e-19)
(0.131632 0.0252208 -1.2647e-19)
(0.349455 0.059075 -5.53949e-19)
(0.53542 0.0821206 -3.56706e-19)
(0.693214 0.096122 -1.67709e-19)
(0.822052 0.105929 -1.67044e-18)
(0.933811 0.107334 -1.11551e-18)
(0.952019 0.0903594 3.87563e-19)
(0.868344 0.0747661 -1.26431e-18)
(0.772426 0.0582668 -1.37177e-19)
(0.651137 0.0406087 7.66993e-19)
(0.117631 0.0320902 3.02015e-20)
(0.31656 0.0758633 -4.19127e-19)
(0.489757 0.106582 -3.829e-19)
(0.638929 0.126152 1.73956e-19)
(0.764103 0.138714 1.80291e-20)
(0.867491 0.143755 1.1526e-18)
(0.923285 0.132364 7.34383e-19)
(0.857173 0.106113 -2.61909e-21)
(0.775275 0.0867003 -5.75729e-19)
(0.671471 0.0636328 1.84033e-19)
(0.10142 0.0365223 2.21717e-19)
(0.277875 0.0874789 -8.00411e-20)
(0.435284 0.124672 8.2052e-19)
(0.573678 0.149685 -9.54183e-20)
(0.692975 0.165605 -1.09305e-18)
(0.791306 0.174707 1.14426e-20)
(0.864245 0.170081 3.0493e-19)
(0.837304 0.139382 9.22901e-19)
(0.76957 0.11723 9.93822e-20)
(0.685626 0.0910666 -9.24141e-19)
(0.0848412 0.0387847 -6.94268e-20)
(0.237129 0.0941465 3.19714e-19)
(0.376482 0.136235 3.87052e-19)
(0.502128 0.166102 -1.00661e-18)
(0.612882 0.185909 5.28708e-19)
(0.706239 0.197746 1.0098e-19)
(0.779771 0.19877 -6.80066e-19)
(0.8006 0.176427 -1.14638e-18)
(0.752998 0.148522 3.03482e-19)
(0.688713 0.122027 9.39654e-19)
(0.0695798 0.0396876 -5.84362e-20)
(0.197598 0.0969049 3.49201e-19)
(0.317295 0.141884 -8.02006e-19)
(0.428864 0.175627 -4.97884e-19)
(0.529499 0.199246 1.09843e-18)
(0.615661 0.213561 -1.16325e-19)
(0.685336 0.218298 -2.54902e-18)
(0.730401 0.208231 1.75205e-18)
(0.721144 0.180382 -7.79679e-21)
(0.676758 0.153355 -1.34957e-18)
(0.0570591 0.0407016 -1.41049e-19)
(0.161743 0.0975133 -7.27081e-20)
(0.26022 0.142857 -3.07316e-19)
(0.357103 0.179284 1.37495e-18)
(0.447813 0.206316 1.39991e-19)
(0.524767 0.223263 -2.56193e-19)
(0.587895 0.230173 7.3871e-19)
(0.636012 0.226193 7.74666e-19)
(0.660329 0.210644 -1.80894e-19)
(0.647474 0.183616 -4.34164e-19)
(0.0487539 0.0440351 1.20742e-20)
(0.131911 0.0976722 -1.09666e-21)
(0.207406 0.13986 1.67947e-19)
(0.288274 0.177325 5.51512e-19)
(0.370943 0.20786 2.12126e-19)
(0.439114 0.227458 4.27042e-19)
(0.493235 0.236225 4.09224e-19)
(0.537319 0.234347 -6.58003e-19)
(0.568803 0.226444 -7.26801e-19)
(0.586501 0.211059 -2.31112e-20)
(0.0451258 0.0509931 9.16313e-20)
(0.110026 0.0976126 0)
(0.16344 0.1332 8.88276e-20)
(0.225767 0.168972 1.53347e-19)
(0.30037 0.203282 -1.24453e-18)
(0.361356 0.226156 -2.40486e-20)
(0.407257 0.236258 -1.47883e-19)
(0.444725 0.235564 1.43241e-19)
(0.474528 0.228108 -3.57757e-19)
(0.496663 0.220964 -1.45865e-18)
(0.0431121 0.0559072 -2.29385e-20)
(0.0931276 0.0946427 0)
(0.130789 0.124187 2.64333e-19)
(0.176684 0.15665 -4.97135e-19)
(0.239482 0.193234 -6.52807e-19)
(0.291989 0.218502 1.47004e-19)
(0.330967 0.228628 -9.67413e-20)
(0.362314 0.22804 -3.20159e-19)
(0.38752 0.219868 -1.31909e-19)
(0.406774 0.208423 -6.31428e-20)
(0.040481 0.0547425 4.35623e-20)
(0.0780235 0.0887569 2.09975e-19)
(0.106751 0.115539 -2.86436e-21)
(0.141482 0.145397 7.87945e-20)
(0.191332 0.181458 5.80477e-20)
(0.233112 0.204321 5.44571e-19)
(0.265743 0.212002 -5.45727e-19)
(0.293341 0.211238 2.22651e-19)
(0.317563 0.204937 3.04268e-19)
(0.337959 0.194964 -1.59265e-19)
(0.0350771 0.0498179 -1.17141e-20)
(0.0635415 0.0821793 -8.873e-20)
(0.0870167 0.108699 -3.90448e-19)
(0.114478 0.136662 2.31066e-19)
(0.152609 0.167384 -1.32532e-19)
(0.183934 0.182383 1.8977e-19)
(0.210643 0.185328 3.47633e-19)
(0.234892 0.182171 -1.38058e-20)
(0.257354 0.17495 -1.54347e-21)
(0.277216 0.165008 -1.82362e-20)
(0.0279929 0.0442911 1.64308e-20)
(0.0501646 0.0759617 1.17093e-19)
(0.0697388 0.102706 1.88475e-19)
(0.0924888 0.127098 3.33217e-20)
(0.120775 0.145462 1.07792e-19)
(0.144709 0.150778 1.1142e-20)
(0.167674 0.148779 -1.12811e-20)
(0.189932 0.142789 1.89603e-19)
(0.211299 0.13384 9.52833e-20)
(0.230788 0.122688 -1.16517e-21)
(0.0208052 0.0388821 1.27607e-19)
(0.038126 0.0697767 -8.34736e-20)
(0.0551138 0.0945003 -6.25799e-20)
(0.0748014 0.108427 -5.37478e-20)
(0.0961453 0.111685 -4.21888e-19)
(0.11665 0.108688 4.25394e-21)
(0.13798 0.101744 3.19751e-19)
(0.159247 0.0923081 9.02776e-20)
(0.180125 0.0808269 1.35004e-20)
(0.199801 0.0677524 1.0413e-21)
(0.0129994 0.0330427 -2.1523e-19)
(0.0276463 0.0621795 -6.23418e-19)
(0.0444962 0.076792 1.70185e-19)
(0.0617576 0.074601 -2.02442e-19)
(0.0801274 0.0673952 -3.01576e-19)
(0.0999597 0.0577604 4.30324e-19)
(0.120791 0.046249 -2.63997e-19)
(0.141912 0.0331946 -1.72048e-19)
(0.163008 0.0187426 8.0573e-20)
(0.183471 0.00320725 -2.8839e-20)
(0.00599821 0.0277174 4.22163e-20)
(0.0205945 0.0479061 -2.40571e-19)
(0.0369852 0.0420871 -1.48408e-18)
(0.0531761 0.0299932 5.34631e-19)
(0.0717391 0.0161315 6.80669e-19)
(0.0917252 0.00123865 -1.61232e-21)
(0.112769 -0.0147688 -5.44661e-19)
(0.134467 -0.0318406 -2.46539e-20)
(0.156485 -0.0497589 1.74183e-19)
(0.17826 -0.0681232 3.98549e-20)
(0.00388262 0.0229917 3.18048e-19)
(0.0170443 0.0168173 1.18487e-18)
(0.0320215 -0.000205567 1.15206e-18)
(0.0486029 -0.0186212 -1.91531e-19)
(0.0677127 -0.0379266 -3.96471e-19)
(0.088417 -0.0581681 -7.93378e-20)
(0.110611 -0.0794076 0)
(0.133764 -0.101096 1.58377e-19)
(0.157316 -0.122641 3.43671e-20)
(0.180793 -0.143896 -2.95191e-20)
(0.00534524 0.00571826 -7.37584e-19)
(0.0148728 -0.0191351 8.0003e-19)
(0.0285674 -0.0424323 1.15631e-18)
(0.045688 -0.0672187 -6.26225e-19)
(0.0657696 -0.0932031 -4.19304e-19)
(0.0885567 -0.120549 1.32883e-19)
(0.113008 -0.147788 -4.8382e-19)
(0.138113 -0.173634 -2.39923e-19)
(0.16351 -0.198215 1.84397e-19)
(0.189202 -0.222348 1.33751e-19)
(-0.00216231 -0.0138503 1.1188e-19)
(0.00953438 -0.0483934 -4.16203e-19)
(0.0238814 -0.0821909 -4.71609e-20)
(0.0431317 -0.116777 -1.57767e-19)
(0.0669091 -0.152586 1.85153e-19)
(0.0933171 -0.187291 1.43226e-19)
(0.120256 -0.218586 4.65466e-20)
(0.147464 -0.247279 -6.30652e-20)
(0.175525 -0.275258 -1.26251e-19)
(0.204612 -0.303049 -9.86577e-20)
(0.382368 0.124529 -6.22196e-19)
(0.387967 0.0133361 -3.69694e-21)
(0.511571 -0.0460787 -6.34004e-20)
(0.594233 -0.0484248 -1.16021e-19)
(0.65577 -0.0271329 1.82815e-19)
(0.682158 -0.00620204 4.33124e-20)
(0.682486 0.00656742 3.52529e-20)
(0.670378 0.0107342 2.13128e-20)
(0.657379 0.0104683 1.70769e-19)
(0.643045 0.00756399 0)
(0.338267 0.097026 8.07209e-20)
(0.398536 -0.0268332 -1.56128e-20)
(0.568299 -0.0788865 -2.78805e-20)
(0.676816 -0.0650728 -2.27448e-19)
(0.75031 -0.0346108 2.64566e-19)
(0.782246 -0.00731939 -1.17838e-20)
(0.784902 0.00907144 6.22776e-21)
(0.773693 0.014322 1.26645e-19)
(0.761294 0.01395 6.16208e-20)
(0.74809 0.00994875 -2.84691e-20)
(0.302165 0.0606897 7.82524e-20)
(0.419966 -0.0737267 -3.18169e-19)
(0.612024 -0.116326 3.26356e-19)
(0.752042 -0.0865763 1.62671e-19)
(0.841402 -0.0441425 -6.59096e-20)
(0.880075 -0.0090834 -1.027e-19)
(0.885299 0.0116154 4.34073e-20)
(0.874879 0.0181664 1.70248e-19)
(0.86287 0.0176482 -1.48588e-19)
(0.850759 0.012544 -2.25597e-20)
(0.27841 0.0111105 -2.66388e-19)
(0.447144 -0.127804 1.65131e-19)
(0.648926 -0.160016 -1.50991e-19)
(0.816176 -0.115181 6.00593e-19)
(0.92595 -0.0570114 1.24295e-19)
(0.973805 -0.0119349 -4.43921e-20)
(0.98255 0.0139549 1.77637e-19)
(0.973271 0.0220898 -2.05783e-21)
(0.961742 0.0214083 -6.67288e-20)
(0.950851 0.0152013 1.09486e-20)
(0.269034 -0.0501153 4.59287e-19)
(0.475938 -0.187501 -7.29488e-19)
(0.683427 -0.20829 -8.38557e-21)
(0.868884 -0.150006 3.81193e-19)
(1.00079 -0.0746213 4.3293e-19)
(1.06178 -0.0165737 1.25875e-19)
(1.0758 0.0157761 -7.92432e-20)
(1.06836 0.0258964 -3.76423e-20)
(1.05757 0.0250653 -1.41976e-21)
(1.04813 0.0177463 1.68517e-20)
(0.271589 -0.119755 3.54285e-20)
(0.504743 -0.252044 -5.34276e-19)
(0.717569 -0.260794 1.59668e-19)
(0.912957 -0.189962 4.91228e-20)
(1.06319 -0.0982348 -8.26083e-19)
(1.14169 -0.0242578 1.84094e-20)
(1.16384 0.0165104 -2.94332e-19)
(1.15945 0.0292866 1.21312e-20)
(1.14996 0.0284136 -4.11549e-20)
(1.14234 0.02001 0)
(0.282481 -0.195309 -5.91386e-19)
(0.533859 -0.320541 7.5229e-19)
(0.752193 -0.316627 6.10218e-21)
(0.951476 -0.233987 5.712e-19)
(1.11288 -0.127775 -7.1099e-19)
(1.21085 -0.0365693 3.32712e-19)
(1.24519 0.0153126 1.65729e-19)
(1.24578 0.0318585 -9.26771e-20)
(1.2384 0.0312077 -2.74897e-21)
(1.23316 0.021824 -1.64529e-20)
(0.299563 -0.275157 7.30467e-19)
(0.564598 -0.392215 -1.61547e-19)
(0.787948 -0.375049 1.87363e-20)
(0.986662 -0.281142 3.92927e-20)
(1.15234 -0.162053 1.58677e-19)
(1.26679 -0.0547944 8.17291e-20)
(1.31786 0.0110168 2.40308e-19)
(1.32628 0.033077 -3.58025e-20)
(1.32229 0.0331556 2.03277e-20)
(1.32017 0.0230181 2.56619e-20)
(0.323032 -0.35828 -5.11748e-20)
(0.598693 -0.46633 4.04877e-19)
(0.825845 -0.435276 1.24558e-20)
(1.0201 -0.330397 -9.49685e-19)
(1.18499 -0.199675 2.74287e-19)
(1.30889 -0.078965 -8.52451e-20)
(1.37932 0.00220932 -1.76725e-20)
(1.39958 0.0322175 -3.47376e-20)
(1.40077 0.0338903 -1.25864e-20)
(1.40285 0.0234029 5.87943e-20)
(0.355835 -0.444109 -7.36617e-19)
(0.638093 -0.542057 5.95467e-20)
(0.867309 -0.496447 -3.02851e-20)
(1.05323 -0.380704 2.30273e-19)
(1.21357 -0.239361 6.61555e-19)
(1.33938 -0.107679 3.70415e-20)
(1.42688 -0.0123825 2.15517e-19)
(1.46364 0.0282926 -8.64501e-20)
(1.4727 0.032957 -5.45508e-21)
(1.48046 0.0227845 -5.50013e-21)
(0.0821806 -0.00679232 -3.17743e-19)
(0.0556395 -0.00485026 2.42457e-19)
(0.0542822 0.000469598 2.06418e-20)
(0.0606132 0.00088014 6.592e-20)
(0.0658196 0.000598638 -8.82799e-20)
(0.0676008 0.000119846 -8.28819e-21)
(0.0670431 -0.000189202 5.7148e-20)
(0.0654285 -0.000278258 -1.84279e-20)
(0.0639217 -0.000379365 -8.44129e-21)
(0.0618832 -0.00015012 1.40046e-20)
(0.230537 0.0141618 3.30844e-18)
(0.1554 0.00608358 7.28635e-19)
(0.156953 -0.00144494 -2.08045e-19)
(0.178224 -0.00347944 5.4681e-20)
(0.194012 -0.00178436 -1.42538e-19)
(0.199544 -0.000285653 -2.86906e-20)
(0.198058 0.00056641 4.17361e-20)
(0.193383 0.000845484 -1.30156e-20)
(0.188886 0.000704581 6.72937e-20)
(0.183181 0.000742746 4.71783e-20)
(0.356718 0.0391026 7.70608e-19)
(0.24313 0.0150664 -2.27553e-20)
(0.25654 -0.00613649 1.83156e-20)
(0.292296 -0.0102456 8.6505e-34)
(0.318743 -0.00544038 -2.63533e-20)
(0.328407 -0.000969234 0)
(0.326324 0.0016168 2.31737e-20)
(0.318846 0.00243259 -3.03976e-33)
(0.311493 0.00220233 5.05063e-35)
(0.302502 0.00193558 1.38809e-20)
(0.437574 0.0813709 -1.46248e-18)
(0.316214 0.0253573 5.40701e-21)
(0.349174 -0.0134545 0)
(0.400534 -0.0198108 2.77172e-19)
(0.438455 -0.0108705 0)
(0.453065 -0.00211329 0)
(0.450967 0.00306842 0)
(0.441076 0.00470269 -4.58684e-20)
(0.431079 0.00441669 2.07747e-21)
(0.419302 0.00351373 -1.9024e-20)
(0.420528 0.118053 -1.51043e-19)
(0.389969 0.0325195 5.40188e-21)
(0.439898 -0.0236669 0)
(0.504034 -0.0327037 -1.50313e-19)
(0.553357 -0.0185346 5.74886e-20)
(0.57344 -0.00402611 0)
(0.57184 0.00473761 0)
(0.559966 0.00754893 -6.37612e-20)
(0.547643 0.00725236 -2.5434e-21)
(0.533649 0.0054125 -6.73288e-22)
(0.063968 -2.77966e-05 -3.08179e-20)
(0.0669365 -7.09427e-05 -3.01715e-20)
(0.0720743 -8.10227e-05 2.53874e-20)
(0.078224 -9.1111e-05 -5.67107e-19)
(0.0842467 -0.000189687 -4.78753e-19)
(0.0893093 -0.000562559 -1.80191e-19)
(0.0931107 -0.00146537 -3.36665e-19)
(0.0955439 -0.00289604 1.4423e-19)
(0.0965749 -0.00409299 -1.64365e-19)
(0.0983938 -0.00313321 -1.80843e-19)
(0.182784 0.000417714 -7.72362e-20)
(0.190555 0.00141764 1.73674e-21)
(0.20399 0.00288503 -1.31985e-19)
(0.220018 0.0049838 -8.83251e-19)
(0.235711 0.00781292 2.17253e-19)
(0.249076 0.0112407 -4.71803e-20)
(0.259292 0.0149514 1.66751e-19)
(0.265998 0.0191382 3.00003e-20)
(0.269507 0.0243144 9.61265e-20)
(0.273959 0.0327393 -3.85832e-20)
(0.29341 0.00131722 -9.23642e-20)
(0.305169 0.00434343 3.16806e-20)
(0.32526 0.00848643 -3.82229e-19)
(0.348885 0.0141698 -3.19942e-20)
(0.371651 0.0216429 4.15151e-19)
(0.390611 0.0307331 8.08319e-19)
(0.40418 0.040906 8.96949e-19)
(0.411663 0.0520987 -1.25215e-18)
(0.414043 0.064676 -1.8276e-18)
(0.416984 0.0822516 -1.45634e-18)
(0.395992 0.00249486 -5.50405e-20)
(0.410623 0.00825694 3.47712e-20)
(0.43528 0.0161252 -2.49447e-19)
(0.463638 0.026789 9.92284e-19)
(0.489945 0.04055 7.44848e-19)
(0.51027 0.0570844 1.10488e-19)
(0.522193 0.0753056 -8.59213e-19)
(0.52513 0.0941507 -8.43586e-19)
(0.520755 0.113204 2.47915e-19)
(0.515343 0.139299 1.72697e-18)
(0.490721 0.00410671 1.80249e-19)
(0.507569 0.0135024 1.97915e-19)
(0.535385 0.0260906 5.2971e-19)
(0.566247 0.0428912 1.49826e-18)
(0.592932 0.0642754 3.64244e-19)
(0.610443 0.0897391 -1.51985e-18)
(0.615274 0.117262 -1.55162e-18)
(0.606569 0.14352 2.04811e-19)
(0.585336 0.170718 1.15135e-18)
(0.546118 0.205444 -2.23379e-21)
(0.405094 -0.204784 -6.17925e-21)
(0.385559 -0.216705 -3.79076e-21)
(0.360314 -0.225694 2.44437e-19)
(0.3295 -0.227652 -8.33077e-20)
(0.291678 -0.219495 -2.58676e-19)
(0.240356 -0.195929 1.08694e-19)
(0.177361 -0.15918 -6.84632e-19)
(0.131449 -0.126152 1.64991e-19)
(0.0937889 -0.0961452 -8.27368e-21)
(0.0436327 -0.056731 -1.83647e-19)
(0.337948 -0.187009 -8.18147e-22)
(0.317004 -0.197775 -1.93861e-19)
(0.292388 -0.205213 -6.41928e-19)
(0.264833 -0.207677 6.14284e-19)
(0.233097 -0.202679 1.35855e-18)
(0.192602 -0.18329 4.8633e-20)
(0.142221 -0.148161 1.51685e-20)
(0.10745 -0.117944 2.92888e-20)
(0.0790201 -0.0909973 2.61779e-19)
(0.0414415 -0.0565582 -4.35964e-20)
(0.28061 -0.151025 -2.47729e-20)
(0.259829 -0.161942 0)
(0.236539 -0.17048 1.2101e-20)
(0.211579 -0.175428 -6.51965e-19)
(0.184614 -0.175086 -1.53613e-20)
(0.153824 -0.164358 6.33365e-19)
(0.115583 -0.137986 6.91498e-19)
(0.0880328 -0.111 2.71126e-19)
(0.0648906 -0.0848816 -3.22898e-19)
(0.0365593 -0.0524619 1.39936e-19)
(0.238687 -0.101368 -3.2904e-20)
(0.217837 -0.113491 1.50421e-20)
(0.195187 -0.123778 -8.25299e-20)
(0.171569 -0.131472 1.50936e-19)
(0.14715 -0.135728 7.94674e-19)
(0.122339 -0.13384 4.91366e-19)
(0.0943225 -0.122631 1.26506e-19)
(0.0713623 -0.103136 5.702e-19)
(0.051684 -0.0783438 0)
(0.0296118 -0.0469772 0)
(0.211956 -0.0390666 9.46966e-20)
(0.19052 -0.0530216 1.50603e-19)
(0.167976 -0.0657227 1.39469e-19)
(0.14498 -0.0766332 7.70908e-21)
(0.121813 -0.085431 0)
(0.0994707 -0.0912332 -2.23843e-20)
(0.0777292 -0.0933895 -4.57525e-20)
(0.0579614 -0.0888178 -1.00701e-19)
(0.039505 -0.0700151 2.45286e-19)
(0.0211588 -0.0402407 1.04506e-19)
(0.198132 0.0322941 -5.39633e-20)
(0.175647 0.0159491 1.53218e-20)
(0.152599 0.000191529 2.02759e-19)
(0.129605 -0.0144397 0)
(0.107034 -0.0276698 0)
(0.0855015 -0.0394831 0)
(0.0655453 -0.0499643 -5.93614e-19)
(0.0478392 -0.0583606 6.86236e-19)
(0.02935 -0.0567435 4.00791e-19)
(0.0113736 -0.0326862 3.15358e-19)
(0.193102 0.109828 1.06818e-19)
(0.169254 0.0908921 2.70337e-19)
(0.145125 0.071658 8.00222e-22)
(0.121275 0.0524422 -1.15238e-19)
(0.0982716 0.0339365 1.51556e-20)
(0.0766789 0.0167097 -4.20841e-19)
(0.0566261 0.000609596 3.19148e-19)
(0.0390734 -0.0144655 1.45251e-18)
(0.0225922 -0.0275897 -3.08501e-19)
(0.00645266 -0.0268511 -3.3997e-19)
(0.19334 0.190727 1.17702e-19)
(0.16784 0.169254 -7.86224e-21)
(0.142437 0.147244 -8.56756e-20)
(0.117197 0.123878 1.11934e-19)
(0.0925181 0.0991739 -1.8929e-19)
(0.0694195 0.0746752 -6.86603e-19)
(0.0489044 0.0519973 1.9949e-19)
(0.0313697 0.0308938 8.47161e-19)
(0.0171028 0.0111682 -3.84228e-19)
(0.0068731 -0.00977136 -1.23102e-19)
(0.197585 0.273596 -2.16986e-20)
(0.169572 0.248791 -5.97321e-20)
(0.142455 0.223984 5.68982e-20)
(0.115943 0.198417 3.18879e-19)
(0.0894884 0.169949 -1.17131e-20)
(0.0633827 0.137793 2.94874e-20)
(0.0398413 0.104826 9.67118e-19)
(0.0210701 0.0739064 -4.48955e-19)
(0.00756505 0.0439515 -9.54403e-20)
(-0.00308212 0.0123008 1.33002e-19)
(0.21057 0.360385 -2.01924e-19)
(0.178985 0.330978 -7.94899e-21)
(0.148505 0.300889 1.74384e-19)
(0.11994 0.271505 0)
(0.0928344 0.241665 -1.02901e-19)
(0.0655774 0.207116 -1.76858e-20)
(0.038583 0.164291 2.31076e-19)
(0.0159223 0.11528 -3.63536e-20)
(0.00278561 0.0646938 -1.2947e-20)
(-0.00393836 0.0194098 -3.67592e-20)
(0.618722 -0.00684951 5.94571e-19)
(0.761465 -0.0105722 -4.43446e-19)
(0.876693 -0.0144692 2.57214e-19)
(0.96747 -0.0168248 -1.63207e-20)
(1.00977 -0.0226773 -6.53476e-19)
(0.884765 -0.0227938 -1.76647e-18)
(0.752308 -0.0205796 2.11379e-19)
(0.585436 -0.0177653 2.42617e-20)
(0.385812 -0.0129088 -2.75706e-20)
(0.147244 -0.00555501 6.27753e-19)
(0.631252 -0.0219484 -7.44059e-20)
(0.766196 -0.0329359 -2.23426e-20)
(0.87436 -0.0440565 -1.05618e-18)
(0.962919 -0.0515633 4.00664e-21)
(0.98441 -0.0667662 2.16523e-18)
(0.863269 -0.06684 -2.00053e-19)
(0.732157 -0.0603681 -2.4611e-18)
(0.56831 -0.0519414 1.33349e-20)
(0.373337 -0.0376141 -1.48659e-19)
(0.14188 -0.0161447 4.86391e-19)
(0.651121 -0.0406038 4.07407e-19)
(0.77237 -0.0582664 9.7263e-20)
(0.868254 -0.0747717 -4.15526e-19)
(0.951892 -0.0903928 -1.1511e-18)
(0.933721 -0.107394 1.37825e-18)
(0.82204 -0.105981 1.40666e-18)
(0.693249 -0.0961734 5.94021e-19)
(0.535494 -0.0821648 -6.60626e-20)
(0.349543 -0.0591059 2.23761e-19)
(0.131686 -0.0252318 2.34344e-21)
(0.671414 -0.0636332 -5.74067e-19)
(0.775168 -0.0867046 4.86966e-19)
(0.85702 -0.106128 7.21509e-19)
(0.923079 -0.132396 -9.65773e-19)
(0.867445 -0.143832 1.45912e-18)
(0.764112 -0.138783 -5.67263e-19)
(0.638994 -0.126215 2.77566e-20)
(0.489862 -0.106637 4.21883e-19)
(0.316673 -0.0759052 7.26329e-19)
(0.117698 -0.0321084 -9.19543e-20)
(0.685515 -0.0910659 3.81157e-19)
(0.769409 -0.117233 -8.50239e-20)
(0.837064 -0.139412 4.43925e-19)
(0.864031 -0.170125 1.09517e-18)
(0.791296 -0.174813 3.58677e-20)
(0.693021 -0.165707 1.60018e-18)
(0.57378 -0.149768 -1.3678e-18)
(0.435418 -0.124743 -6.0128e-19)
(0.278009 -0.0875347 -5.73494e-19)
(0.101495 -0.036548 -3.21767e-19)
(0.688561 -0.121975 -7.8837e-19)
(0.752778 -0.148498 6.52592e-19)
(0.800181 -0.176427 -2.38314e-18)
(0.779601 -0.198877 -6.79021e-19)
(0.706274 -0.197946 7.86564e-19)
(0.612991 -0.186093 1.04337e-18)
(0.502275 -0.166241 3.23043e-19)
(0.376644 -0.136343 -1.41852e-19)
(0.23728 -0.0942258 -4.40769e-19)
(0.0849229 -0.0388188 -2.2858e-19)
(0.676626 -0.153166 2.00013e-18)
(0.720723 -0.180309 -4.65209e-19)
(0.729666 -0.20814 1.73316e-18)
(0.685129 -0.218497 -3.45278e-18)
(0.615746 -0.213957 -1.25041e-18)
(0.529683 -0.199618 3.42152e-19)
(0.429058 -0.175904 1.85741e-19)
(0.317493 -0.142082 -2.31187e-19)
(0.197777 -0.0970377 4.00264e-19)
(0.0696769 -0.0397364 -1.04659e-19)
(0.647144 -0.183303 -8.97064e-20)
(0.659109 -0.210362 -1.73572e-19)
(0.634965 -0.226021 -4.67396e-19)
(0.587574 -0.230552 8.35529e-19)
(0.524884 -0.224002 1.10569e-18)
(0.448048 -0.207047 -2.7498e-20)
(0.357344 -0.179836 -2.33156e-19)
(0.260494 -0.143242 -7.77598e-20)
(0.161998 -0.0977625 2.20076e-21)
(0.0572004 -0.0407817 2.16307e-19)
(0.584907 -0.210251 -1.08526e-19)
(0.566835 -0.225581 -9.89846e-19)
(0.535889 -0.234026 -6.91201e-21)
(0.49267 -0.236755 3.66283e-19)
(0.439135 -0.22863 -5.4244e-19)
(0.371208 -0.209134 1.49287e-18)
(0.288634 -0.178345 7.71676e-19)
(0.207862 -0.140597 -1.70087e-19)
(0.132312 -0.0981525 -3.52546e-20)
(0.0489699 -0.0441721 1.19514e-19)
(0.494576 -0.218887 -9.72662e-19)
(0.472377 -0.226384 -3.62646e-19)
(0.442938 -0.23464 -1.48791e-20)
(0.406254 -0.236481 -3.24416e-20)
(0.361177 -0.227554 1.01584e-20)
(0.300834 -0.205254 -1.22273e-18)
(0.226374 -0.1707 4.97051e-19)
(0.164081 -0.134491 7.39337e-20)
(0.110551 -0.0984862 5.09382e-21)
(0.0454325 -0.051262 5.16865e-20)
(0.91218 0.406477 -7.48086e-18)
(1.15667 0.253946 -2.54673e-19)
(0.777748 0.171915 -1.36224e-19)
(0.726992 0.0728973 1.76093e-19)
(0.662843 0.0260838 -2.63531e-20)
(0.650628 0.0180913 1.9639e-20)
(0.609051 0.03454 5.73285e-20)
(0.540357 0.0403673 -6.50416e-20)
(0.433043 -0.0048122 -8.87344e-20)
(0.38392 -0.116606 -2.29186e-19)
(0.935121 0.379275 3.73835e-18)
(1.24836 0.287233 -9.29798e-20)
(0.875906 0.216383 1.3813e-20)
(0.835225 0.0953206 -5.95732e-20)
(0.764044 0.036325 1.14227e-19)
(0.747544 0.0237945 -1.67754e-19)
(0.697461 0.0461188 1.00061e-19)
(0.607905 0.0677161 -1.60028e-19)
(0.444857 0.0381408 -3.07064e-21)
(0.344631 -0.0821415 -1.37679e-19)
(0.943766 0.341318 3.88498e-18)
(1.31278 0.311163 -1.51819e-19)
(0.965955 0.257282 2.8371e-19)
(0.939202 0.117813 4.44696e-20)
(0.864278 0.0476527 -3.73784e-20)
(0.843269 0.0309769 2.34274e-19)
(0.781605 0.0614092 9.94348e-20)
(0.661089 0.101697 0)
(0.468055 0.0853113 -1.75042e-19)
(0.314435 -0.0389726 -1.79855e-19)
(0.944545 0.297827 -1.71802e-18)
(1.33568 0.32314 -1.16959e-19)
(1.04951 0.292587 -5.18001e-20)
(1.03824 0.139799 2.7005e-20)
(0.962315 0.0598547 -4.31412e-19)
(0.935309 0.0404459 3.56133e-19)
(0.856996 0.0831736 -1.61062e-19)
(0.703294 0.142931 3.78776e-19)
(0.495543 0.140548 -4.71656e-19)
(0.297015 0.0173739 4.97896e-19)
(0.944737 0.255552 -2.57982e-20)
(1.29953 0.309949 2.26047e-20)
(1.12664 0.318624 2.08075e-20)
(1.13166 0.160071 -2.32083e-19)
(1.0567 0.0727798 3.46604e-20)
(1.02071 0.0534134 -3.32477e-19)
(0.919912 0.112405 -1.00438e-18)
(0.740133 0.189345 3.8029e-19)
(0.523931 0.201421 4.19266e-19)
(0.292424 0.0843572 9.20345e-19)
(0.948066 0.219209 2.69755e-20)
(1.2594 0.289006 1.98473e-19)
(1.19847 0.332619 3.50011e-20)
(1.21988 0.178691 1.91845e-19)
(1.14525 0.0868383 2.60236e-19)
(1.0954 0.0717513 -2.2586e-19)
(0.970116 0.148547 -1.67175e-19)
(0.774586 0.240734 -3.18582e-19)
(0.551543 0.267565 3.12927e-19)
(0.297145 0.159028 3.58074e-19)
(0.953538 0.188979 0)
(1.22317 0.262669 -2.02446e-19)
(1.2379 0.313091 -1.84657e-20)
(1.29854 0.193275 2.94721e-21)
(1.22429 0.102613 2.10325e-19)
(1.15548 0.096807 3.01253e-20)
(1.01038 0.190149 3.10682e-19)
(0.807789 0.29632 -2.34419e-19)
(0.578517 0.338072 -4.93291e-21)
(0.307633 0.239306 -6.40783e-19)
(0.959507 0.162905 0)
(1.19515 0.232843 0)
(1.23383 0.282366 -2.31271e-20)
(1.35706 0.203004 -3.00834e-19)
(1.28913 0.119799 1.07566e-20)
(1.20012 0.127818 -2.90663e-19)
(1.04393 0.235931 3.49437e-19)
(0.840479 0.355326 1.44136e-19)
(0.606038 0.412269 4.39894e-21)
(0.322267 0.323854 -4.59712e-19)
(0.965419 0.139553 0)
(1.17306 0.201413 8.21733e-21)
(1.22635 0.252915 1.49721e-20)
(1.35405 0.197512 -7.28663e-21)
(1.33546 0.135983 -7.27654e-20)
(1.23248 0.162496 1.6607e-19)
(1.07341 0.284629 1.05474e-19)
(0.873832 0.41685 1.29631e-19)
(0.63596 0.489401 -1.78132e-21)
(0.342346 0.411975 4.18752e-19)
(0.971098 0.118207 6.03388e-21)
(1.15597 0.170996 -8.11356e-21)
(1.21941 0.221247 -7.94393e-21)
(1.3392 0.186545 5.91059e-20)
(1.36453 0.14943 -7.33097e-21)
(1.25736 0.198655 5.65817e-20)
(1.10108 0.334955 -2.71162e-20)
(0.909514 0.479919 -2.09026e-20)
(0.670442 0.568508 -1.86655e-19)
(0.37217 0.5031 -1.35374e-19)
(0.241427 0.0752597 5.06933e-18)
(0.1815 0.00187051 1.36946e-18)
(0.0928356 -0.0111156 -7.30162e-19)
(0.0757586 -0.00239054 3.72508e-20)
(0.0660185 -0.00156318 8.05062e-20)
(0.0640804 -0.000467845 7.3533e-20)
(0.0604679 -0.000665223 -4.79559e-20)
(0.0558752 -0.000277975 -2.3653e-20)
(0.0568561 0.00453036 -1.8154e-19)
(0.0825462 0.00669009 -7.08413e-20)
(0.52994 0.247872 2.0992e-17)
(0.460008 0.0548457 4.6749e-18)
(0.26464 0.0172198 -4.85141e-19)
(0.218521 0.00809353 6.5238e-19)
(0.19357 0.0021224 2.21677e-19)
(0.189148 0.00157897 8.65368e-20)
(0.178753 0.00230079 -1.81279e-19)
(0.162574 0.00115718 1.82611e-19)
(0.159314 -0.00568223 -6.41359e-19)
(0.231405 -0.0138474 -1.28084e-18)
(0.69387 0.352349 1.5735e-19)
(0.689952 0.112167 3.97942e-19)
(0.417316 0.0479487 -4.93022e-20)
(0.355708 0.0212169 -4.83199e-20)
(0.318002 0.00616089 0)
(0.311702 0.00421401 0)
(0.294521 0.00696648 0)
(0.266681 0.00522949 0)
(0.251003 -0.0139831 1.97612e-20)
(0.358272 -0.0379608 5.76642e-20)
(0.797457 0.403406 4.0301e-19)
(0.878363 0.16542 -2.25748e-18)
(0.552136 0.0856898 -6.76914e-19)
(0.486313 0.0367183 0)
(0.438317 0.0115822 0)
(0.430591 0.0078174 0)
(0.405903 0.0137786 0)
(0.364855 0.0121374 0)
(0.328741 -0.0226578 0)
(0.440163 -0.0789388 6.60614e-19)
(0.868506 0.418126 -1.69395e-19)
(1.03468 0.212514 -9.26875e-19)
(0.670977 0.127594 0)
(0.611454 0.0539764 2.86972e-19)
(0.55499 0.0180127 0)
(0.546106 0.0124676 0)
(0.513656 0.0231094 1.04831e-19)
(0.460823 0.0216367 -1.62425e-19)
(0.413818 -0.0279967 0)
(0.420725 -0.113923 7.73817e-20)
(0.0985285 0.00309011 -4.33408e-19)
(0.0966517 0.00407227 -1.00708e-19)
(0.0955866 0.00288738 3.19043e-19)
(0.0931397 0.00146326 5.19028e-19)
(0.0893365 0.000562375 1.93086e-19)
(0.0842728 0.00018991 -2.94599e-19)
(0.0782464 9.16418e-05 -9.22069e-21)
(0.0720908 8.15086e-05 -3.58338e-20)
(0.0669466 7.12837e-05 -7.88395e-20)
(0.0639715 2.8074e-05 7.08846e-20)
(0.274173 -0.032608 -1.21198e-18)
(0.269625 -0.0242558 -7.29658e-19)
(0.266047 -0.0191134 2.91666e-19)
(0.259316 -0.0149449 -3.55051e-19)
(0.249107 -0.0112411 5.39029e-19)
(0.235751 -0.00781339 4.11235e-19)
(0.220058 -0.00498219 1.93136e-19)
(0.204023 -0.00288264 2.01189e-19)
(0.190577 -0.00141515 -2.69764e-19)
(0.182792 -0.000414962 -1.57191e-21)
(0.417227 -0.0817856 3.15694e-19)
(0.414139 -0.0645144 -7.03839e-19)
(0.411669 -0.0520366 -4.92346e-19)
(0.404155 -0.0408924 1.57045e-19)
(0.39061 -0.0307354 -1.16805e-18)
(0.371676 -0.0216451 -1.22865e-19)
(0.348922 -0.0141678 -3.62793e-19)
(0.325296 -0.00848238 2.72619e-19)
(0.305196 -0.00433841 -2.43822e-21)
(0.29342 -0.00131117 -1.84103e-19)
(0.515986 -0.138265 -6.14682e-19)
(0.521004 -0.112682 3.11965e-19)
(0.525144 -0.0939196 -1.03605e-18)
(0.522114 -0.0752491 -8.2871e-19)
(0.510214 -0.0570831 -1.39599e-19)
(0.489932 -0.0405543 -4.02266e-19)
(0.463655 -0.0267872 -3.38458e-19)
(0.435308 -0.0161197 -4.78723e-19)
(0.410648 -0.00824928 5.29232e-19)
(0.396002 -0.00248508 2.09106e-20)
(0.545197 -0.204177 -5.09239e-19)
(0.585383 -0.170212 -6.52037e-19)
(0.606662 -0.143083 2.02073e-18)
(0.615197 -0.117094 4.4411e-19)
(0.610342 -0.0897131 -9.70919e-20)
(0.592874 -0.0642792 1.41723e-19)
(0.566233 -0.0428906 9.15713e-19)
(0.535397 -0.0260848 -2.93632e-19)
(0.507587 -0.0134927 4.42639e-19)
(0.49073 -0.00409374 3.46342e-19)
)
;

boundaryField
{
    left
    {
        type            fixedValue;
        value           uniform (1 0 0);
    }
    right
    {
        type            zeroGradient;
    }
    down
    {
        type            noSlip;
    }
    up
    {
        type            noSlip;
    }
    cylinder
    {
        type            noSlip;
    }
    defaultFaces
    {
        type            empty;
    }
}


// ************************************************************************* //
