/*--------------------------------*- C++ -*----------------------------------*\
  =========                 |
  \\      /  F ield         | OpenFOAM: The Open Source CFD Toolbox
   \\    /   O peration     | Website:  https://openfoam.org
    \\  /    A nd           | Version:  13
     \\/     M anipulation  |
\*---------------------------------------------------------------------------*/
FoamFile
{
    format      ascii;
    class       volVectorField;
    location    "0.69";
    object      U;
}
// * * * * * * * * * * * * * * * * * * * * * * * * * * * * * * * * * * * * * //

dimensions      [0 1 -1 0 0 0 0];

internalField   nonuniform List<vector> 
1800
(
(0.097801 -0.0883287 -4.48956e-20)
(0.286896 -0.241951 -3.412e-20)
(0.473973 -0.379045 -4.85024e-19)
(0.657692 -0.500158 1.9147e-19)
(0.836611 -0.607171 7.43813e-20)
(1.00991 -0.701377 -3.90566e-20)
(1.17715 -0.783469 5.54967e-20)
(1.33793 -0.853679 1.97369e-19)
(1.49159 -0.91296 5.9224e-19)
(1.63353 -0.966897 8.10039e-19)
(0.119061 -0.0915028 -7.91144e-20)
(0.344291 -0.247709 -7.70613e-19)
(0.563282 -0.38475 3.78147e-21)
(0.775364 -0.504236 1.25761e-19)
(0.979505 -0.608922 -1.26264e-19)
(1.17521 -0.700695 7.65848e-20)
(1.36231 -0.780788 -2.80816e-19)
(1.54078 -0.850098 -5.02644e-20)
(1.7101 -0.910703 -6.93479e-19)
(1.86785 -0.967041 6.29758e-19)
(0.141651 -0.092323 4.88227e-20)
(0.40368 -0.247731 2.09288e-19)
(0.653755 -0.382117 5.43322e-19)
(0.892178 -0.497905 -1.90263e-19)
(1.11866 -0.598385 -1.42995e-19)
(1.33321 -0.685812 7.56114e-20)
(1.53605 -0.761706 9.8257e-20)
(1.72743 -0.827297 1.94065e-19)
(1.90721 -0.8848 2.73614e-21)
(2.07421 -0.937866 1.50984e-19)
(0.163907 -0.0897209 -4.57191e-20)
(0.461698 -0.23947 -2.04391e-19)
(0.741428 -0.367618 -1.8126e-19)
(1.00451 -0.476977 -1.42298e-19)
(1.25162 -0.571022 1.8131e-19)
(1.48351 -0.652127 -5.70906e-20)
(1.70092 -0.721905 -4.31057e-21)
(1.90453 -0.781621 2.926e-21)
(2.09455 -0.833364 -1.60458e-19)
(2.27025 -0.880354 -1.05942e-19)
(0.184658 -0.0833565 -1.14039e-19)
(0.515894 -0.221807 8.76368e-20)
(0.823292 -0.339431 1.79841e-19)
(1.10931 -0.439063 2.43305e-19)
(1.37561 -0.524071 -2.85022e-19)
(1.62371 -0.596777 -3.58075e-21)
(1.85494 -0.658767 4.24978e-19)
(2.07042 -0.711262 -1.85055e-19)
(2.27083 -0.756163 -1.23988e-19)
(2.45578 -0.796396 -5.35566e-20)
(0.20319 -0.0735001 1.73591e-19)
(0.564471 -0.1952 1.02985e-18)
(0.896791 -0.298074 1.43255e-19)
(1.20351 -0.384735 -5.03141e-19)
(1.48719 -0.458227 -1.75502e-19)
(1.75003 -0.520669 6.37689e-19)
(1.9939 -0.573525 -1.45378e-19)
(2.22036 -0.6179 -4.31587e-19)
(2.43047 -0.655444 -3.16654e-19)
(2.62419 -0.688742 2.6159e-19)
(0.218898 -0.0605913 1.1634e-19)
(0.605745 -0.160701 -7.47592e-19)
(0.959313 -0.24503 -1.0856e-18)
(1.28371 -0.315798 3.83786e-19)
(1.58223 -0.375564 4.49943e-19)
(1.85767 -0.426128 -9.02059e-22)
(2.11239 -0.468739 -6.39682e-19)
(2.34829 -0.504325 2.19314e-19)
(2.56683 -0.534213 -3.64479e-19)
(2.76827 -0.560569 -3.11214e-19)
(0.231235 -0.0451723 -3.42487e-19)
(0.6382 -0.119684 -6.92604e-19)
(1.00849 -0.182294 1.21221e-18)
(1.34677 -0.2347 5.98701e-19)
(1.65693 -0.278852 -2.69758e-19)
(1.94224 -0.316136 -2.11496e-19)
(2.20543 -0.347515 0)
(2.44874 -0.373689 1.16805e-19)
(2.67398 -0.395622 -2.95842e-19)
(2.88171 -0.41497 -7.74279e-20)
(0.239766 -0.0278754 -2.04466e-19)
(0.660652 -0.0737558 5.62384e-19)
(1.04249 -0.112198 1.71008e-19)
(1.39031 -0.144289 -5.12494e-19)
(1.7084 -0.171277 -7.84194e-19)
(2.00037 -0.194053 3.66196e-20)
(2.26924 -0.213245 1.67124e-19)
(2.51752 -0.229293 -5.46842e-19)
(2.74731 -0.242784 -2.89763e-19)
(2.95953 -0.254778 -5.63593e-19)
(0.24426 -0.00940241 4.51408e-19)
(0.672452 -0.024704 3.44149e-19)
(1.0603 -0.0373616 -9.38596e-20)
(1.41303 -0.0477884 -1.2979e-20)
(1.73514 -0.0564621 -3.87507e-19)
(2.03041 -0.063723 -8.57328e-20)
(2.30205 -0.06981 -2.90578e-19)
(2.55276 -0.0748902 6.46558e-19)
(2.7848 -0.079171 1.71003e-19)
(2.99945 -0.0830118 2.22281e-21)
(-0.00234407 -0.021787 -3.41746e-20)
(0.0086065 -0.0693493 -7.02973e-20)
(0.0248948 -0.120499 -7.3215e-21)
(0.0493257 -0.171198 -3.40565e-20)
(0.0776797 -0.216586 -1.27316e-20)
(0.106524 -0.254731 -3.90041e-19)
(0.135555 -0.288665 -1.94975e-20)
(0.166345 -0.321979 1.19952e-19)
(0.199175 -0.355494 1.09562e-20)
(0.233067 -0.387863 -3.57923e-20)
(0.000847878 -0.0246879 -9.77544e-20)
(0.0149441 -0.0850731 -2.12518e-19)
(0.0393454 -0.160325 -5.41789e-20)
(0.0692729 -0.225243 -1.10452e-19)
(0.0994954 -0.275533 -9.65424e-20)
(0.130467 -0.317967 -2.79854e-19)
(0.164488 -0.358958 2.00561e-19)
(0.202151 -0.400359 1.686e-19)
(0.241654 -0.440277 -2.56587e-19)
(0.281167 -0.476659 8.12938e-20)
(0.00549538 -0.0314944 -8.54123e-20)
(0.0287778 -0.107419 -8.66603e-19)
(0.0628549 -0.196098 -1.29511e-19)
(0.0974508 -0.268959 9.33421e-20)
(0.131819 -0.327203 6.78094e-20)
(0.169659 -0.380267 -4.50056e-19)
(0.212955 -0.432289 3.56512e-20)
(0.259149 -0.48178 3.67007e-19)
(0.3055 -0.526242 -3.86433e-19)
(0.351451 -0.565638 -2.58542e-19)
(0.0113686 -0.0409878 -1.77289e-21)
(0.0466249 -0.130879 1.89787e-19)
(0.0896404 -0.225329 1.61592e-21)
(0.133077 -0.307031 -1.07864e-20)
(0.177792 -0.377866 -3.01021e-20)
(0.227248 -0.443847 8.66542e-20)
(0.281102 -0.505609 7.31137e-20)
(0.335675 -0.560876 -1.36145e-19)
(0.389741 -0.609357 9.20881e-21)
(0.443912 -0.651923 -1.04423e-20)
(0.0185095 -0.0507731 0)
(0.0672389 -0.152431 5.4752e-21)
(0.121939 -0.253636 -5.10096e-19)
(0.178695 -0.345476 5.15673e-20)
(0.23781 -0.428574 -1.02077e-20)
(0.300518 -0.505082 5.80985e-21)
(0.365312 -0.574366 -2.54257e-20)
(0.42981 -0.63542 -7.77088e-21)
(0.493951 -0.688823 0)
(0.558145 -0.734831 -2.05848e-20)
(0.0273261 -0.0596513 3.18239e-20)
(0.0918956 -0.172858 -1.54252e-19)
(0.161767 -0.282526 -4.59515e-20)
(0.23463 -0.383891 -5.83693e-20)
(0.309737 -0.476752 4.96372e-20)
(0.386738 -0.561531 5.50589e-21)
(0.464243 -0.637694 8.97382e-20)
(0.540938 -0.704933 -2.17594e-20)
(0.61691 -0.763432 -6.96333e-19)
(0.69216 -0.812633 -1.01037e-20)
(0.0379753 -0.0676055 6.84282e-22)
(0.121237 -0.19218 5.57316e-20)
(0.209164 -0.310619 -7.84795e-20)
(0.299927 -0.420177 -1.67003e-20)
(0.392136 -0.520669 -7.29178e-20)
(0.484777 -0.612125 -9.55294e-21)
(0.5767 -0.694319 9.88411e-21)
(0.66694 -0.767136 -2.11695e-19)
(0.755524 -0.830255 3.83554e-19)
(0.842315 -0.882308 9.71599e-19)
(0.0503616 -0.0746015 1.51336e-20)
(0.15513 -0.209611 -1.42284e-19)
(0.263462 -0.335965 -2.13789e-19)
(0.37367 -0.452111 8.90197e-20)
(0.484102 -0.558264 -6.43251e-20)
(0.593543 -0.654613 9.87692e-20)
(0.700942 -0.741271 1.96869e-19)
(0.805406 -0.818292 -1.09143e-19)
(0.907018 -0.885103 -3.05966e-19)
(1.00569 -0.939516 7.25383e-19)
(0.0642902 -0.08036 -2.64864e-20)
(0.193286 -0.224026 -5.78126e-19)
(0.324297 -0.35656 5.2432e-19)
(0.455683 -0.47723 3.37497e-19)
(0.585738 -0.586744 -8.59134e-20)
(0.713223 -0.685657 3.08699e-19)
(0.837128 -0.774429 -1.59969e-19)
(0.956562 -0.853452 -7.72957e-19)
(1.07173 -0.922028 -4.03725e-19)
(1.18267 -0.977271 4.53686e-19)
(0.0795452 -0.0846662 -7.9824e-20)
(0.235846 -0.234417 -5.44356e-19)
(0.392392 -0.370525 -8.27606e-21)
(0.547541 -0.492795 6.8821e-20)
(0.699594 -0.602462 3.37765e-19)
(0.847391 -0.700431 -1.85394e-19)
(0.990011 -0.787438 -1.69483e-19)
(1.12653 -0.863822 1.89009e-19)
(1.2568 -0.928643 -3.51633e-19)
(1.38007 -0.980348 -5.84602e-19)
(0.402978 -0.531952 9.84695e-19)
(0.68491 -0.618408 -2.44159e-19)
(0.91379 -0.5577 -1.42988e-19)
(1.08765 -0.431162 2.69411e-19)
(1.24008 -0.280067 -2.30827e-19)
(1.36242 -0.139292 -2.99761e-19)
(1.45982 -0.0332077 -2.65781e-19)
(1.5167 0.0201997 -3.18559e-20)
(1.53742 0.0308766 5.32758e-21)
(1.55337 0.0219847 3.00658e-20)
(0.468921 -0.619821 9.65474e-19)
(0.741555 -0.69384 7.15251e-20)
(0.966346 -0.617744 1.09538e-20)
(1.12485 -0.48039 -2.1647e-19)
(1.26556 -0.32041 -7.17595e-19)
(1.38083 -0.171918 0)
(1.47934 -0.0577687 -2.46683e-19)
(1.55303 0.00624948 5.18462e-20)
(1.59028 0.0245871 4.49827e-21)
(1.61817 0.0185591 -6.80408e-22)
(0.556251 -0.70548 -9.98097e-19)
(0.810848 -0.766816 -7.09908e-20)
(1.0256 -0.675651 1.5627e-19)
(1.16622 -0.527454 -5.3866e-20)
(1.29123 -0.359536 -3.63672e-20)
(1.39696 -0.204386 6.44365e-20)
(1.49097 -0.0840586 0)
(1.57189 -0.0122275 0)
(1.62488 0.0123477 -2.10594e-20)
(1.67365 0.0124839 0)
(0.665726 -0.787229 -2.24884e-19)
(0.895656 -0.835384 4.0412e-19)
(1.09201 -0.730357 2.68244e-20)
(1.2125 -0.571368 0)
(1.31799 -0.396563 6.05803e-19)
(1.41184 -0.235679 -1.44117e-19)
(1.49858 -0.110488 0)
(1.57909 -0.0322578 1.32724e-19)
(1.63308 -0.00427111 0)
(1.71109 0.00139937 -9.3199e-21)
(0.795753 -0.863917 -1.48928e-19)
(0.997668 -0.897561 4.54687e-19)
(1.16624 -0.780703 -1.46595e-20)
(1.26384 -0.611308 0)
(1.34654 -0.430677 1.78819e-19)
(1.42584 -0.265098 2.70972e-19)
(1.50416 -0.13589 4.76321e-20)
(1.57986 -0.0521095 6.70685e-21)
(1.63073 -0.0214714 -2.2974e-20)
(1.7169 -0.0120527 3.27667e-20)
(0.942252 -0.934787 -1.33121e-18)
(1.1165 -0.951994 -9.41877e-19)
(1.24888 -0.825423 4.76271e-21)
(1.32004 -0.646547 5.75067e-19)
(1.37723 -0.461094 -3.03911e-19)
(1.439 -0.292125 1.47054e-19)
(1.50812 -0.159597 2.33693e-19)
(1.577 -0.0709287 -1.88e-19)
(1.62585 -0.0388085 -1.89112e-21)
(1.7121 -0.0247599 2.60511e-20)
(1.1001 -0.999465 -2.60464e-19)
(1.25002 -0.998495 2.86538e-19)
(1.34019 -0.863397 3.94596e-21)
(1.38079 -0.676399 -1.76116e-20)
(1.4102 -0.487035 -5.88653e-19)
(1.45133 -0.316224 5.41627e-20)
(1.50994 -0.181226 -9.39594e-20)
(1.57145 -0.0888563 -2.71305e-20)
(1.62152 -0.0541532 -1.34782e-21)
(1.69003 -0.0374452 -2.28707e-20)
(1.26432 -1.05684 -1.20082e-18)
(1.39474 -1.03767 2.09914e-19)
(1.43916 -0.894036 0)
(1.44512 -0.700433 3.44738e-20)
(1.44477 -0.507972 5.19138e-19)
(1.46251 -0.336883 -1.50249e-21)
(1.50856 -0.200794 -3.10372e-19)
(1.56354 -0.105282 5.92369e-20)
(1.61329 -0.0683286 -7.62091e-22)
(1.63932 -0.0444376 -2.4292e-20)
(1.432 -1.1035 3.39105e-18)
(1.54804 -1.07043 2.46103e-19)
(1.5456 -0.918045 4.6412e-19)
(1.51327 -0.719072 -3.17914e-20)
(1.48104 -0.524062 -3.43773e-20)
(1.47247 -0.353955 -4.27335e-19)
(1.50165 -0.218194 9.05465e-20)
(1.55381 -0.11998 3.06348e-21)
(1.56961 -0.0753978 -2.48395e-20)
(1.57637 -0.0463812 3.11716e-20)
(1.59924 -1.12819 -2.99823e-18)
(1.70185 -1.09563 1.27228e-18)
(1.65395 -0.938068 -2.32859e-19)
(1.58139 -0.735806 -7.88343e-19)
(1.51596 -0.538883 -6.5485e-19)
(1.47857 -0.371198 -2.54882e-19)
(1.48921 -0.235641 -6.66785e-20)
(1.51412 -0.132827 0)
(1.50727 -0.0764758 -5.5863e-20)
(1.50509 -0.0465926 1.18897e-19)
(1.88818 -1.17023 -6.71211e-18)
(1.92739 -1.10517 -1.69198e-18)
(1.80486 -0.932273 -5.84621e-20)
(1.67307 -0.727657 1.11947e-19)
(1.56249 -0.534044 1.60572e-19)
(1.48613 -0.373097 -1.03415e-19)
(1.45034 -0.240401 -4.02842e-20)
(1.4289 -0.133153 7.02277e-20)
(1.41749 -0.0743309 -5.75298e-20)
(1.40709 -0.0457959 -5.4635e-20)
(2.28933 -1.13486 4.95768e-19)
(2.17884 -1.05672 -2.87983e-19)
(1.94275 -0.865336 4.9795e-19)
(1.73567 -0.664821 -8.5335e-20)
(1.56238 -0.480767 6.65788e-21)
(1.42659 -0.333562 -6.76221e-20)
(1.34336 -0.217183 9.69321e-20)
(1.31066 -0.12275 -3.3042e-20)
(1.29335 -0.0689465 2.03238e-19)
(1.27751 -0.0429278 9.09216e-20)
(2.61059 -1.0436 2.2709e-18)
(2.35196 -0.948777 3.25819e-19)
(2.00829 -0.759474 -1.17826e-19)
(1.73255 -0.572953 1.62348e-36)
(1.5055 -0.410691 -2.5509e-20)
(1.33924 -0.286589 1.50765e-33)
(1.23491 -0.189764 -1.95573e-20)
(1.18431 -0.110542 -1.63668e-33)
(1.16138 -0.0622398 6.81586e-21)
(1.14067 -0.0389188 -1.46945e-20)
(2.78704 -0.893971 3.88696e-33)
(2.36945 -0.795628 2.96662e-18)
(1.97362 -0.63048 1.81816e-18)
(1.65348 -0.469401 0)
(1.40661 -0.334877 8.33647e-19)
(1.22983 -0.233574 4.30854e-19)
(1.11415 -0.156108 1.69329e-19)
(1.05146 -0.094135 -2.8684e-33)
(1.02269 -0.0538048 -5.92174e-20)
(0.998093 -0.0338207 9.53644e-21)
(2.76365 -0.705893 3.84277e-18)
(2.2459 -0.629882 -1.46816e-19)
(1.84654 -0.491016 0)
(1.51554 -0.361702 0)
(1.27133 -0.25568 0)
(1.09736 -0.17837 0)
(0.980946 -0.12071 -1.2678e-20)
(0.912404 -0.0751315 -4.16818e-33)
(0.879043 -0.0438364 7.61423e-21)
(0.851408 -0.0278746 8.51997e-34)
(2.55117 -0.517037 3.26577e-18)
(2.02005 -0.462915 0)
(1.63856 -0.353642 0)
(1.32676 -0.256742 0)
(1.10097 -0.179691 0)
(0.941738 -0.125503 0)
(0.833531 -0.0859419 3.2968e-20)
(0.76604 -0.0550934 -9.04362e-20)
(0.730755 -0.0328477 8.49359e-21)
(0.701621 -0.0213515 3.38745e-20)
(2.19012 -0.342711 0)
(1.70263 -0.303513 1.09828e-18)
(1.36128 -0.227606 1.09039e-18)
(1.09131 -0.161991 0)
(0.898402 -0.112333 6.67025e-19)
(0.76401 -0.078682 4.05057e-19)
(0.671622 -0.0545639 2.51696e-19)
(0.611376 -0.0359872 8.31235e-20)
(0.577729 -0.0218161 -2.55113e-20)
(0.549375 -0.0147171 -4.51781e-21)
(1.70286 -0.191136 -6.73871e-19)
(1.30018 -0.165594 -2.74164e-19)
(1.02505 -0.121755 1.75643e-19)
(0.815083 -0.0844378 -2.11273e-34)
(0.667704 -0.0580799 -7.70528e-20)
(0.566173 -0.0410288 3.71215e-33)
(0.495608 -0.028914 4.88617e-20)
(0.447881 -0.0196851 9.87341e-20)
(0.419677 -0.0120044 9.8711e-21)
(0.395044 -0.00858988 -2.73012e-21)
(1.10088 -0.0758214 3.40804e-18)
(0.823159 -0.0626785 -1.86546e-19)
(0.640582 -0.0442929 -5.88862e-19)
(0.506147 -0.0289883 0)
(0.413819 -0.0195674 -6.40082e-19)
(0.350652 -0.0141198 -4.32416e-19)
(0.306148 -0.010293 -2.03732e-19)
(0.275095 -0.00744427 -1.41704e-19)
(0.255895 -0.00459254 1.68518e-19)
(0.238533 -0.00362901 -2.70633e-20)
(0.397352 -0.00331881 0)
(0.287866 0.00159416 0)
(0.220892 0.00409433 0)
(0.173551 0.00624733 0)
(0.142373 0.00585583 0)
(0.121194 0.00471355 0)
(0.105869 0.00367672 5.61127e-20)
(0.0947151 0.00256289 -2.1747e-34)
(0.0874263 0.002121 1.2432e-20)
(0.0804511 0.000888834 1.13506e-20)
(3.3671 -0.0863116 5.39208e-19)
(3.32642 -0.265086 -8.419e-20)
(3.24735 -0.430656 8.52092e-19)
(3.13238 -0.582158 -6.04752e-19)
(2.98634 -0.718125 6.66398e-19)
(2.81524 -0.836382 2.75232e-19)
(2.6266 -0.934058 -1.92754e-18)
(2.42951 -1.00785 -7.74587e-20)
(2.22467 -1.05368 0)
(1.98485 -1.06655 4.26142e-19)
(3.86191 -0.0750595 7.07368e-18)
(3.79859 -0.234214 1.95637e-18)
(3.70428 -0.387311 -4.86731e-18)
(3.58426 -0.531992 -4.49088e-19)
(3.44238 -0.665894 3.55887e-18)
(3.28186 -0.787321 1.92343e-18)
(3.1065 -0.895068 -5.16861e-18)
(2.92204 -0.987702 -1.95216e-18)
(2.72759 -1.06339 2.20313e-18)
(2.49236 -1.12051 8.52168e-19)
(3.83308 -0.0533008 -1.26251e-19)
(3.82024 -0.171566 4.40362e-18)
(3.78546 -0.299762 -1.08826e-18)
(3.72434 -0.43092 -3.44613e-18)
(3.63618 -0.558731 -6.80012e-18)
(3.52371 -0.678803 1.02787e-17)
(3.39117 -0.788792 4.18063e-18)
(3.2435 -0.887984 -3.91181e-18)
(3.08161 -0.978715 -2.90276e-18)
(2.88723 -1.063 -3.42502e-18)
(3.62866 -0.0472858 -4.83943e-18)
(3.61961 -0.144931 -4.35349e-18)
(3.59963 -0.243741 5.47223e-18)
(3.56735 -0.343095 1.91192e-18)
(3.52241 -0.442378 -8.97143e-18)
(3.46417 -0.540808 4.9221e-19)
(3.39183 -0.637046 3.88641e-18)
(3.30512 -0.730431 -1.05397e-18)
(3.20499 -0.823064 1.27683e-18)
(3.08306 -0.914772 2.81767e-19)
(3.34405 -0.0365783 -9.16002e-19)
(3.339 -0.111656 3.00412e-18)
(3.3271 -0.188676 1.6196e-18)
(3.30744 -0.267172 -1.89429e-18)
(3.27986 -0.34607 -2.00139e-18)
(3.24465 -0.424138 -2.43402e-18)
(3.20204 -0.500335 3.79668e-19)
(3.15176 -0.574494 1.3903e-19)
(3.09549 -0.647758 -2.13976e-18)
(3.03287 -0.721304 -2.03442e-18)
(2.96257 -0.0265544 -1.82251e-18)
(2.95981 -0.0798889 -5.87231e-20)
(2.9533 -0.134599 -1.63755e-18)
(2.9424 -0.190903 3.12128e-19)
(2.92675 -0.248551 5.36787e-18)
(2.90629 -0.30693 -3.66751e-19)
(2.88092 -0.365116 4.43392e-20)
(2.85023 -0.422059 -2.60861e-18)
(2.81644 -0.476883 -3.4957e-18)
(2.786 -0.529864 3.7282e-19)
(2.48713 -0.0175107 -2.89314e-20)
(2.48578 -0.0519348 -8.14317e-19)
(2.48259 -0.0872483 -2.61487e-18)
(2.47707 -0.123771 -3.43104e-18)
(2.4688 -0.161534 2.49657e-18)
(2.45744 -0.200268 1.50226e-18)
(2.44261 -0.239353 -1.38508e-18)
(2.4237 -0.277791 1.6245e-18)
(2.40275 -0.314483 -4.29713e-19)
(2.38953 -0.349541 -9.63777e-19)
(1.91464 -0.00968837 7.72463e-19)
(1.91408 -0.0282976 -8.31807e-19)
(1.91278 -0.0474397 -3.27697e-20)
(1.91031 -0.0673591 -3.47233e-20)
(1.90624 -0.0881301 -7.27406e-20)
(1.90013 -0.109614 -2.33196e-18)
(1.89151 -0.131405 -6.78681e-19)
(1.87978 -0.152782 2.62613e-18)
(1.86664 -0.172975 -6.03511e-19)
(1.86191 -0.192207 -1.35115e-18)
(1.23988 -0.00373763 -1.64283e-18)
(1.23967 -0.0106957 -8.48917e-19)
(1.23923 -0.0179012 2.33921e-18)
(1.23823 -0.0254786 -8.89781e-19)
(1.23625 -0.0334753 -6.74128e-19)
(1.2329 -0.0418316 1.35204e-18)
(1.22775 -0.0503499 -1.2959e-18)
(1.22038 -0.0586654 1.287e-18)
(1.21202 -0.0663424 -1.21033e-18)
(1.21007 -0.0735081 -4.2483e-18)
(0.454916 -0.000257977 6.63084e-19)
(0.454827 -0.000700531 7.03058e-19)
(0.454692 -0.00115912 7.48186e-19)
(0.454325 -0.00164005 1.35398e-18)
(0.453496 -0.00214018 -6.7199e-19)
(0.451984 -0.00263719 -1.29962e-18)
(0.449567 -0.0030991 6.14719e-19)
(0.445992 -0.00359293 2.48373e-20)
(0.441737 -0.00439222 -4.96531e-20)
(0.44035 -0.00504562 1.1057e-19)
(1.65355 0.997257 -2.85782e-19)
(1.51227 0.941846 1.79971e-20)
(1.35879 0.880736 -2.28607e-19)
(1.19767 0.808431 1.76342e-19)
(1.02957 0.723973 -1.91972e-19)
(0.854823 0.627073 -1.01104e-19)
(0.673759 0.51694 2.31984e-19)
(0.487035 0.392146 -3.04918e-19)
(0.295891 0.250643 3.09877e-19)
(0.10143 0.0916438 2.38719e-19)
(1.88638 0.992179 0)
(1.72967 0.93473 6.39266e-19)
(1.56083 0.872762 3.32437e-19)
(1.38228 0.801848 1.62763e-19)
(1.19453 0.719875 4.31276e-19)
(0.997533 0.625897 -8.68523e-20)
(0.79136 0.518601 -7.85408e-20)
(0.576346 0.39599 8.87726e-20)
(0.353318 0.255175 -1.04517e-18)
(0.122698 0.0943552 -1.66427e-20)
(2.09103 0.959029 1.56804e-19)
(1.92523 0.905062 0)
(1.74614 0.846457 -1.00738e-19)
(1.55493 0.779546 -3.83405e-19)
(1.3517 0.70208 5.37072e-20)
(1.13609 0.612789 3.97122e-19)
(0.907783 0.510088 -6.06882e-19)
(0.66659 0.391638 -2.00881e-19)
(0.412595 0.254044 7.83588e-19)
(0.145251 0.0947351 -1.75939e-19)
(2.28484 0.898348 1.87996e-19)
(2.11044 0.850556 1.1994e-20)
(1.9213 0.797858 2.45115e-20)
(1.71811 0.736999 3.60936e-20)
(1.50058 0.665854 -2.9272e-20)
(1.26793 0.583131 2.73258e-19)
(1.01926 0.487168 -2.06877e-19)
(0.753674 0.375531 -8.5557e-19)
(0.470271 0.244678 0)
(0.167388 0.0916965 0)
(2.46796 0.811815 -1.07078e-18)
(2.28435 0.770833 -6.09139e-19)
(2.08493 0.725059 -1.20668e-19)
(1.87003 0.671521 -6.65719e-20)
(1.6389 0.608294 0)
(1.39031 0.534136 2.40751e-19)
(1.12275 0.447434 2.67777e-19)
(0.834555 0.345835 2.8624e-19)
(0.52384 0.225953 -4.23744e-19)
(0.187908 0.084898 -8.12345e-20)
(2.634 0.702091 7.6638e-19)
(2.44156 0.668062 -1.39173e-19)
(2.23244 0.629678 -2.2157e-19)
(2.00664 0.584305 0)
(1.76301 0.530279 0)
(1.49988 0.466488 0)
(1.21522 0.391463 -3.89804e-20)
(0.906685 0.30309 3.70275e-19)
(0.571498 0.198348 3.79144e-19)
(0.206083 0.0746242 -3.08566e-19)
(2.7758 0.572354 -1.19354e-18)
(2.5755 0.545259 -1.48134e-18)
(2.35787 0.514529 -3.03285e-22)
(2.1226 0.477946 -1.8766e-19)
(1.86818 0.434182 -9.28798e-20)
(1.59258 0.382318 -1.7884e-19)
(1.29333 0.321125 4.59091e-19)
(0.967489 0.248837 2.14862e-19)
(0.611583 0.162967 5.40025e-19)
(0.221314 0.0613402 2.02853e-19)
(2.88707 0.425748 -1.15707e-18)
(2.68027 0.405633 8.47053e-20)
(2.45576 0.38282 1.64525e-19)
(2.21297 0.355611 1.68174e-20)
(1.95004 0.323051 -3.14403e-19)
(1.66465 0.284468 -1.7421e-19)
(1.35398 0.238938 -6.21209e-19)
(1.01464 0.18514 1.1853e-19)
(0.642605 0.121237 5.14755e-20)
(0.233066 0.0456127 -6.26902e-21)
(2.9628 0.265187 1.01362e-19)
(2.75121 0.252354 3.97005e-19)
(2.52189 0.237904 -3.30292e-19)
(2.27394 0.22074 3.63016e-19)
(2.00524 0.200297 3.72548e-19)
(1.71322 0.176176 4.91896e-19)
(1.39481 0.147809 -6.35739e-19)
(1.04633 0.11439 -3.24415e-19)
(0.663412 0.0748097 -4.58506e-20)
(0.240916 0.0280951 -3.26994e-19)
(3.00052 0.0935773 5.81812e-19)
(2.78612 0.0887858 -1.86158e-19)
(2.55425 0.0834442 4.79563e-19)
(2.30367 0.0771503 -3.10668e-19)
(2.03208 0.069728 2.66478e-19)
(1.73679 0.061062 6.05411e-19)
(1.41457 0.0509785 3.78885e-19)
(1.06162 0.0392347 3.09342e-19)
(0.673396 0.0255066 2.65861e-19)
(0.244654 0.00950723 5.43614e-19)
(0.239566 0.452071 -4.69157e-19)
(0.203967 0.418351 -1.87522e-19)
(0.168404 0.381272 1.39148e-19)
(0.13488 0.343613 -4.19314e-19)
(0.10515 0.307491 -1.19459e-19)
(0.0782532 0.27024 6.92738e-19)
(0.051877 0.223834 3.35834e-19)
(0.025961 0.158986 -1.5567e-19)
(0.00705875 0.079702 1.14582e-19)
(-0.00112497 0.0224487 -6.07287e-20)
(0.288635 0.544346 4.11326e-19)
(0.248732 0.507553 4.58238e-19)
(0.208185 0.465505 -1.1714e-20)
(0.167859 0.418481 -1.32664e-19)
(0.13114 0.370363 -3.13089e-19)
(0.100609 0.32277 8.28199e-20)
(0.073479 0.269447 2.25023e-19)
(0.0458949 0.19699 1.65374e-19)
(0.0183416 0.101908 -5.90891e-19)
(0.00278953 0.0288778 -1.23604e-19)
(0.359662 0.633158 -6.00778e-19)
(0.313797 0.593011 -4.8137e-19)
(0.267998 0.547174 2.57543e-19)
(0.221355 0.493867 1.38157e-19)
(0.17581 0.434108 -6.04375e-21)
(0.136272 0.371901 -1.4001e-19)
(0.10212 0.305637 -2.94225e-20)
(0.0684378 0.224916 -5.552e-19)
(0.0336708 0.126033 -2.69409e-19)
(0.00763829 0.037799 -3.90665e-20)
(0.454224 0.717898 5.03225e-19)
(0.400066 0.673705 1.64743e-19)
(0.346371 0.622696 -1.49356e-19)
(0.292233 0.563652 6.32727e-20)
(0.23775 0.495557 -5.59273e-22)
(0.186586 0.420881 1.32721e-21)
(0.140104 0.340665 -1.32246e-19)
(0.0954602 0.250257 3.78531e-19)
(0.051435 0.147738 -4.19308e-19)
(0.0135807 0.0477095 -6.51205e-20)
(0.57201 0.797868 -2.82168e-19)
(0.507863 0.749776 -8.88994e-20)
(0.443581 0.692931 -1.4344e-20)
(0.37897 0.627214 -7.02139e-20)
(0.31372 0.551958 5.85169e-20)
(0.249662 0.46806 5.26883e-20)
(0.188379 0.376711 -2.79173e-20)
(0.129324 0.276649 -2.82188e-19)
(0.0725264 0.167637 2.1837e-19)
(0.0209179 0.0568383 8.72785e-20)
(0.709415 0.870953 6.43382e-19)
(0.634367 0.819571 3.20868e-19)
(0.558131 0.757408 2.03193e-19)
(0.480856 0.685347 4.82125e-20)
(0.402412 0.603513 1.54965e-19)
(0.32387 0.51235 7.84076e-20)
(0.246466 0.412508 1.43304e-19)
(0.170864 0.303904 5.7934e-20)
(0.0980526 0.186795 -1.59628e-20)
(0.0299967 0.0650291 -1.33437e-20)
(0.862016 0.934871 -1.19766e-19)
(0.775538 0.880674 -8.25059e-19)
(0.6867 0.81405 -7.62791e-20)
(0.595723 0.736809 -5.20074e-20)
(0.50256 0.649611 -1.96121e-20)
(0.408123 0.552698 1.51466e-19)
(0.313477 0.4463 -4.38205e-20)
(0.219709 0.330405 6.49954e-20)
(0.128292 0.205076 -1.44615e-19)
(0.0409037 0.0724929 -1.2539e-21)
(1.02672 0.986034 -8.8481e-19)
(0.928464 0.929636 5.94291e-20)
(0.826653 0.859702 -2.33801e-19)
(0.72146 0.778879 -7.25166e-20)
(0.612766 0.687999 -2.40814e-20)
(0.501456 0.58706 -7.5178e-20)
(0.388525 0.475887 5.62834e-20)
(0.275162 0.354191 6.0308e-20)
(0.162982 0.221555 -9.82141e-21)
(0.0535439 0.0791203 -1.03794e-19)
(1.20389 1.01794 1.23826e-19)
(1.0935 0.960941 5.23172e-19)
(0.97825 0.889717 1.55313e-21)
(0.85822 0.807551 -2.9634e-20)
(0.733143 0.715296 1.50903e-19)
(0.60389 0.612545 -3.47331e-19)
(0.471402 0.498747 -2.44394e-19)
(0.33683 0.373207 3.5612e-19)
(0.201771 0.235006 1.44187e-19)
(0.0677022 0.0845325 -3.62274e-20)
(1.40058 1.01547 7.39792e-19)
(1.27805 0.962345 3.23737e-19)
(1.14782 0.895364 5.59198e-20)
(1.01087 0.816402 -1.94986e-19)
(0.867269 0.726521 -1.644e-20)
(0.7179 0.625336 4.65608e-19)
(0.563583 0.512003 -2.68231e-19)
(0.405341 0.385475 -1.84485e-19)
(0.244705 0.244319 3.35799e-19)
(0.083114 0.0884409 -6.0484e-21)
(0.976708 0.0984577 8.6705e-21)
(1.14302 0.142052 -1.0604e-21)
(1.21365 0.19031 -2.33767e-20)
(1.32609 0.17091 0)
(1.37734 0.155692 6.94631e-22)
(1.27877 0.234434 -5.31042e-20)
(1.12928 0.385664 -5.42665e-20)
(0.949308 0.543523 -1.26374e-20)
(0.711641 0.648385 -3.0423e-19)
(0.416545 0.595576 4.26971e-19)
(0.981884 0.0795174 1.95844e-19)
(1.13504 0.11441 -3.05907e-20)
(1.20993 0.159944 1.89972e-21)
(1.317 0.15217 1.17471e-20)
(1.38015 0.157847 3.52844e-21)
(1.29849 0.269008 -2.87377e-21)
(1.15922 0.435824 1.49763e-20)
(0.993927 0.606587 0)
(0.76154 0.727435 7.96541e-19)
(0.479412 0.686775 -5.66493e-19)
(0.98661 0.0608544 -1.13292e-19)
(1.1316 0.0878082 6.75397e-21)
(1.20929 0.130444 7.77067e-20)
(1.31394 0.132142 1.91608e-20)
(1.38317 0.159151 -2.31151e-20)
(1.31839 0.301465 -3.49609e-20)
(1.19232 0.484467 -8.62851e-21)
(1.04405 0.66807 4.4561e-20)
(0.823139 0.803909 -1.24874e-21)
(0.564493 0.774557 -3.72013e-19)
(0.99068 0.0419344 -8.09143e-20)
(1.13227 0.061798 1.54447e-20)
(1.21222 0.101623 7.54895e-20)
(1.31716 0.111941 3.07063e-20)
(1.38893 0.159976 -2.37206e-20)
(1.33857 0.33178 -2.67825e-20)
(1.22893 0.530893 7.19836e-20)
(1.1002 0.726843 2.68742e-20)
(0.899934 0.875547 -5.45804e-19)
(0.673719 0.856962 -1.77906e-19)
(0.993989 0.0224204 3.6841e-20)
(1.13631 0.0359 -4.67629e-20)
(1.21833 0.0733696 -6.77418e-20)
(1.32526 0.0921974 2.23476e-20)
(1.39635 0.161331 0)
(1.35873 0.360398 0)
(1.2691 0.574456 7.56616e-20)
(1.16352 0.781523 -2.8249e-20)
(0.994696 0.939864 -1.18066e-19)
(0.805124 0.932347 -5.7379e-20)
(0.996461 0.00215783 3.44277e-21)
(1.14284 0.00970221 5.7908e-20)
(1.22673 0.0455914 -2.07695e-19)
(1.33642 0.0734697 -7.65546e-20)
(1.40419 0.164031 -4.86059e-21)
(1.37875 0.387487 1.23811e-19)
(1.31304 0.614304 1.52096e-19)
(1.23555 0.830391 -1.80478e-20)
(1.10783 0.995061 -4.34952e-20)
(0.95377 1.00007 2.73089e-21)
(0.997389 -0.0191048 1.54064e-21)
(1.15102 -0.0171445 2.955e-20)
(1.23644 0.0183062 -6.55104e-20)
(1.3492 0.0562876 -1.54121e-19)
(1.41153 0.168312 1.18268e-20)
(1.3989 0.412725 7.40247e-21)
(1.36133 0.649323 -5.95655e-20)
(1.31738 0.871793 -1.09114e-19)
(1.23731 1.04085 -3.01889e-20)
(1.11388 1.06026 -9.80077e-19)
(0.995609 -0.0412 1.48648e-20)
(1.16028 -0.0449219 -1.43083e-19)
(1.24671 -0.00831767 1.32368e-19)
(1.36238 0.0414069 1.01811e-19)
(1.41722 0.174643 5.02904e-21)
(1.41914 0.435662 -1.31961e-19)
(1.41387 0.678483 -8.56194e-23)
(1.40838 0.904791 -1.29861e-19)
(1.37934 1.0781 1.11045e-20)
(1.27986 1.11237 2.88347e-18)
(0.990792 -0.0634486 -8.74248e-20)
(1.17049 -0.073745 8.00863e-20)
(1.2571 -0.0341153 1.90249e-19)
(1.3753 0.0289459 -1.14216e-19)
(1.42177 0.182782 -2.24519e-19)
(1.44102 0.456009 9.25912e-21)
(1.47192 0.701652 1.68526e-19)
(1.50851 0.930086 -5.71954e-19)
(1.53086 1.1081 -2.68432e-20)
(1.44835 1.15335 -6.47469e-18)
(0.983839 -0.0863102 4.11103e-21)
(1.18193 -0.103589 1.40894e-19)
(1.26742 -0.0588929 6.1163e-20)
(1.38674 0.021223 -2.7534e-19)
(1.42298 0.196765 -2.43168e-19)
(1.46212 0.477354 -7.172e-20)
(1.53115 0.722607 7.93321e-20)
(1.61161 0.951021 -2.08613e-19)
(1.68374 1.13047 -1.08669e-18)
(1.61562 1.17233 -7.95162e-18)
(0.974095 -0.117382 -1.44975e-20)
(1.19592 -0.143204 -3.25017e-20)
(1.27686 -0.0924285 -7.63959e-20)
(1.39744 0.00669997 1.40138e-19)
(1.42515 0.195759 2.01091e-19)
(1.49192 0.472922 -6.01157e-20)
(1.61192 0.712032 -1.41501e-19)
(1.7538 0.940167 -1.20231e-18)
(1.90279 1.13246 -1.59939e-18)
(1.89934 1.20867 3.28632e-18)
(0.961923 -0.155992 -4.05593e-19)
(1.21411 -0.192637 1.69986e-20)
(1.28069 -0.138518 -5.77233e-20)
(1.39784 -0.0149269 3.32604e-19)
(1.40401 0.173805 3.44076e-19)
(1.49361 0.428231 -1.67796e-21)
(1.66815 0.647734 -6.67904e-20)
(1.88069 0.865755 -2.89383e-19)
(2.13955 1.07131 2.77089e-19)
(2.28452 1.16079 -3.23418e-19)
(0.949357 -0.196395 -2.78868e-20)
(1.23917 -0.242474 -5.48707e-20)
(1.27953 -0.18292 3.0667e-20)
(1.39296 -0.0335364 2.70181e-20)
(1.37786 0.162604 1.72483e-33)
(1.47028 0.371122 2.5485e-21)
(1.68058 0.561246 -2.04189e-33)
(1.94908 0.759496 1.85312e-19)
(2.30193 0.956352 -9.31062e-19)
(2.58733 1.05843 -6.29298e-19)
(0.937008 -0.243036 1.41152e-18)
(1.27055 -0.282419 -7.74914e-34)
(1.24941 -0.228522 -4.02674e-20)
(1.27097 -0.0363416 -2.28209e-19)
(1.263 0.144482 -4.46964e-19)
(1.38953 0.302328 -8.85935e-19)
(1.61923 0.459952 -5.0683e-33)
(1.92928 0.631016 -1.73808e-18)
(2.32582 0.802057 -3.17737e-18)
(2.75374 0.902569 1.67526e-18)
(0.927283 -0.30054 0)
(1.31621 -0.327201 -1.61883e-33)
(1.11266 -0.20693 0)
(1.10751 -0.0294345 0)
(1.11961 0.115024 0)
(1.2587 0.232782 0)
(1.4897 0.355355 -8.07334e-33)
(1.81506 0.491505 0)
(2.21349 0.634251 -3.3975e-19)
(2.735 0.712 1.25756e-18)
(0.916476 -0.360807 1.16124e-19)
(1.25169 -0.326222 -4.68889e-19)
(0.960013 -0.174024 -5.49648e-20)
(0.93416 -0.0257375 0)
(0.956549 0.0826914 0)
(1.0902 0.165429 6.04898e-20)
(1.30641 0.253851 1.17776e-18)
(1.61599 0.354648 -1.95061e-19)
(1.99673 0.466183 -4.95303e-19)
(2.53247 0.52047 4.673e-18)
(0.883462 -0.405317 -1.52016e-17)
(1.0921 -0.279942 1.08749e-18)
(0.792665 -0.130459 -7.27187e-20)
(0.747141 -0.0210082 -7.54256e-20)
(0.773125 0.0525585 -5.1208e-19)
(0.889637 0.104499 -7.72612e-19)
(1.07637 0.161238 -1.04849e-18)
(1.34607 0.228994 -1.38284e-18)
(1.68763 0.306107 -1.60571e-18)
(2.17994 0.344442 3.6129e-18)
(0.808999 -0.394519 -4.13655e-19)
(0.88648 -0.207589 -1.21643e-18)
(0.605554 -0.0828342 -1.2568e-19)
(0.549754 -0.0152677 -8.41747e-20)
(0.572011 0.0276323 -9.86809e-34)
(0.661664 0.0545299 9.38179e-20)
(0.805491 0.0845604 -1.4858e-32)
(1.01622 0.122926 -1.93435e-19)
(1.29248 0.167303 2.98936e-19)
(1.69929 0.192069 7.0576e-19)
(0.66425 -0.288845 3.42549e-17)
(0.618259 -0.108098 -3.14021e-18)
(0.393379 -0.0351072 -2.40764e-19)
(0.339414 -0.00735763 -1.57421e-19)
(0.35383 0.00926458 3.93773e-19)
(0.410507 0.018353 7.84012e-19)
(0.501221 0.0291796 7.95151e-19)
(0.636737 0.0448794 4.59841e-19)
(0.820756 0.0634545 -1.90394e-19)
(1.10156 0.0762251 3.56935e-18)
(0.336836 -0.0768242 5.58813e-19)
(0.261851 -0.0023049 -6.76604e-33)
(0.144383 0.019077 -3.04979e-19)
(0.120412 0.00335921 0)
(0.123638 -0.00234637 0)
(0.141867 -0.00541234 9.64533e-20)
(0.172382 -0.00624511 9.34348e-35)
(0.220298 -0.00417535 -1.23574e-19)
(0.28813 -0.0016189 -2.826e-19)
(0.399009 0.00331837 1.00157e-18)
(2.00204 1.0964 -1.78979e-18)
(2.23906 1.07845 -2.30495e-18)
(2.44207 1.0291 0)
(2.63707 0.952499 -7.58078e-19)
(2.82358 0.852507 -1.7828e-18)
(2.99276 0.73239 -2.2495e-18)
(3.13709 0.595042 -4.75937e-19)
(3.25054 0.442698 1.26928e-18)
(3.32824 0.276965 -3.54792e-18)
(3.36764 0.0986984 1.35669e-18)
(2.49866 1.14196 2.67718e-19)
(2.73055 1.08191 1.39731e-18)
(2.92386 1.00419 1.43902e-19)
(3.10673 0.909798 6.75768e-19)
(3.2806 0.800659 -1.104e-18)
(3.43997 0.678325 -5.00045e-18)
(3.58096 0.544013 2.46794e-18)
(3.70047 0.399321 1.27035e-17)
(3.79428 0.246325 1.04066e-19)
(3.8587 0.0872573 -1.07365e-17)
(2.87476 1.07316 1.79111e-18)
(3.06543 0.98913 2.62403e-18)
(3.22649 0.897597 -5.04691e-18)
(3.37343 0.797639 9.24456e-19)
(3.50579 0.687256 1.22775e-17)
(3.61899 0.567051 4.2576e-20)
(3.70915 0.439285 -8.19352e-18)
(3.77375 0.308009 -3.67912e-18)
(3.81311 0.178954 7.68502e-18)
(3.8308 0.058994 -1.93423e-18)
(3.05714 0.918531 7.61355e-19)
(3.17993 0.829444 0)
(3.28262 0.737529 -4.57447e-19)
(3.37222 0.644261 4.15485e-18)
(3.44793 0.547875 4.51148e-18)
(3.50972 0.448919 -1.22408e-18)
(3.5581 0.348735 -2.70065e-18)
(3.59356 0.248274 -1.80736e-18)
(3.61631 0.148362 1.03238e-18)
(3.62761 0.0499281 1.05504e-18)
(3.00945 0.72338 1.07445e-18)
(3.0755 0.651223 -1.1109e-18)
(3.13498 0.578097 -2.20911e-18)
(3.18814 0.50378 9.17193e-19)
(3.23345 0.427349 2.83614e-20)
(3.27113 0.348993 -7.9178e-19)
(3.30101 0.269712 2.98427e-18)
(3.32281 0.190731 -3.00886e-18)
(3.33662 0.113171 -7.64391e-20)
(3.34331 0.0376593 3.01393e-18)
(2.7698 0.53004 -2.90541e-18)
(2.80306 0.477759 -2.97462e-18)
(2.83898 0.42332 9.38873e-19)
(2.8717 0.366594 3.69834e-18)
(2.89901 0.30843 4.24189e-19)
(2.92124 0.249867 4.09728e-19)
(2.93848 0.191861 1.83908e-18)
(2.95078 0.1351 -1.65805e-18)
(2.95845 0.0799404 -8.59526e-19)
(2.96215 0.026304 -9.87855e-19)
(2.38012 0.349284 1.32881e-20)
(2.39523 0.314516 -7.05892e-20)
(2.41743 0.278086 6.5262e-20)
(2.43765 0.239788 2.53994e-18)
(2.45371 0.200674 2.41555e-18)
(2.46615 0.161757 -3.10508e-18)
(2.47534 0.123703 -2.58174e-18)
(2.48158 0.0868474 1.59135e-18)
(2.48528 0.0512391 1.73787e-18)
(2.48699 0.0166348 8.00909e-19)
(1.85839 0.192004 -1.47964e-18)
(1.86414 0.172716 -7.01464e-20)
(1.87785 0.152586 3.45557e-18)
(1.89019 0.131247 9.64366e-20)
(1.89939 0.109421 -1.44904e-18)
(1.90596 0.0878197 -6.95262e-19)
(1.91035 0.0668752 -1.65009e-18)
(1.91296 0.0467663 8.47919e-19)
(1.91426 0.0274629 1.73692e-18)
(1.91472 0.00875954 1.60168e-18)
(1.21065 0.0734017 -3.04205e-18)
(1.21292 0.0660818 -1.78004e-19)
(1.22135 0.0583853 2.07506e-18)
(1.22882 0.0500709 -1.25843e-18)
(1.23404 0.041535 -2.28729e-18)
(1.23739 0.0331307 -2.03354e-19)
(1.23928 0.0250634 2.33029e-18)
(1.24008 0.0174094 1.55722e-18)
(1.24022 0.0101398 -2.1277e-20)
(1.24008 0.00314507 -7.88693e-19)
(0.441964 0.0050253 3.28515e-19)
(0.443306 0.00433337 -4.96755e-20)
(0.447444 0.00353376 2.47043e-20)
(0.450901 0.00304127 0)
(0.453192 0.00258004 2.63882e-18)
(0.454558 0.00208069 2.53211e-20)
(0.455209 0.00157557 -2.00716e-18)
(0.455362 0.00108874 1.40076e-18)
(0.455246 0.000625117 -2.11915e-18)
(0.455059 0.000179647 -2.0965e-18)
(0.147231 0.00555283 -3.25968e-19)
(0.385792 0.0128874 2.34766e-19)
(0.585421 0.0177259 -1.98212e-19)
(0.752305 0.0205299 1.37923e-18)
(0.884771 0.0227324 -3.83308e-19)
(1.00981 0.0226215 -1.4081e-18)
(0.967492 0.016831 0)
(0.87671 0.0144783 4.75053e-19)
(0.761472 0.0105879 -3.42058e-19)
(0.618719 0.00686611 -4.05357e-20)
(0.141844 0.0161394 -1.46393e-19)
(0.373281 0.0375899 -1.72114e-19)
(0.568265 0.0519018 2.04079e-19)
(0.732143 0.0603197 -4.53374e-21)
(0.863284 0.0667876 -5.06773e-19)
(0.984516 0.0667146 -2.55756e-18)
(0.962985 0.0515504 -1.6189e-18)
(0.874412 0.0440585 -4.70114e-20)
(0.766221 0.0329441 5.87969e-19)
(0.631251 0.0219592 -9.75187e-19)
(0.131632 0.0252209 -1.2647e-19)
(0.349456 0.0590751 -5.53951e-19)
(0.535421 0.0821208 -3.56708e-19)
(0.693216 0.0961221 -1.6771e-19)
(0.822053 0.105929 -1.67044e-18)
(0.933813 0.107334 -1.11551e-18)
(0.952021 0.0903596 3.87566e-19)
(0.868345 0.0747662 -1.26431e-18)
(0.772427 0.0582669 -1.37177e-19)
(0.651139 0.0406088 7.66995e-19)
(0.117631 0.0320903 3.02018e-20)
(0.316561 0.0758634 -4.19127e-19)
(0.489758 0.106583 -3.82903e-19)
(0.63893 0.126152 1.73956e-19)
(0.764104 0.138714 1.80292e-20)
(0.867492 0.143756 1.15261e-18)
(0.923286 0.132364 7.34385e-19)
(0.857174 0.106113 -2.61909e-21)
(0.775276 0.0867005 -5.75729e-19)
(0.671472 0.0636329 1.84035e-19)
(0.10142 0.0365224 2.21718e-19)
(0.277876 0.0874791 -8.00397e-20)
(0.435285 0.124672 8.2052e-19)
(0.573679 0.149685 -9.54194e-20)
(0.692976 0.165606 -1.09306e-18)
(0.791308 0.174707 1.14426e-20)
(0.864247 0.170081 3.0493e-19)
(0.837306 0.139383 9.22904e-19)
(0.769571 0.117231 9.9382e-20)
(0.685627 0.0910668 -9.24144e-19)
(0.0848414 0.0387848 -6.94263e-20)
(0.23713 0.0941467 3.19714e-19)
(0.376482 0.136235 3.87052e-19)
(0.502129 0.166102 -1.00662e-18)
(0.612883 0.185909 5.28709e-19)
(0.706241 0.197747 1.00982e-19)
(0.779772 0.198771 -6.80069e-19)
(0.800602 0.176427 -1.14638e-18)
(0.753 0.148522 3.03483e-19)
(0.688714 0.122027 9.39658e-19)
(0.06958 0.0396877 -5.84364e-20)
(0.197598 0.0969052 3.49201e-19)
(0.317295 0.141884 -8.02006e-19)
(0.428865 0.175627 -4.97887e-19)
(0.5295 0.199246 1.09844e-18)
(0.615662 0.213561 -1.16326e-19)
(0.685337 0.218298 -2.54901e-18)
(0.730402 0.208232 1.75206e-18)
(0.721146 0.180382 -7.78489e-21)
(0.67676 0.153355 -1.34958e-18)
(0.0570593 0.0407018 -1.41049e-19)
(0.161743 0.0975136 -7.27029e-20)
(0.260221 0.142857 -3.07317e-19)
(0.357104 0.179285 1.37497e-18)
(0.447814 0.206317 1.39993e-19)
(0.524768 0.223263 -2.5619e-19)
(0.587896 0.230173 7.38703e-19)
(0.636012 0.226193 7.74656e-19)
(0.66033 0.210645 -1.80892e-19)
(0.647475 0.183616 -4.34149e-19)
(0.0487542 0.0440353 1.2073e-20)
(0.131911 0.0976726 -1.09676e-21)
(0.207407 0.139861 1.6795e-19)
(0.288274 0.177326 5.51521e-19)
(0.370943 0.207861 2.12127e-19)
(0.439115 0.227459 4.27007e-19)
(0.493235 0.236225 4.0918e-19)
(0.537319 0.234347 -6.57965e-19)
(0.568803 0.226444 -7.26814e-19)
(0.586501 0.211058 -2.31387e-20)
(0.0451262 0.0509935 9.16362e-20)
(0.110027 0.0976133 0)
(0.16344 0.133201 8.88312e-20)
(0.225767 0.168973 1.53355e-19)
(0.300371 0.203284 -1.24452e-18)
(0.361356 0.226157 -2.40504e-20)
(0.407257 0.236258 -1.48006e-19)
(0.444724 0.235563 1.43177e-19)
(0.474527 0.228107 -3.57751e-19)
(0.496663 0.220962 -1.45871e-18)
(0.0431126 0.0559082 -2.29423e-20)
(0.0931281 0.094644 0)
(0.13079 0.124189 2.64333e-19)
(0.176684 0.156652 -4.97139e-19)
(0.239483 0.193236 -6.52702e-19)
(0.291989 0.218503 1.47086e-19)
(0.330966 0.228628 -9.67754e-20)
(0.362313 0.228038 -3.2022e-19)
(0.387519 0.219866 -1.31915e-19)
(0.406773 0.208421 -6.31267e-20)
(0.040482 0.0547445 4.35663e-20)
(0.0780243 0.0887589 2.09946e-19)
(0.106751 0.115541 -2.8642e-21)
(0.141482 0.145399 7.87602e-20)
(0.191333 0.18146 5.80624e-20)
(0.233112 0.20432 5.44823e-19)
(0.265742 0.212 -5.45843e-19)
(0.29334 0.211233 2.22669e-19)
(0.317563 0.204932 3.04256e-19)
(0.337959 0.194958 -1.59252e-19)
(0.0350787 0.0498208 -1.17126e-20)
(0.0635427 0.0821821 -8.87218e-20)
(0.0870173 0.108702 -3.90429e-19)
(0.114478 0.136664 2.31026e-19)
(0.15261 0.167383 -1.32909e-19)
(0.183935 0.182378 1.89827e-19)
(0.210643 0.18532 3.47672e-19)
(0.234893 0.182161 -1.38183e-20)
(0.257355 0.174939 -1.54336e-21)
(0.277219 0.164996 -1.82398e-20)
(0.0279948 0.0442945 1.64318e-20)
(0.0501661 0.0759647 1.17085e-19)
(0.0697401 0.102708 1.88443e-19)
(0.0924903 0.127096 3.33282e-20)
(0.120776 0.145453 1.07871e-19)
(0.144711 0.150766 1.11473e-20)
(0.167677 0.148764 -1.12816e-20)
(0.189937 0.142772 1.896e-19)
(0.211305 0.133821 9.52719e-20)
(0.230795 0.122668 -1.16365e-21)
(0.0208066 0.0388846 1.2765e-19)
(0.0381275 0.0697783 -8.34401e-20)
(0.0551166 0.0944973 -6.25865e-20)
(0.0748044 0.108414 -5.37458e-20)
(0.0961488 0.111666 -4.21973e-19)
(0.116655 0.108667 4.25423e-21)
(0.137987 0.101721 3.19733e-19)
(0.159256 0.0922827 9.02841e-20)
(0.180136 0.0807996 1.35059e-20)
(0.199813 0.0677234 1.04939e-21)
(0.0129979 0.0330431 -2.15295e-19)
(0.0276481 0.0621768 -6.23219e-19)
(0.0445005 0.0767764 1.70574e-19)
(0.0617622 0.0745778 -2.02568e-19)
(0.0801337 0.0673684 -3.01576e-19)
(0.099968 0.0577311 4.30276e-19)
(0.120801 0.0462178 -2.63973e-19)
(0.141924 0.0331613 -1.72024e-19)
(0.163022 0.0187073 8.05705e-20)
(0.183487 0.0031701 -2.88423e-20)
(0.00599743 0.027717 4.24676e-20)
(0.0205975 0.0478891 -2.41309e-19)
(0.0369885 0.0420595 -1.4848e-18)
(0.0531809 0.0299625 5.34682e-19)
(0.0717457 0.0160987 6.80644e-19)
(0.0917332 0.00120393 -1.61222e-21)
(0.112779 -0.0148057 -5.44639e-19)
(0.134478 -0.03188 -2.4652e-20)
(0.156498 -0.0498007 1.74236e-19)
(0.178275 -0.0681671 3.98724e-20)
(0.00388723 0.022986 3.18011e-19)
(0.0170475 0.0167897 1.18497e-18)
(0.0320233 -0.000236258 1.15219e-18)
(0.0486054 -0.0186542 -1.91552e-19)
(0.0677155 -0.0379616 -3.96513e-19)
(0.0884208 -0.058206 -7.9355e-20)
(0.110617 -0.0794491 0)
(0.133771 -0.101141 1.5843e-19)
(0.157325 -0.122688 3.43587e-20)
(0.180803 -0.143945 -2.9538e-20)
(0.00533981 0.00568789 -7.37467e-19)
(0.0148682 -0.0191654 7.99744e-19)
(0.0285617 -0.0424639 1.15656e-18)
(0.0456818 -0.0672517 -6.26543e-19)
(0.0657644 -0.09324 -4.19544e-19)
(0.0885535 -0.120591 1.32951e-19)
(0.113006 -0.147834 -4.84019e-19)
(0.138112 -0.173682 -2.39971e-19)
(0.163509 -0.198264 1.84381e-19)
(0.189202 -0.222399 1.33729e-19)
(-0.00216671 -0.0138569 1.11847e-19)
(0.00952294 -0.0484096 -4.15972e-19)
(0.0238674 -0.082217 -4.73304e-20)
(0.0431186 -0.116812 -1.5794e-19)
(0.0668989 -0.152629 1.85294e-19)
(0.0933085 -0.187338 1.43312e-19)
(0.120247 -0.218633 4.65254e-20)
(0.147454 -0.247325 -6.30404e-20)
(0.175514 -0.275305 -1.26227e-19)
(0.204601 -0.303099 -9.86824e-20)
(0.382368 0.124522 -6.22061e-19)
(0.388 0.0133147 -3.69722e-21)
(0.511627 -0.0461027 -6.34401e-20)
(0.594322 -0.0484479 -1.16018e-19)
(0.655892 -0.0271558 1.82859e-19)
(0.682295 -0.00621337 4.33392e-20)
(0.682649 0.00657605 3.5116e-20)
(0.67052 0.010817 2.12791e-20)
(0.657404 0.0106352 1.72299e-19)
(0.642537 0.00778702 0)
(0.33827 0.0970125 8.08161e-20)
(0.398578 -0.0268618 -1.56042e-20)
(0.568362 -0.078917 -2.78783e-20)
(0.676917 -0.0651034 -2.27546e-19)
(0.750448 -0.0346394 2.64596e-19)
(0.782399 -0.00733365 -1.17903e-20)
(0.785089 0.00908092 6.22242e-21)
(0.773872 0.0144313 1.26267e-19)
(0.76133 0.0141948 6.22188e-20)
(0.747515 0.010254 -2.86167e-20)
(0.302174 0.0606678 7.79585e-20)
(0.420014 -0.0737638 -3.1833e-19)
(0.612093 -0.116364 3.26529e-19)
(0.752152 -0.086616 1.62767e-19)
(0.841554 -0.0441774 -6.59004e-20)
(0.880242 -0.00910165 -1.02549e-19)
(0.885511 0.0116227 4.31689e-20)
(0.875101 0.018305 1.69363e-19)
(0.862925 0.0179854 -1.5016e-19)
(0.850138 0.0129433 -2.19044e-20)
(0.278427 0.0110788 -2.66685e-19)
(0.447196 -0.127849 1.65197e-19)
(0.649001 -0.160062 -1.51067e-19)
(0.816293 -0.115231 6.00898e-19)
(0.926113 -0.0570535 1.24315e-19)
(0.973983 -0.0119586 -4.42841e-20)
(0.982789 0.0139559 1.76934e-19)
(0.973542 0.0222595 -2.08494e-21)
(0.961825 0.0218512 -6.74433e-20)
(0.95021 0.0157049 1.09097e-20)
(0.269057 -0.0501558 4.59537e-19)
(0.475989 -0.187554 -7.29664e-19)
(0.683504 -0.208345 -8.38386e-21)
(0.869004 -0.150067 3.81368e-19)
(1.00096 -0.0746719 4.33066e-19)
(1.06197 -0.0166049 1.25641e-19)
(1.07607 0.0157647 -7.84935e-20)
(1.06868 0.0260973 -3.76321e-20)
(1.0577 0.0256242 -1.42408e-21)
(1.04751 0.0183618 1.68576e-20)
(0.271614 -0.119803 3.54268e-20)
(0.50479 -0.252106 -5.343e-19)
(0.717646 -0.260859 1.597e-19)
(0.913078 -0.190035 4.91197e-20)
(1.06337 -0.0982953 -8.26428e-19)
(1.14188 -0.0242994 1.83123e-20)
(1.16414 0.0164783 -2.91221e-19)
(1.15985 0.029516 1.21126e-20)
(1.15014 0.0290949 -4.1308e-20)
(1.14179 0.0207409 0)
(0.282504 -0.195363 -5.91368e-19)
(0.533898 -0.320611 7.52103e-19)
(0.752263 -0.316704 6.10247e-21)
(0.951595 -0.234074 5.71417e-19)
(1.11305 -0.127848 -7.1131e-19)
(1.21105 -0.0366249 3.32374e-19)
(1.24553 0.0152486 1.63931e-19)
(1.24624 0.0321099 -9.09307e-20)
(1.23868 0.0320121 -2.75268e-21)
(1.23274 0.0226683 -1.77316e-20)
(0.299577 -0.275216 7.30198e-19)
(0.564625 -0.392292 -1.61401e-19)
(0.788006 -0.375139 1.87455e-20)
(0.986773 -0.281244 3.92952e-20)
(1.15252 -0.16214 1.58761e-19)
(1.26701 -0.0548691 8.1617e-20)
(1.31825 0.0109064 2.38309e-19)
(1.32685 0.0333392 -3.58748e-20)
(1.32269 0.034076 2.07191e-20)
(1.31997 0.0239668 2.53631e-20)
(0.323034 -0.358342 -5.11801e-20)
(0.598705 -0.466414 4.04063e-19)
(0.825886 -0.435378 1.24674e-20)
(1.02019 -0.330518 -9.49065e-19)
(1.18515 -0.19978 2.74405e-19)
(1.30912 -0.0790652 -8.53163e-20)
(1.37978 0.00203301 -1.76372e-20)
(1.40026 0.032472 -3.48143e-20)
(1.40137 0.0349106 -1.10877e-20)
(1.40299 0.0244402 6.10881e-20)
(0.355825 -0.444172 -7.35826e-19)
(0.638087 -0.542147 5.93804e-20)
(0.867326 -0.496562 -3.0322e-20)
(1.0533 -0.380844 2.29806e-19)
(1.21372 -0.239489 6.61392e-19)
(1.33964 -0.107815 3.69509e-20)
(1.42741 -0.0126487 2.15277e-19)
(1.46449 0.0285127 -8.62262e-20)
(1.47356 0.0340454 -7.73411e-21)
(1.48108 0.0238792 -8.87953e-21)
(0.0821809 -0.00679222 -3.17747e-19)
(0.0556409 -0.00484951 2.42423e-19)
(0.0542876 0.000470493 2.05951e-20)
(0.0606221 0.000880942 6.59718e-20)
(0.0658328 0.000598972 -8.83397e-20)
(0.0676163 0.000120079 -8.30665e-21)
(0.0670589 -0.000190508 5.72047e-20)
(0.065433 -0.000278629 -1.85177e-20)
(0.0639188 -0.000386439 -8.03039e-21)
(0.0618368 -0.000153363 1.41427e-20)
(0.230537 0.0141616 3.30846e-18)
(0.155404 0.00608207 7.28524e-19)
(0.156969 -0.00144689 -2.08226e-19)
(0.178251 -0.00348111 5.47205e-20)
(0.194051 -0.00178662 -1.42678e-19)
(0.199589 -0.000286132 -2.87773e-20)
(0.198105 0.000567929 4.18455e-20)
(0.193404 0.000855602 -1.30851e-20)
(0.188881 0.000708574 6.84277e-20)
(0.183037 0.000760378 4.84679e-20)
(0.35672 0.0391015 7.70621e-19)
(0.243139 0.0150619 -2.27559e-20)
(0.256568 -0.00614217 1.83178e-20)
(0.292339 -0.0102508 8.65592e-34)
(0.318805 -0.00544635 -2.63676e-20)
(0.328479 -0.000971142 0)
(0.326402 0.00162098 2.3182e-20)
(0.31889 0.00245661 -3.03429e-33)
(0.31149 0.00222458 5.05318e-35)
(0.302262 0.00198435 1.3844e-20)
(0.437577 0.081369 -1.46249e-18)
(0.316228 0.0253485 5.40601e-21)
(0.349213 -0.0134646 0)
(0.400594 -0.0198206 2.77314e-19)
(0.438539 -0.0108813 0)
(0.453162 -0.00211749 0)
(0.451075 0.00307522 0)
(0.441149 0.00474377 -4.59485e-20)
(0.431082 0.00447181 2.11476e-21)
(0.418965 0.00360698 -1.9859e-20)
(0.420529 0.11805 -1.51014e-19)
(0.389994 0.0325068 5.40408e-21)
(0.439948 -0.023683 0)
(0.504109 -0.0327197 -1.50405e-19)
(0.553462 -0.0185514 5.76097e-20)
(0.573559 -0.00403383 0)
(0.571977 0.00474567 0)
(0.560073 0.00760972 -6.36531e-20)
(0.547656 0.00735608 -2.56966e-21)
(0.533221 0.00556429 -6.69395e-22)
(0.0639681 -2.77967e-05 -3.0818e-20)
(0.0669366 -7.0943e-05 -3.01716e-20)
(0.0720745 -8.10229e-05 2.53875e-20)
(0.0782242 -9.11106e-05 -5.67109e-19)
(0.0842469 -0.000189685 -4.78754e-19)
(0.0893095 -0.000562555 -1.80191e-19)
(0.0931109 -0.00146536 -3.36665e-19)
(0.0955441 -0.00289602 1.4423e-19)
(0.096575 -0.00409296 -1.64365e-19)
(0.098394 -0.00313316 -1.80845e-19)
(0.182785 0.000417715 -7.72364e-20)
(0.190555 0.00141764 1.73669e-21)
(0.203991 0.00288503 -1.31986e-19)
(0.220018 0.00498381 -8.83251e-19)
(0.235712 0.00781294 2.17254e-19)
(0.249077 0.0112407 -4.71779e-20)
(0.259292 0.0149514 1.66751e-19)
(0.265998 0.0191382 3e-20)
(0.269507 0.0243144 9.61274e-20)
(0.27396 0.0327393 -3.85815e-20)
(0.293411 0.00131722 -9.23644e-20)
(0.30517 0.00434344 3.16807e-20)
(0.32526 0.00848645 -3.8223e-19)
(0.348885 0.0141698 -3.19943e-20)
(0.371652 0.021643 4.15151e-19)
(0.390611 0.0307332 8.08319e-19)
(0.40418 0.0409061 8.96951e-19)
(0.411664 0.0520988 -1.25215e-18)
(0.414044 0.064676 -1.82762e-18)
(0.416985 0.0822515 -1.45636e-18)
(0.395993 0.00249487 -5.50408e-20)
(0.410624 0.00825696 3.47711e-20)
(0.435281 0.0161252 -2.49447e-19)
(0.463639 0.0267891 9.92283e-19)
(0.489946 0.0405501 7.4485e-19)
(0.510271 0.0570845 1.10488e-19)
(0.522194 0.0753058 -8.59214e-19)
(0.525131 0.0941507 -8.43588e-19)
(0.520756 0.113204 2.47918e-19)
(0.515345 0.139298 1.72699e-18)
(0.490722 0.00410672 1.80249e-19)
(0.50757 0.0135024 1.97916e-19)
(0.535386 0.0260907 5.2971e-19)
(0.566248 0.0428913 1.49826e-18)
(0.592933 0.0642756 3.64244e-19)
(0.610444 0.0897393 -1.51985e-18)
(0.615275 0.117262 -1.55164e-18)
(0.606571 0.14352 2.04811e-19)
(0.585338 0.170718 1.15132e-18)
(0.546119 0.205443 -2.20407e-21)
(0.405094 -0.204792 -6.18506e-21)
(0.385559 -0.216712 -3.78977e-21)
(0.360315 -0.2257 2.44468e-19)
(0.329502 -0.227658 -8.33074e-20)
(0.291679 -0.2195 -2.58597e-19)
(0.240357 -0.195932 1.087e-19)
(0.177361 -0.159181 -6.84685e-19)
(0.131449 -0.126153 1.64985e-19)
(0.0937893 -0.0961463 -8.25387e-21)
(0.0436336 -0.0567326 -1.83641e-19)
(0.337947 -0.18702 -8.16598e-22)
(0.317004 -0.197785 -1.93905e-19)
(0.292388 -0.205223 -6.42026e-19)
(0.264833 -0.207687 6.1434e-19)
(0.233098 -0.202688 1.35858e-18)
(0.192603 -0.183297 4.8638e-20)
(0.14222 -0.148164 1.51704e-20)
(0.107449 -0.117946 2.92749e-20)
(0.0790206 -0.0909993 2.61691e-19)
(0.041443 -0.0565608 -4.36315e-20)
(0.280608 -0.151039 -2.47719e-20)
(0.259828 -0.161955 0)
(0.236538 -0.170492 1.2101e-20)
(0.211579 -0.17544 -6.52065e-19)
(0.184615 -0.175098 -1.53651e-20)
(0.153825 -0.164369 6.33475e-19)
(0.115582 -0.137993 6.91567e-19)
(0.0880324 -0.111003 2.71085e-19)
(0.0648914 -0.0848853 -3.22787e-19)
(0.0365616 -0.0524663 1.39955e-19)
(0.238687 -0.101382 -3.28983e-20)
(0.217837 -0.113504 1.5045e-20)
(0.195187 -0.123791 -8.25455e-20)
(0.171569 -0.131485 1.5097e-19)
(0.147151 -0.135742 7.94897e-19)
(0.12234 -0.133854 4.91531e-19)
(0.0943218 -0.122642 1.26479e-19)
(0.0713621 -0.103143 5.70157e-19)
(0.0516855 -0.0783503 0)
(0.0296153 -0.0469845 0)
(0.211961 -0.0390766 9.47643e-20)
(0.190525 -0.0530317 1.50636e-19)
(0.16798 -0.0657332 1.39502e-19)
(0.144984 -0.0766442 7.71393e-21)
(0.121816 -0.0854426 0)
(0.0994731 -0.0912452 -2.24061e-20)
(0.0777301 -0.0934018 -4.57822e-20)
(0.0579624 -0.0888284 -1.00724e-19)
(0.0395079 -0.0700242 2.45301e-19)
(0.0211642 -0.0402504 1.04528e-19)
(0.198146 0.032291 -5.40217e-20)
(0.17566 0.0159456 1.53316e-20)
(0.15261 0.000187244 2.028e-19)
(0.129614 -0.014445 0)
(0.107041 -0.0276759 0)
(0.0855075 -0.0394901 0)
(0.0655501 -0.0499729 -5.93692e-19)
(0.0478435 -0.0583718 6.86352e-19)
(0.0293541 -0.0567548 4.00984e-19)
(0.011378 -0.032696 3.15421e-19)
(0.193127 0.109835 1.06855e-19)
(0.169276 0.0908988 2.704e-19)
(0.145143 0.0716637 8.00288e-22)
(0.121291 0.0524457 -1.1522e-19)
(0.0982842 0.0339375 1.51606e-20)
(0.0766893 0.0167087 -4.20782e-19)
(0.0566349 0.000607046 3.19143e-19)
(0.0390809 -0.0144703 1.45276e-18)
(0.0225978 -0.0275978 -3.08604e-19)
(0.00645571 -0.0268612 -3.40137e-19)
(0.193373 0.190746 1.17676e-19)
(0.16787 0.169272 -7.86587e-21)
(0.142463 0.147262 -8.56678e-20)
(0.117219 0.123894 1.11934e-19)
(0.092536 0.0991859 -1.89275e-19)
(0.0694329 0.0746819 -6.86557e-19)
(0.0489145 0.0520004 1.99525e-19)
(0.0313778 0.0308956 8.47251e-19)
(0.0171087 0.0111685 -3.84318e-19)
(0.00687635 -0.00977512 -1.23151e-19)
(0.197621 0.273626 -2.16757e-20)
(0.169603 0.24882 -5.97399e-20)
(0.142482 0.224012 5.68591e-20)
(0.115967 0.198444 3.18826e-19)
(0.0895089 0.169976 -1.17108e-20)
(0.0633977 0.137815 2.9492e-20)
(0.0398499 0.10484 9.67293e-19)
(0.0210741 0.073914 -4.49066e-19)
(0.00756719 0.0439575 -9.54699e-20)
(-0.00308305 0.0123044 1.3301e-19)
(0.210602 0.360428 -2.01986e-19)
(0.179012 0.331019 -7.9456e-21)
(0.148528 0.300926 1.74284e-19)
(0.119959 0.27154 0)
(0.0928512 0.241701 -1.02853e-19)
(0.0655921 0.207152 -1.76774e-20)
(0.0385931 0.164322 2.31166e-19)
(0.0159256 0.115298 -3.63256e-20)
(0.0027856 0.0646995 -1.28152e-20)
(-0.00393789 0.0194108 -3.67077e-20)
(0.618723 -0.00684952 5.94573e-19)
(0.761467 -0.0105723 -4.43447e-19)
(0.876695 -0.0144693 2.57215e-19)
(0.967472 -0.0168248 -1.63206e-20)
(1.00977 -0.0226773 -6.53478e-19)
(0.884766 -0.0227939 -1.76648e-18)
(0.75231 -0.0205796 2.11379e-19)
(0.585437 -0.0177653 2.42615e-20)
(0.385812 -0.0129088 -2.75707e-20)
(0.147244 -0.00555502 6.27755e-19)
(0.631253 -0.0219484 -7.44052e-20)
(0.766197 -0.032936 -2.23429e-20)
(0.874362 -0.0440566 -1.05618e-18)
(0.962921 -0.0515634 4.00706e-21)
(0.984412 -0.0667663 2.16524e-18)
(0.863271 -0.0668401 -2.00053e-19)
(0.732159 -0.0603682 -2.4611e-18)
(0.568311 -0.0519415 1.33347e-20)
(0.373337 -0.0376142 -1.4866e-19)
(0.14188 -0.0161447 4.86393e-19)
(0.651122 -0.0406038 4.07408e-19)
(0.772371 -0.0582665 9.72642e-20)
(0.868256 -0.0747719 -4.15528e-19)
(0.951894 -0.090393 -1.15111e-18)
(0.933723 -0.107394 1.37825e-18)
(0.822042 -0.105981 1.40666e-18)
(0.69325 -0.0961736 5.94023e-19)
(0.535495 -0.0821649 -6.60619e-20)
(0.349543 -0.059106 2.23762e-19)
(0.131687 -0.0252318 2.3435e-21)
(0.671415 -0.0636333 -5.74068e-19)
(0.775169 -0.0867048 4.86966e-19)
(0.857022 -0.106128 7.21512e-19)
(0.92308 -0.132396 -9.65775e-19)
(0.867446 -0.143832 1.45913e-18)
(0.764114 -0.138784 -5.67264e-19)
(0.638995 -0.126215 2.77579e-20)
(0.489863 -0.106638 4.21883e-19)
(0.316674 -0.0759054 7.26333e-19)
(0.117699 -0.0321085 -9.19545e-20)
(0.685516 -0.0910661 3.81157e-19)
(0.76941 -0.117233 -8.50232e-20)
(0.837065 -0.139412 4.43926e-19)
(0.864032 -0.170125 1.09518e-18)
(0.791298 -0.174813 3.5867e-20)
(0.693023 -0.165708 1.60018e-18)
(0.573781 -0.149768 -1.3678e-18)
(0.435418 -0.124743 -6.01279e-19)
(0.27801 -0.0875349 -5.73497e-19)
(0.101496 -0.036548 -3.21769e-19)
(0.688562 -0.121976 -7.8837e-19)
(0.752779 -0.148498 6.52595e-19)
(0.800183 -0.176427 -2.38313e-18)
(0.779603 -0.198877 -6.79027e-19)
(0.706275 -0.197947 7.86567e-19)
(0.612992 -0.186093 1.04337e-18)
(0.502276 -0.166241 3.23041e-19)
(0.376645 -0.136344 -1.41854e-19)
(0.23728 -0.094226 -4.40769e-19)
(0.0849231 -0.0388189 -2.2858e-19)
(0.676627 -0.153167 2.00013e-18)
(0.720724 -0.18031 -4.65281e-19)
(0.729667 -0.208141 1.73312e-18)
(0.685131 -0.218498 -3.45281e-18)
(0.615748 -0.213958 -1.25043e-18)
(0.529684 -0.199619 3.42156e-19)
(0.429059 -0.175905 1.85742e-19)
(0.317494 -0.142082 -2.31181e-19)
(0.197778 -0.097038 4.00258e-19)
(0.0696772 -0.0397366 -1.04662e-19)
(0.647143 -0.183304 -8.97473e-20)
(0.65911 -0.210363 -1.73576e-19)
(0.634967 -0.226022 -4.67357e-19)
(0.587575 -0.230553 8.35547e-19)
(0.524886 -0.224003 1.10572e-18)
(0.448049 -0.207047 -2.75012e-20)
(0.357345 -0.179836 -2.33157e-19)
(0.260494 -0.143243 -7.77567e-20)
(0.161999 -0.0977628 2.20015e-21)
(0.0572007 -0.0407819 2.16306e-19)
(0.584908 -0.210253 -1.08528e-19)
(0.566837 -0.225584 -9.89784e-19)
(0.535891 -0.234029 -6.91209e-21)
(0.492672 -0.236758 3.66311e-19)
(0.439136 -0.228632 -5.42475e-19)
(0.371209 -0.209135 1.49293e-18)
(0.288635 -0.178346 7.7169e-19)
(0.207862 -0.140597 -1.70071e-19)
(0.132312 -0.098153 -3.52478e-20)
(0.0489703 -0.0441726 1.19516e-19)
(0.494577 -0.218891 -9.72594e-19)
(0.472379 -0.226388 -3.62634e-19)
(0.442939 -0.234644 -1.48777e-20)
(0.406255 -0.236484 -3.24059e-20)
(0.361179 -0.227557 1.01751e-20)
(0.300835 -0.205255 -1.22283e-18)
(0.226374 -0.1707 4.97064e-19)
(0.164081 -0.134492 7.39285e-20)
(0.110551 -0.098487 5.10811e-21)
(0.0454331 -0.051263 5.16876e-20)
(0.912185 0.406476 -7.48078e-18)
(1.15666 0.253956 -2.54698e-19)
(0.777721 0.17193 -1.36214e-19)
(0.72692 0.0729258 1.76467e-19)
(0.662731 0.0260869 -2.63642e-20)
(0.650566 0.0180892 1.96314e-20)
(0.609 0.0345292 5.72506e-20)
(0.54032 0.0403545 -6.50063e-20)
(0.433035 -0.00483077 -8.86459e-20)
(0.383918 -0.116618 -2.29132e-19)
(0.935128 0.379275 3.73832e-18)
(1.24834 0.287249 -9.30715e-20)
(0.875869 0.216404 1.38123e-20)
(0.835129 0.0953629 -6.00432e-20)
(0.763907 0.0363259 1.14255e-19)
(0.747477 0.0237864 -1.67843e-19)
(0.697414 0.0461042 9.99753e-20)
(0.607882 0.0676969 -1.5986e-19)
(0.444856 0.0381231 -3.07276e-21)
(0.344627 -0.0821569 -1.37512e-19)
(0.943775 0.34132 3.88502e-18)
(1.31274 0.311184 -1.51767e-19)
(0.965905 0.257311 2.83765e-19)
(0.939071 0.117873 4.36757e-20)
(0.864117 0.0476481 -3.73993e-20)
(0.8432 0.0309586 2.34455e-19)
(0.78157 0.0613874 9.93847e-20)
(0.661091 0.101671 0)
(0.468066 0.0852925 -1.75104e-19)
(0.314432 -0.0389883 -1.79829e-19)
(0.944557 0.297829 -1.71808e-18)
(1.33565 0.323173 -1.17049e-19)
(1.04944 0.292624 -5.18122e-20)
(1.03806 0.139883 2.70071e-20)
(0.962132 0.0598382 -4.31646e-19)
(0.935245 0.0404115 3.56429e-19)
(0.856985 0.083139 -1.61018e-19)
(0.703324 0.1429 3.78759e-19)
(0.49557 0.14053 -4.71899e-19)
(0.297017 0.0173608 4.98132e-19)
(0.944751 0.255555 -2.58011e-20)
(1.29952 0.310004 2.26143e-20)
(1.12655 0.318676 2.08155e-20)
(1.13141 0.160183 -2.32158e-19)
(1.05651 0.0727399 3.47233e-20)
(1.02066 0.0533546 -3.32661e-19)
(0.919942 0.112354 -1.00432e-18)
(0.740193 0.189311 3.80526e-19)
(0.523977 0.201405 4.19602e-19)
(0.292438 0.0843497 9.20867e-19)
(0.948084 0.219213 2.69785e-20)
(1.25935 0.289071 1.98266e-19)
(1.19834 0.332692 3.50296e-20)
(1.21956 0.178839 1.92308e-19)
(1.14506 0.0867597 2.60622e-19)
(1.09539 0.0716581 -2.26031e-19)
(0.970196 0.148479 -1.67253e-19)
(0.774677 0.240697 -3.19028e-19)
(0.551611 0.267555 3.13336e-19)
(0.297172 0.159028 3.58411e-19)
(0.953567 0.188989 0)
(1.22305 0.262747 -2.02249e-19)
(1.23788 0.313257 -1.84738e-20)
(1.2981 0.193472 2.98798e-21)
(1.22417 0.102474 2.11043e-19)
(1.15554 0.0966736 3.01039e-20)
(1.01051 0.190069 3.11244e-19)
(0.807912 0.296284 -2.34967e-19)
(0.578606 0.33807 -4.92587e-21)
(0.307676 0.239317 -6.41703e-19)
(0.959554 0.162931 0)
(1.19496 0.232934 0)
(1.23377 0.282493 -2.3446e-20)
(1.35685 0.203251 -3.02854e-19)
(1.28912 0.119607 1.07617e-20)
(1.20027 0.127652 -2.91589e-19)
(1.04411 0.235844 3.50606e-19)
(0.840631 0.355296 1.44686e-19)
(0.606143 0.412278 4.39324e-21)
(0.322322 0.323878 -4.60288e-19)
(0.965495 0.139603 0)
(1.1728 0.201508 8.31493e-21)
(1.22625 0.253033 1.49532e-20)
(1.35439 0.197686 -7.27425e-21)
(1.33562 0.135744 -7.35512e-20)
(1.23274 0.162312 1.67087e-19)
(1.07365 0.284545 1.06408e-19)
(0.874005 0.416832 1.30152e-19)
(0.636071 0.489426 -1.84909e-21)
(0.342405 0.412013 4.18858e-19)
(0.971222 0.118292 6.02384e-21)
(1.15562 0.171087 -7.67438e-21)
(1.21938 0.221336 -7.9277e-21)
(1.33955 0.18656 5.91941e-20)
(1.36483 0.149183 -7.30049e-21)
(1.2577 0.198474 5.72534e-20)
(1.10135 0.334885 -2.73534e-20)
(0.909691 0.479922 -2.08258e-20)
(0.670546 0.56855 -1.87286e-19)
(0.372223 0.503151 -1.35064e-19)
(0.241427 0.0752596 5.06934e-18)
(0.1815 0.00187054 1.36946e-18)
(0.0928346 -0.011116 -7.30184e-19)
(0.0757555 -0.00239131 3.72838e-20)
(0.066012 -0.00156384 8.05401e-20)
(0.0640733 -0.000467662 7.35191e-20)
(0.060459 -0.000665435 -4.79505e-20)
(0.0558692 -0.00027726 -2.36698e-20)
(0.0568533 0.00453139 -1.81591e-19)
(0.0825458 0.00669029 -7.08399e-20)
(0.529941 0.247872 2.0992e-17)
(0.460008 0.0548463 4.67491e-18)
(0.264638 0.0172207 -4.85157e-19)
(0.21851 0.00809458 6.52593e-19)
(0.193548 0.00212328 2.21784e-19)
(0.189127 0.00158092 8.65052e-20)
(0.178729 0.00229958 -1.81232e-19)
(0.162557 0.00115564 1.82492e-19)
(0.159305 -0.00568386 -6.41493e-19)
(0.231404 -0.013848 -1.28087e-18)
(0.693872 0.352349 1.57352e-19)
(0.689951 0.112169 3.97943e-19)
(0.41731 0.0479515 -4.92977e-20)
(0.355687 0.0212212 -4.83289e-20)
(0.317961 0.00616312 0)
(0.311667 0.00421739 0)
(0.294483 0.00696359 0)
(0.266653 0.00522539 0)
(0.250986 -0.0139878 1.97556e-20)
(0.358269 -0.0379633 5.76618e-20)
(0.79746 0.403405 4.03008e-19)
(0.878361 0.165423 -2.25751e-18)
(0.552126 0.0856957 -6.76898e-19)
(0.486279 0.0367279 0)
(0.438254 0.0115857 0)
(0.430545 0.00782114 0)
(0.405856 0.0137737 0)
(0.36482 0.0121309 0)
(0.328716 -0.0226649 0)
(0.440156 -0.078944 6.6063e-19)
(0.86851 0.418125 -1.69394e-19)
(1.03467 0.21252 -9.26918e-19)
(0.67096 0.127605 0)
(0.611402 0.0539944 2.87426e-19)
(0.554902 0.0180168 0)
(0.54605 0.0124695 0)
(0.513604 0.0231017 1.04807e-19)
(0.460784 0.0216281 -1.62439e-19)
(0.413784 -0.0280087 0)
(0.420722 -0.113931 7.73788e-20)
(0.0985285 0.00309017 -4.33408e-19)
(0.0966517 0.0040723 -1.00709e-19)
(0.0955867 0.00288738 3.19044e-19)
(0.0931399 0.00146325 5.1903e-19)
(0.0893367 0.000562371 1.93086e-19)
(0.084273 0.000189908 -2.946e-19)
(0.0782466 9.16412e-05 -9.22066e-21)
(0.0720909 8.15087e-05 -3.58339e-20)
(0.0669467 7.1284e-05 -7.88397e-20)
(0.0639716 2.80742e-05 7.08848e-20)
(0.274173 -0.0326083 -1.21198e-18)
(0.269625 -0.024256 -7.29657e-19)
(0.266048 -0.0191135 2.91667e-19)
(0.259316 -0.0149449 -3.55053e-19)
(0.249108 -0.0112411 5.39029e-19)
(0.235751 -0.0078134 4.11236e-19)
(0.220059 -0.0049822 1.93136e-19)
(0.204024 -0.00288265 2.01189e-19)
(0.190577 -0.00141515 -2.69764e-19)
(0.182793 -0.000414963 -1.57188e-21)
(0.417227 -0.0817864 3.15692e-19)
(0.414139 -0.0645149 -7.03836e-19)
(0.41167 -0.0520369 -4.92342e-19)
(0.404156 -0.0408925 1.57047e-19)
(0.390611 -0.0307354 -1.16805e-18)
(0.371677 -0.0216451 -1.22865e-19)
(0.348922 -0.0141678 -3.62793e-19)
(0.325297 -0.00848239 2.7262e-19)
(0.305197 -0.00433842 -2.43795e-21)
(0.293421 -0.00131118 -1.84103e-19)
(0.515984 -0.138267 -6.14673e-19)
(0.521004 -0.112683 3.11961e-19)
(0.525144 -0.0939202 -1.03603e-18)
(0.522114 -0.0752493 -8.28705e-19)
(0.510215 -0.0570833 -1.39599e-19)
(0.489933 -0.0405544 -4.02266e-19)
(0.463656 -0.0267873 -3.38459e-19)
(0.435309 -0.0161197 -4.78723e-19)
(0.410648 -0.0082493 5.29233e-19)
(0.396003 -0.00248509 2.09105e-20)
(0.545196 -0.20418 -5.0925e-19)
(0.585382 -0.170214 -6.5204e-19)
(0.606662 -0.143084 2.02072e-18)
(0.615197 -0.117094 4.44102e-19)
(0.610343 -0.0897133 -9.70897e-20)
(0.592875 -0.0642793 1.41722e-19)
(0.566234 -0.0428907 9.15715e-19)
(0.535398 -0.0260848 -2.93632e-19)
(0.507588 -0.0134928 4.4264e-19)
(0.490731 -0.00409375 3.46342e-19)
)
;

boundaryField
{
    left
    {
        type            fixedValue;
        value           uniform (1 0 0);
    }
    right
    {
        type            zeroGradient;
    }
    down
    {
        type            noSlip;
    }
    up
    {
        type            noSlip;
    }
    cylinder
    {
        type            noSlip;
    }
    defaultFaces
    {
        type            empty;
    }
}


// ************************************************************************* //
