/*--------------------------------*- C++ -*----------------------------------*\
  =========                 |
  \\      /  F ield         | OpenFOAM: The Open Source CFD Toolbox
   \\    /   O peration     | Website:  https://openfoam.org
    \\  /    A nd           | Version:  13
     \\/     M anipulation  |
\*---------------------------------------------------------------------------*/
FoamFile
{
    format      ascii;
    class       volVectorField;
    location    "0.26";
    object      U;
}
// * * * * * * * * * * * * * * * * * * * * * * * * * * * * * * * * * * * * * //

dimensions      [0 1 -1 0 0 0 0];

internalField   nonuniform List<vector> 
1800
(
(0.0978066 -0.0883341 -4.49504e-20)
(0.286906 -0.241963 -3.41562e-20)
(0.473983 -0.379057 -4.8506e-19)
(0.657697 -0.500167 1.91446e-19)
(0.836608 -0.60717 7.41964e-20)
(1.0099 -0.70136 -3.91337e-20)
(1.17712 -0.783428 5.55175e-20)
(1.33788 -0.853606 1.97027e-19)
(1.49151 -0.912847 5.92009e-19)
(1.63342 -0.966733 8.09662e-19)
(0.119066 -0.0915069 -7.9135e-20)
(0.344301 -0.247718 -7.70617e-19)
(0.563294 -0.38476 3.78146e-21)
(0.775373 -0.504244 1.25881e-19)
(0.979508 -0.608923 -1.26336e-19)
(1.17521 -0.700685 7.65653e-20)
(1.36229 -0.78076 -2.81016e-19)
(1.54074 -0.850046 -5.01645e-20)
(1.71005 -0.910621 -6.93068e-19)
(1.86777 -0.96692 6.29289e-19)
(0.141656 -0.0923265 4.88246e-20)
(0.403691 -0.247739 2.09294e-19)
(0.653768 -0.382126 5.43395e-19)
(0.89219 -0.497912 -1.90291e-19)
(1.11866 -0.598388 -1.42974e-19)
(1.33321 -0.685807 7.5633e-20)
(1.53605 -0.761688 9.83129e-20)
(1.72741 -0.827262 1.94129e-19)
(1.90717 -0.884744 2.73424e-21)
(2.07416 -0.937782 1.51023e-19)
(0.163912 -0.0897238 -4.5721e-20)
(0.46171 -0.239477 -2.044e-19)
(0.741443 -0.367627 -1.81271e-19)
(1.00453 -0.476984 -1.42327e-19)
(1.25164 -0.571026 1.81342e-19)
(1.48352 -0.652126 -5.71025e-20)
(1.70093 -0.721896 -4.31222e-21)
(1.90453 -0.781599 2.97957e-21)
(2.09454 -0.833327 -1.60318e-19)
(2.27023 -0.880297 -1.06136e-19)
(0.184663 -0.083359 -1.14057e-19)
(0.515907 -0.221813 8.76348e-20)
(0.82331 -0.339438 1.79866e-19)
(1.10933 -0.43907 2.4334e-19)
(1.37564 -0.524076 -2.85066e-19)
(1.62373 -0.596778 -3.58116e-21)
(1.85496 -0.658761 4.25062e-19)
(2.07044 -0.711248 -1.85063e-19)
(2.27084 -0.756139 -1.24005e-19)
(2.45578 -0.796357 -5.37106e-20)
(0.203196 -0.0735022 1.73608e-19)
(0.564486 -0.195205 1.02994e-18)
(0.896813 -0.298081 1.43266e-19)
(1.20354 -0.384741 -5.03198e-19)
(1.48722 -0.458231 -1.7553e-19)
(1.75006 -0.520671 6.37781e-19)
(1.99393 -0.573522 -1.45413e-19)
(2.22039 -0.617891 -4.31682e-19)
(2.43049 -0.655428 -3.16556e-19)
(2.62422 -0.688716 2.6161e-19)
(0.218905 -0.0605932 1.16351e-19)
(0.605763 -0.160705 -7.47665e-19)
(0.959339 -0.245035 -1.08572e-18)
(1.28374 -0.315803 3.83832e-19)
(1.58227 -0.375568 4.50007e-19)
(1.85771 -0.426129 -9.02217e-22)
(2.11243 -0.468737 -6.39773e-19)
(2.34833 -0.504319 2.19333e-19)
(2.56687 -0.534201 -3.64291e-19)
(2.76831 -0.560551 -3.1108e-19)
(0.231243 -0.0451737 -3.42517e-19)
(0.63822 -0.119687 -6.92652e-19)
(1.00852 -0.182298 1.21234e-18)
(1.34681 -0.234703 5.98752e-19)
(1.65698 -0.278854 -2.69791e-19)
(1.94229 -0.316136 -2.11516e-19)
(2.20548 -0.347512 0)
(2.4488 -0.373683 1.16818e-19)
(2.67403 -0.395612 -2.95862e-19)
(2.88176 -0.414955 -7.75018e-20)
(0.239775 -0.0278763 -2.04484e-19)
(0.660675 -0.0737575 5.62467e-19)
(1.04252 -0.1122 1.7105e-19)
(1.39035 -0.14429 -5.12551e-19)
(1.70845 -0.171276 -7.84264e-19)
(2.00043 -0.194051 3.66223e-20)
(2.2693 -0.213241 1.67146e-19)
(2.51758 -0.229287 -5.46871e-19)
(2.74738 -0.242775 -2.89795e-19)
(2.9596 -0.254767 -5.63637e-19)
(0.24427 -0.00940268 4.51456e-19)
(0.672478 -0.024704 3.44205e-19)
(1.06034 -0.0373608 -9.38644e-20)
(1.41308 -0.0477865 -1.2985e-20)
(1.7352 -0.0564589 -3.87543e-19)
(2.03047 -0.0637185 -8.57878e-20)
(2.30212 -0.0698043 -2.90561e-19)
(2.55282 -0.0748835 6.46646e-19)
(2.78487 -0.0791634 1.70998e-19)
(2.99952 -0.0830037 2.29037e-21)
(-0.0024099 -0.0219024 -2.56625e-20)
(0.00871534 -0.0691201 -7.54931e-20)
(0.0248847 -0.119554 -7.22848e-21)
(0.0492475 -0.17003 -3.52511e-20)
(0.077645 -0.215529 -1.26949e-20)
(0.106502 -0.253729 -3.89108e-19)
(0.135479 -0.287601 -1.73844e-20)
(0.166207 -0.320816 1.1536e-19)
(0.198993 -0.354243 1.13315e-20)
(0.232857 -0.38653 -3.73462e-20)
(0.000789841 -0.0246432 -9.64305e-20)
(0.0149012 -0.0847361 -2.03483e-19)
(0.039262 -0.159477 -6.16847e-20)
(0.069327 -0.224322 -1.10577e-19)
(0.099664 -0.274601 -9.99156e-20)
(0.130654 -0.316941 -2.77881e-19)
(0.16466 -0.357819 1.9589e-19)
(0.202338 -0.399142 1.62776e-19)
(0.241874 -0.438998 -2.54684e-19)
(0.281409 -0.475301 8.06744e-20)
(0.00544941 -0.0314168 -8.54673e-20)
(0.0287352 -0.107157 -8.58699e-19)
(0.06287 -0.195617 -1.26836e-19)
(0.0975653 -0.268316 9.59213e-20)
(0.131996 -0.326406 6.77175e-20)
(0.169875 -0.379333 -4.45845e-19)
(0.213225 -0.431267 3.29164e-20)
(0.259487 -0.480697 3.6474e-19)
(0.30589 -0.525083 -3.8473e-19)
(0.351877 -0.564381 -2.57467e-19)
(0.0113456 -0.0409453 -2.11371e-21)
(0.0466235 -0.13075 1.89523e-19)
(0.0896781 -0.225061 1.94672e-21)
(0.133156 -0.306597 -1.20489e-20)
(0.177918 -0.377284 -3.01616e-20)
(0.227438 -0.443152 8.82733e-20)
(0.281358 -0.504821 7.32469e-20)
(0.33598 -0.559993 -1.3575e-19)
(0.390079 -0.608372 9.20089e-21)
(0.444279 -0.650834 -1.04099e-20)
(0.0185 -0.0507633 0)
(0.0672474 -0.152381 5.51654e-21)
(0.121965 -0.253506 -5.05433e-19)
(0.178743 -0.345239 4.83149e-20)
(0.237893 -0.428229 -1.55436e-20)
(0.300643 -0.504629 8.45923e-21)
(0.365469 -0.573798 -2.61437e-20)
(0.429986 -0.63474 -7.61701e-21)
(0.494145 -0.688039 0)
(0.558356 -0.733948 -2.05425e-20)
(0.0273273 -0.0596599 3.17835e-20)
(0.0919087 -0.172858 -1.5389e-19)
(0.161787 -0.282487 -4.47333e-20)
(0.234658 -0.38379 -5.88709e-20)
(0.309777 -0.476573 4.98074e-20)
(0.386788 -0.561258 2.80518e-21)
(0.464298 -0.637316 9.47727e-20)
(0.540996 -0.704449 -2.186e-20)
(0.616971 -0.762846 -6.97771e-19)
(0.692221 -0.811953 -1.00973e-20)
(0.0379826 -0.0676202 6.87722e-22)
(0.121253 -0.192201 5.63366e-20)
(0.20918 -0.310626 -7.92571e-20)
(0.299941 -0.42015 -1.6828e-20)
(0.392146 -0.52059 -7.27631e-20)
(0.484779 -0.611977 -1.14743e-20)
(0.576691 -0.694087 7.9221e-21)
(0.66692 -0.766812 -2.13976e-19)
(0.755492 -0.829837 3.84457e-19)
(0.842268 -0.881801 9.72477e-19)
(0.0503708 -0.0746157 1.53002e-20)
(0.155145 -0.209637 -1.42587e-19)
(0.263476 -0.335988 -2.14646e-19)
(0.373676 -0.452116 8.93498e-20)
(0.484096 -0.558237 -6.4338e-20)
(0.593521 -0.654538 1.00527e-19)
(0.700901 -0.741134 1.99099e-19)
(0.805345 -0.818081 -1.10466e-19)
(0.906934 -0.884812 -3.06556e-19)
(1.00558 -0.939145 7.26176e-19)
(0.0642985 -0.0803709 -2.63125e-20)
(0.193299 -0.224048 -5.78127e-19)
(0.324307 -0.356582 5.24516e-19)
(0.455685 -0.477243 3.37781e-19)
(0.585726 -0.586737 -8.60545e-20)
(0.713194 -0.685619 3.09622e-19)
(0.837077 -0.774347 -1.60123e-19)
(0.956488 -0.853314 -7.75354e-19)
(1.07163 -0.921826 -4.04233e-19)
(1.18254 -0.977 4.54294e-19)
(0.0795519 -0.0846737 -7.98644e-20)
(0.235856 -0.234433 -5.44248e-19)
(0.392401 -0.370542 -8.04283e-21)
(0.547543 -0.492806 6.85778e-20)
(0.699584 -0.60246 3.37922e-19)
(0.847366 -0.700408 -1.85508e-19)
(0.989968 -0.787383 -1.69798e-19)
(1.12646 -0.863727 1.8937e-19)
(1.25671 -0.928497 -3.52004e-19)
(1.37994 -0.980146 -5.85185e-19)
(0.402607 -0.530185 1.0441e-18)
(0.683698 -0.615026 -3.8415e-19)
(0.910526 -0.552042 -1.79255e-19)
(1.07948 -0.424292 3.24176e-19)
(1.22321 -0.273022 -2.58233e-19)
(1.32888 -0.134436 -2.77024e-19)
(1.39659 -0.0536856 -2.49598e-19)
(1.42946 -0.0248984 -3.81952e-20)
(1.44945 -0.0162644 2.25211e-19)
(1.46575 -0.00744891 4.04581e-20)
(0.469211 -0.617953 1.01126e-18)
(0.741415 -0.690114 1.026e-19)
(0.964731 -0.611154 1.04543e-20)
(1.11913 -0.471508 -2.7578e-19)
(1.25056 -0.309529 -9.10596e-19)
(1.34655 -0.159237 0)
(1.4048 -0.0672079 -2.36585e-19)
(1.43318 -0.0323783 7.03724e-20)
(1.45159 -0.0208335 5.64976e-21)
(1.46628 -0.00944981 -7.02943e-20)
(0.556822 -0.703644 -1.00655e-18)
(0.811385 -0.762952 -8.04234e-20)
(1.02524 -0.668453 1.7412e-19)
(1.16301 -0.51675 -5.11557e-20)
(1.27914 -0.344471 -3.3047e-20)
(1.36391 -0.182282 6.72602e-20)
(1.41214 -0.0796108 0)
(1.43703 -0.0394689 0)
(1.45398 -0.0252187 -7.81561e-20)
(1.4672 -0.0113227 0)
(0.66625 -0.785546 -2.24168e-19)
(0.896407 -0.83159 3.97257e-19)
(1.09234 -0.722942 2.64426e-20)
(1.21125 -0.559313 0)
(1.30909 -0.377444 7.30944e-19)
(1.38128 -0.203575 -1.78709e-19)
(1.41971 -0.0910896 0)
(1.44137 -0.0460616 1.78669e-19)
(1.45686 -0.0292334 0)
(1.46863 -0.0129875 2.11584e-20)
(0.796077 -0.862455 -1.48846e-19)
(0.998287 -0.893997 4.35632e-19)
(1.16672 -0.773422 -1.47179e-20)
(1.26376 -0.598521 0)
(1.34044 -0.408047 1.97766e-19)
(1.3986 -0.22318 3.28912e-19)
(1.42771 -0.101709 5.48318e-20)
(1.44617 -0.0521671 9.15687e-21)
(1.46018 -0.0328583 -4.3579e-20)
(1.47056 -0.0144626 3.41183e-20)
(0.942351 -0.933554 -1.30146e-18)
(1.11683 -0.948739 -9.06168e-19)
(1.24917 -0.818518 4.83582e-21)
(1.32035 -0.633642 5.23748e-19)
(1.37304 -0.435827 -2.93569e-19)
(1.41559 -0.241122 1.62546e-19)
(1.4361 -0.111587 2.66139e-19)
(1.45136 -0.0578403 -2.3288e-19)
(1.4639 -0.0361008 -2.18303e-21)
(1.47294 -0.0157594 -5.43256e-21)
(1.10001 -0.99844 -2.54524e-19)
(1.25003 -0.995562 2.756e-19)
(1.34012 -0.856993 3.92744e-21)
(1.38093 -0.663861 -1.54273e-20)
(1.4068 -0.460221 -5.20007e-19)
(1.43193 -0.257325 5.16962e-20)
(1.44471 -0.120786 -1.01698e-19)
(1.45693 -0.0631264 -3.94504e-20)
(1.46798 -0.0389614 1.86868e-20)
(1.47574 -0.0169078 -2.34088e-20)
(1.26411 -1.056 -1.20647e-18)
(1.39447 -1.03505 2.02125e-19)
(1.4387 -0.888164 0)
(1.44482 -0.68856 2.79061e-20)
(1.44116 -0.480769 4.38927e-19)
(1.44695 -0.271795 -5.13288e-22)
(1.45303 -0.129436 -3.04064e-19)
(1.46281 -0.0681001 6.08391e-20)
(1.47237 -0.0414501 -4.38031e-22)
(1.47894 -0.0179342 1.4717e-21)
(1.43172 -1.10282 3.39376e-18)
(1.54756 -1.06811 2.56488e-19)
(1.54483 -0.912698 4.41549e-19)
(1.51253 -0.707956 -2.79869e-20)
(1.47649 -0.497501 -3.09585e-20)
(1.46059 -0.284719 -3.58367e-19)
(1.46076 -0.13765 7.44213e-20)
(1.46893 -0.0726242 4.60911e-21)
(1.47704 -0.043469 -3.54696e-20)
(1.48249 -0.0188169 -4.94718e-20)
(1.59894 -1.12767 -3.0028e-18)
(1.70122 -1.09363 1.28504e-18)
(1.6529 -0.933234 -2.03352e-19)
(1.58034 -0.725405 -7.02948e-19)
(1.51056 -0.513704 -5.76738e-19)
(1.47111 -0.299144 -2.18705e-19)
(1.46569 -0.147961 -5.16532e-20)
(1.47419 -0.0779521 0)
(1.48145 -0.0455733 1.52709e-20)
(1.48593 -0.0197145 -2.63134e-21)
(1.88783 -1.16966 -6.74615e-18)
(1.92657 -1.10313 -1.72154e-18)
(1.80346 -0.927332 -2.59084e-20)
(1.67142 -0.71697 1.09442e-19)
(1.55535 -0.510339 1.79078e-19)
(1.48587 -0.303655 -1.10911e-19)
(1.47442 -0.15578 -9.40694e-21)
(1.48089 -0.0828238 1.49142e-20)
(1.48019 -0.0462241 -1.99018e-20)
(1.47436 -0.0197258 1.40878e-20)
(2.28882 -1.13397 4.95629e-19)
(2.17785 -1.05436 -2.32253e-19)
(1.94191 -0.860657 6.7071e-19)
(1.73715 -0.655895 -1.4079e-19)
(1.56856 -0.46414 3.50858e-19)
(1.47118 -0.2821 6.20314e-20)
(1.44699 -0.149056 2.153e-20)
(1.42242 -0.0758191 -8.31721e-21)
(1.39903 -0.0389858 6.01382e-20)
(1.38067 -0.0179207 5.46389e-20)
(2.61031 -1.04277 2.26823e-18)
(2.35236 -0.947193 3.27008e-19)
(2.01086 -0.756319 -1.2125e-19)
(1.74109 -0.566484 1.11285e-37)
(1.52384 -0.396582 -2.84448e-20)
(1.38307 -0.248192 1.30615e-33)
(1.32089 -0.136202 -1.28027e-20)
(1.28984 -0.0664995 -1.91141e-33)
(1.26972 -0.0311011 9.79942e-21)
(1.25522 -0.0145768 -3.14577e-20)
(2.78752 -0.893422 3.91369e-33)
(2.3714 -0.79447 2.94507e-18)
(1.97788 -0.628006 1.81121e-18)
(1.66232 -0.464134 0)
(1.42182 -0.32376 8.99013e-19)
(1.25917 -0.206532 4.33181e-19)
(1.18328 -0.116226 1.02911e-19)
(1.14907 -0.0562915 -2.98184e-33)
(1.12922 -0.0251401 -3.76598e-20)
(1.1156 -0.0118756 2.80091e-20)
(2.76436 -0.70552 3.8481e-18)
(2.24748 -0.629077 -1.47422e-19)
(1.84967 -0.489391 0)
(1.52153 -0.358391 0)
(1.28195 -0.248329 0)
(1.11775 -0.160567 0)
(1.03233 -0.0933174 -1.13537e-20)
(0.993651 -0.04548 -4.05009e-33)
(0.974624 -0.0193136 9.22537e-21)
(0.962638 -0.00913625 3.16337e-33)
(2.55157 -0.516877 3.27155e-18)
(2.02089 -0.462594 0)
(1.64024 -0.352896 0)
(1.33025 -0.254964 0)
(1.10789 -0.175003 0)
(0.955636 -0.114111 0)
(0.87039 -0.0686176 3.18518e-20)
(0.829777 -0.0341923 -2.03707e-20)
(0.811419 -0.0140854 9.31158e-21)
(0.800687 -0.00668831 5.03441e-20)
(2.19027 -0.342696 0)
(1.70298 -0.30344 1.10783e-18)
(1.36206 -0.227339 1.10807e-18)
(1.09318 -0.16111 0)
(0.902749 -0.109528 7.02783e-19)
(0.773462 -0.0721569 4.14853e-19)
(0.696963 -0.0449754 2.11014e-19)
(0.657819 -0.0230721 3.66233e-20)
(0.640668 -0.00930323 2.82353e-20)
(0.631271 -0.00447355 6.70109e-21)
(1.70289 -0.19115 -6.7358e-19)
(1.30029 -0.165591 -2.73622e-19)
(1.02535 -0.121675 1.74939e-19)
(0.815985 -0.0840473 -2.16929e-34)
(0.670304 -0.0566134 -7.89397e-20)
(0.572441 -0.0378721 3.68322e-33)
(0.511992 -0.0246149 5.00119e-20)
(0.478704 -0.0130844 9.04345e-20)
(0.463966 -0.00518877 9.47208e-21)
(0.456172 -0.00257004 -1.82657e-20)
(1.10087 -0.0758297 3.40655e-18)
(0.823157 -0.0626831 -1.85893e-19)
(0.640652 -0.0442765 -5.8846e-19)
(0.506497 -0.0288644 0)
(0.415188 -0.0190122 -6.37239e-19)
(0.354313 -0.0130674 -4.16204e-19)
(0.31522 -0.0090996 -1.64786e-19)
(0.292186 -0.00515531 -9.82021e-20)
(0.281708 -0.00207098 8.3766e-20)
(0.27629 -0.00109172 8.69789e-21)
(0.397335 -0.00331931 0)
(0.287841 0.00159133 0)
(0.220881 0.00407772 0)
(0.173634 0.0061815 0)
(0.142864 0.00572132 0)
(0.122551 0.00439619 0)
(0.108789 0.0029735 5.73442e-20)
(0.0999014 0.00178233 -1.91908e-34)
(0.0955517 0.00100662 1.12294e-20)
(0.0932073 0.000315351 1.95321e-20)
(3.36717 -0.0863031 5.39088e-19)
(3.32648 -0.26507 -8.41878e-20)
(3.2474 -0.430632 8.52036e-19)
(3.13242 -0.582123 -6.05051e-19)
(2.98636 -0.718075 6.66173e-19)
(2.81523 -0.836309 2.74752e-19)
(2.62656 -0.933954 -1.92952e-18)
(2.42943 -1.0077 -7.67986e-20)
(2.22456 -1.05347 0)
(1.98469 -1.06629 4.2779e-19)
(3.86197 -0.0750509 7.07315e-18)
(3.79863 -0.234184 1.95625e-18)
(3.70431 -0.387266 -4.86629e-18)
(3.58427 -0.53193 -4.48778e-19)
(3.44237 -0.665809 3.55723e-18)
(3.28181 -0.787198 1.92223e-18)
(3.10641 -0.894892 -5.16476e-18)
(2.9219 -0.987453 -1.95034e-18)
(2.72739 -1.06304 2.20123e-18)
(2.49211 -1.12005 8.52155e-19)
(3.83318 -0.0532892 -1.26187e-19)
(3.82034 -0.171537 4.40424e-18)
(3.78557 -0.299724 -1.08883e-18)
(3.72446 -0.430873 -3.44611e-18)
(3.6363 -0.558667 -6.80174e-18)
(3.52381 -0.678706 1.02764e-17)
(3.39124 -0.788646 4.17922e-18)
(3.24351 -0.887764 -3.90893e-18)
(3.08155 -0.978393 -2.90043e-18)
(2.88709 -1.06254 -3.42158e-18)
(3.62872 -0.047262 -4.83925e-18)
(3.61967 -0.144907 -4.35357e-18)
(3.59971 -0.243713 5.4727e-18)
(3.56745 -0.343056 1.91226e-18)
(3.52255 -0.442321 -8.97429e-18)
(3.46435 -0.540726 4.92614e-19)
(3.39208 -0.636934 3.88775e-18)
(3.30542 -0.73028 -1.05472e-18)
(3.20532 -0.822865 1.27732e-18)
(3.08339 -0.91451 2.81464e-19)
(3.34409 -0.0365562 -9.15954e-19)
(3.33904 -0.11164 3.004e-18)
(3.32715 -0.188667 1.61942e-18)
(3.3075 -0.267166 -1.89344e-18)
(3.27994 -0.346063 -2.00154e-18)
(3.24476 -0.424119 -2.43582e-18)
(3.20219 -0.500293 3.80052e-19)
(3.15198 -0.574414 1.38471e-19)
(3.09579 -0.64763 -2.14136e-18)
(3.03328 -0.721125 -2.03641e-18)
(2.96259 -0.0265342 -1.82242e-18)
(2.95983 -0.0798751 -5.8709e-20)
(2.95333 -0.134592 -1.63748e-18)
(2.94243 -0.190902 3.12159e-19)
(2.92679 -0.248554 5.36761e-18)
(2.90634 -0.306936 -3.66926e-19)
(2.88099 -0.365122 4.43727e-20)
(2.85033 -0.422059 -2.60886e-18)
(2.81658 -0.476864 -3.49684e-18)
(2.78621 -0.529813 3.71863e-19)
(2.48714 -0.0174949 -2.89174e-20)
(2.48579 -0.0519243 -8.14286e-19)
(2.4826 -0.0872429 -2.61479e-18)
(2.47709 -0.12377 -3.43089e-18)
(2.46882 -0.161537 2.49643e-18)
(2.45747 -0.200273 1.50212e-18)
(2.44264 -0.239362 -1.38489e-18)
(2.42374 -0.2778 1.62427e-18)
(2.4028 -0.314492 -4.29959e-19)
(2.38961 -0.349545 -9.63922e-19)
(1.91464 -0.00967829 7.72435e-19)
(1.91408 -0.0282912 -8.31774e-19)
(1.91278 -0.0474367 -3.27651e-20)
(1.91032 -0.0673591 -3.47288e-20)
(1.90624 -0.0881327 -7.27396e-20)
(1.90013 -0.109619 -2.33182e-18)
(1.89151 -0.131411 -6.786e-19)
(1.87979 -0.152789 2.62571e-18)
(1.86665 -0.172983 -6.03304e-19)
(1.86193 -0.192215 -1.35076e-18)
(1.23988 -0.00373315 -1.64276e-18)
(1.23966 -0.0106929 -8.48879e-19)
(1.23923 -0.0179001 2.33916e-18)
(1.23823 -0.0254789 -8.89752e-19)
(1.23625 -0.0334769 -6.74104e-19)
(1.23289 -0.0418343 1.35196e-18)
(1.22774 -0.0503536 -1.2958e-18)
(1.22037 -0.0586697 1.28685e-18)
(1.21201 -0.0663471 -1.21012e-18)
(1.21006 -0.0735131 -4.24721e-18)
(0.454912 -0.000257556 6.63069e-19)
(0.454824 -0.000700282 7.03042e-19)
(0.45469 -0.00115903 7.48172e-19)
(0.454323 -0.00164011 1.35395e-18)
(0.453493 -0.00214037 -6.71968e-19)
(0.45198 -0.00263748 -1.29956e-18)
(0.449562 -0.00309948 6.14674e-19)
(0.445986 -0.00359334 2.4837e-20)
(0.441728 -0.00439258 -4.96529e-20)
(0.440339 -0.00504578 1.10575e-19)
(1.65315 0.996427 -2.84806e-19)
(1.51195 0.941202 1.8043e-20)
(1.35856 0.880258 -2.2602e-19)
(1.19751 0.808095 1.76848e-19)
(1.02947 0.723753 -1.94007e-19)
(0.854771 0.626945 -1.0143e-19)
(0.673743 0.516879 2.32202e-19)
(0.487042 0.39213 -3.05543e-19)
(0.295908 0.250651 3.09893e-19)
(0.101442 0.0916544 2.3912e-19)
(1.88606 0.991595 0)
(1.72942 0.934291 6.36791e-19)
(1.56064 0.872446 3.29091e-19)
(1.38216 0.801636 1.64432e-19)
(1.19446 0.719745 4.33581e-19)
(0.997502 0.62583 -8.70175e-20)
(0.79136 0.518579 -7.87188e-20)
(0.576366 0.395996 8.9223e-20)
(0.353343 0.255192 -1.04561e-18)
(0.122713 0.0943669 -1.64088e-20)
(2.0908 0.958637 1.56832e-19)
(1.92504 0.904775 0)
(1.746 0.846257 -1.00829e-19)
(1.55485 0.779418 -3.84704e-19)
(1.35165 0.702009 5.37632e-20)
(1.13608 0.61276 3.97833e-19)
(0.907796 0.510088 -6.07417e-19)
(0.666616 0.391654 -2.00837e-19)
(0.412624 0.254064 7.83766e-19)
(0.145266 0.0947457 -1.76162e-19)
(2.28468 0.898093 1.89203e-19)
(2.11032 0.850375 1.23533e-20)
(1.92122 0.797736 2.42947e-20)
(1.71806 0.736925 3.62659e-20)
(1.50056 0.665819 -2.89665e-20)
(1.26793 0.583124 2.73559e-19)
(1.01929 0.487178 -2.06968e-19)
(0.753706 0.375549 -8.55969e-19)
(0.4703 0.244696 0)
(0.167403 0.0917052 0)
(2.46787 0.811656 -1.06919e-18)
(2.28429 0.770725 -6.0723e-19)
(2.0849 0.72499 -1.2041e-19)
(1.87002 0.671483 -6.66012e-20)
(1.63891 0.60828 0)
(1.39033 0.53414 2.40868e-19)
(1.12278 0.447448 2.67909e-19)
(0.834591 0.345853 2.86384e-19)
(0.52387 0.225968 -4.23955e-19)
(0.187922 0.0849048 -8.12743e-20)
(2.63397 0.701998 7.64751e-19)
(2.44155 0.668001 -1.39213e-19)
(2.23244 0.629642 -2.21248e-19)
(2.00666 0.584289 0)
(1.76304 0.530277 0)
(1.49991 0.466497 0)
(1.21527 0.391478 -3.9002e-20)
(0.906724 0.303105 3.70311e-19)
(0.571529 0.19836 3.79123e-19)
(0.206096 0.0746294 -3.0864e-19)
(2.7758 0.572304 -1.19236e-18)
(2.57552 0.545229 -1.4803e-18)
(2.3579 0.514514 -3.02344e-22)
(2.12264 0.477943 -1.87775e-19)
(1.86822 0.434187 -9.29012e-20)
(1.59262 0.382329 -1.78942e-19)
(1.29337 0.321138 4.59215e-19)
(0.967531 0.248849 2.14866e-19)
(0.611614 0.162976 5.40151e-19)
(0.221327 0.061344 2.02901e-19)
(2.88711 0.425724 -1.15665e-18)
(2.68031 0.405621 8.47183e-20)
(2.45581 0.382817 1.64507e-19)
(2.21302 0.355615 1.68499e-20)
(1.95009 0.323059 -3.14496e-19)
(1.66471 0.284479 -1.74303e-19)
(1.35403 0.238948 -6.21322e-19)
(1.01468 0.18515 1.18538e-19)
(0.642635 0.121244 5.14977e-20)
(0.233078 0.0456153 -6.26679e-21)
(2.96285 0.26518 1.0126e-19)
(2.75127 0.252353 3.9705e-19)
(2.52195 0.237907 -3.30306e-19)
(2.274 0.220746 3.63118e-19)
(2.0053 0.200305 3.72598e-19)
(1.71328 0.176185 4.91965e-19)
(1.39486 0.147817 -6.35815e-19)
(1.04637 0.114396 -3.24455e-19)
(0.663441 0.074814 -4.58492e-20)
(0.240928 0.0280966 -3.27043e-19)
(3.00059 0.0935806 5.81757e-19)
(2.78619 0.088791 -1.86075e-19)
(2.55432 0.0834506 4.79604e-19)
(2.30373 0.0771572 -3.10795e-19)
(2.03214 0.0697349 2.66474e-19)
(1.73685 0.0610682 6.05525e-19)
(1.41462 0.0509836 3.78944e-19)
(1.06166 0.0392383 3.09392e-19)
(0.673424 0.0255086 2.65891e-19)
(0.244665 0.00950778 5.43673e-19)
(0.237944 0.447541 -4.64003e-19)
(0.202553 0.414022 -1.78582e-19)
(0.167267 0.377293 1.36484e-19)
(0.134052 0.340065 -4.19222e-19)
(0.104546 0.304275 -1.20971e-19)
(0.0776748 0.267102 6.87812e-19)
(0.0512485 0.220715 3.36812e-19)
(0.0254513 0.156401 -1.68197e-19)
(0.00691335 0.0786418 1.06978e-19)
(-0.00120568 0.0221671 -5.97412e-20)
(0.28808 0.539405 4.05385e-19)
(0.24821 0.502791 4.50067e-19)
(0.207711 0.460976 -1.47466e-20)
(0.167526 0.414383 -1.28021e-19)
(0.130994 0.366809 -2.97791e-19)
(0.100527 0.31969 8.21557e-20)
(0.0732994 0.266691 2.19179e-19)
(0.045578 0.19466 1.5951e-19)
(0.0180506 0.100359 -5.7975e-19)
(0.00265245 0.0283701 -1.22031e-19)
(0.359946 0.628239 -5.93818e-19)
(0.314017 0.588331 -4.75917e-19)
(0.268119 0.542741 2.51257e-19)
(0.221395 0.489759 1.32758e-19)
(0.175848 0.430517 -2.8151e-21)
(0.136322 0.368921 -1.3565e-19)
(0.102137 0.303277 -2.47617e-20)
(0.0683513 0.22312 -5.58918e-19)
(0.0334312 0.124691 -2.70603e-19)
(0.00749311 0.0372442 -3.93279e-20)
(0.454806 0.713286 4.98273e-19)
(0.400562 0.669403 1.64365e-19)
(0.346756 0.618732 -1.46858e-19)
(0.292483 0.560073 6.52437e-20)
(0.237878 0.49245 2.06635e-22)
(0.186637 0.418338 2.41214e-21)
(0.140115 0.338724 -1.26154e-19)
(0.0954171 0.248877 3.85536e-19)
(0.0512848 0.146776 -4.22327e-19)
(0.0134538 0.0472837 -6.69309e-20)
(0.57245 0.793808 -2.81469e-19)
(0.508236 0.746055 -8.91493e-20)
(0.443878 0.689606 -1.39176e-20)
(0.379173 0.624326 -6.41768e-20)
(0.313822 0.549541 5.54481e-20)
(0.249679 0.466135 4.76726e-20)
(0.188352 0.375277 -2.60179e-20)
(0.129263 0.275657 -2.85764e-19)
(0.0724171 0.166996 2.20174e-19)
(0.020816 0.0565731 8.80665e-20)
(0.709557 0.867584 6.45473e-19)
(0.634478 0.816542 3.25243e-19)
(0.558209 0.754783 2.11512e-19)
(0.480897 0.683154 4.78565e-20)
(0.402411 0.601751 1.47886e-19)
(0.323832 0.510998 7.27408e-20)
(0.246409 0.411534 1.37982e-19)
(0.170796 0.303255 5.76352e-20)
(0.0979722 0.186405 -1.82746e-20)
(0.0299283 0.0648865 -1.47288e-20)
(0.86188 0.932197 -1.19371e-19)
(0.775414 0.878326 -8.38086e-19)
(0.686587 0.812082 -8.85806e-20)
(0.59562 0.735226 -3.59158e-20)
(0.502467 0.648388 -1.40235e-20)
(0.408039 0.551799 1.47542e-19)
(0.313405 0.445681 -4.40694e-20)
(0.219647 0.330016 6.58967e-20)
(0.128239 0.204863 -1.44398e-19)
(0.0408664 0.0724276 -9.11994e-22)
(1.0264 0.983981 -8.89852e-19)
(0.928188 0.927882 5.93395e-20)
(0.826423 0.85828 -2.26129e-19)
(0.721274 0.777776 -7.64837e-20)
(0.612623 0.687181 -2.96579e-20)
(0.50135 0.586485 -7.47137e-20)
(0.388452 0.475513 5.69056e-20)
(0.275114 0.353975 6.05976e-20)
(0.162952 0.221453 -9.83135e-21)
(0.053529 0.0790975 -1.0429e-19)
(1.20349 1.0164 1.2397e-19)
(1.09316 0.95967 5.28053e-19)
(0.977981 0.888719 1.60256e-21)
(0.858013 0.806801 -3.30834e-20)
(0.732992 0.714761 1.53655e-19)
(0.603788 0.612187 -3.50549e-19)
(0.47134 0.49853 -2.45608e-19)
(0.336798 0.373095 3.56824e-19)
(0.20176 0.234965 1.44522e-19)
(0.0677008 0.08453 -3.6638e-20)
(1.40017 1.01435 7.44279e-19)
(1.27772 0.96144 3.26091e-19)
(1.14757 0.894674 5.50661e-20)
(1.01068 0.8159 -1.98623e-19)
(0.867142 0.726176 -1.68319e-20)
(0.717822 0.625117 4.67385e-19)
(0.563544 0.511882 -2.69017e-19)
(0.405329 0.385423 -1.84783e-19)
(0.244709 0.24431 3.36181e-19)
(0.0831208 0.0884474 -6.26886e-21)
(0.962412 0.0917103 9.94274e-21)
(1.1631 0.148468 -6.32036e-21)
(1.19156 0.187057 -3.42458e-20)
(1.28009 0.168718 0)
(1.30588 0.16633 9.02382e-21)
(1.24508 0.242314 -3.91181e-20)
(1.10685 0.388099 -8.86846e-20)
(0.937358 0.540619 -8.91372e-20)
(0.705446 0.643173 -2.19631e-19)
(0.413876 0.590371 5.55235e-19)
(0.962625 0.0708708 1.86512e-19)
(1.15638 0.124732 -4.90099e-20)
(1.18694 0.162094 2.19599e-21)
(1.2772 0.157854 1.17359e-20)
(1.30912 0.169177 -1.00395e-21)
(1.26468 0.270363 7.55299e-21)
(1.13918 0.434481 1.51721e-19)
(0.98493 0.601219 0)
(0.757787 0.72087 6.10794e-19)
(0.478464 0.680939 -4.83858e-19)
(0.961979 0.0509703 -1.1838e-19)
(1.15242 0.101247 8.03315e-21)
(1.18564 0.137335 6.99413e-20)
(1.27894 0.145524 2.22218e-20)
(1.31586 0.170361 -4.01093e-22)
(1.28599 0.296029 -3.73239e-20)
(1.17588 0.478941 8.68904e-20)
(1.03835 0.660338 4.10201e-20)
(0.821815 0.796244 -7.01097e-22)
(0.56488 0.768383 -5.66985e-19)
(0.961094 0.0319935 -8.60316e-20)
(1.15119 0.0774412 1.67973e-20)
(1.18764 0.112759 5.39298e-20)
(1.28484 0.132043 1.41769e-20)
(1.32633 0.170651 -1.42218e-20)
(1.30906 0.319804 -5.08042e-21)
(1.21665 0.521166 -5.30514e-20)
(1.0976 0.717106 2.50659e-20)
(0.900492 0.867169 -4.61923e-19)
(0.674682 0.850817 -1.84264e-19)
(0.960685 0.0136076 3.82969e-20)
(1.15284 0.0529667 -3.43335e-20)
(1.19288 0.0883954 -4.27539e-20)
(1.2943 0.117823 7.55224e-21)
(1.33992 0.170687 0)
(1.33356 0.342102 0)
(1.261 0.560851 -5.42646e-22)
(1.1634 0.770328 -2.68437e-20)
(0.996271 0.931266 -1.09777e-19)
(0.806017 0.926595 -5.84084e-20)
(0.961251 -0.0047231 1.20824e-21)
(1.15745 0.0276446 4.01901e-20)
(1.20117 0.0643451 -1.31614e-19)
(1.30658 0.103354 -5.83628e-20)
(1.35554 0.171008 -7.98343e-21)
(1.359 0.363197 3.24843e-20)
(1.30858 0.597503 8.5645e-20)
(1.23699 0.818412 -1.7525e-20)
(1.10962 0.986729 -2.70363e-20)
(0.95426 0.994937 -5.00722e-21)
(0.962974 -0.0235229 1.96873e-20)
(1.16485 0.00140592 1.14986e-20)
(1.21222 0.0407629 -4.43975e-20)
(1.32097 0.0890749 -9.72115e-20)
(1.37223 0.171861 1.77548e-20)
(1.38507 0.383045 8.96323e-21)
(1.35959 0.630324 -5.33504e-20)
(1.3195 0.859725 -1.55387e-19)
(1.23882 1.03312 -1.21715e-20)
(1.11389 1.05584 -9.9064e-19)
(0.965483 -0.0432283 2.12505e-20)
(1.17457 -0.0258167 -7.72263e-20)
(1.22565 0.017846 8.28257e-20)
(1.33678 0.0756815 7.53206e-20)
(1.38869 0.173912 7.02772e-21)
(1.41113 0.401631 -5.84688e-20)
(1.41379 0.658501 -1.62689e-20)
(1.4105 0.893203 -1.77627e-20)
(1.38036 1.07114 1.12327e-20)
(1.27948 1.10863 2.88943e-18)
(0.967401 -0.0641048 -1.06519e-19)
(1.18582 -0.0540962 4.53103e-20)
(1.24092 -0.00413052 1.33587e-19)
(1.35355 0.0634219 -7.90623e-20)
(1.40512 0.177067 -1.11732e-19)
(1.43829 0.41895 9.42706e-21)
(1.47259 0.681931 1.30805e-19)
(1.51032 0.919358 -4.31962e-19)
(1.53137 1.10197 -2.66384e-20)
(1.4477 1.15027 -6.46276e-18)
(0.967305 -0.0870207 4.30947e-21)
(1.19785 -0.0833494 8.77692e-20)
(1.25701 -0.025275 3.75929e-20)
(1.37027 0.0541387 -1.92205e-19)
(1.41893 0.185217 -1.43874e-19)
(1.4638 0.4388 -3.39214e-20)
(1.53204 0.704208 -4.50311e-21)
(1.61301 0.94138 -3.5857e-19)
(1.68378 1.1252 -1.10764e-18)
(1.61483 1.16987 -7.96055e-18)
(0.965073 -0.119679 -1.4394e-20)
(1.21083 -0.122563 -2.15245e-20)
(1.27405 -0.0554187 -4.85058e-20)
(1.38894 0.037463 5.31603e-20)
(1.43729 0.179613 1.20006e-19)
(1.49904 0.434816 -3.87956e-20)
(1.61309 0.695006 -1.11275e-19)
(1.7548 0.931101 -1.30951e-18)
(1.90249 1.12764 -1.6169e-18)
(1.89844 1.20636 3.29459e-18)
(0.959029 -0.159966 -4.10528e-19)
(1.2236 -0.1729 -8.05736e-21)
(1.28688 -0.10085 -3.77708e-20)
(1.4009 0.014164 2.00695e-19)
(1.43711 0.157351 2.56026e-19)
(1.50922 0.395136 -1.58706e-19)
(1.67205 0.633376 -1.09057e-19)
(1.88247 0.857446 -4.62033e-19)
(2.13932 1.06664 2.05624e-19)
(2.28357 1.15834 -3.21915e-19)
(0.949678 -0.200763 -2.70891e-20)
(1.23976 -0.224837 -4.99742e-20)
(1.29168 -0.143243 2.83732e-20)
(1.40897 -0.01195 3.1444e-20)
(1.43569 0.140166 1.68481e-33)
(1.4995 0.347017 8.70775e-22)
(1.69204 0.551005 -2.20782e-33)
(1.95446 0.753336 1.89727e-19)
(2.30374 0.952994 -9.34963e-19)
(2.58709 1.05637 -6.29438e-19)
(0.938479 -0.24569 1.48403e-18)
(1.26065 -0.267979 -7.18185e-34)
(1.27832 -0.193917 -3.73535e-20)
(1.32002 -0.0270666 -2.02731e-19)
(1.31582 0.126681 -4.56979e-19)
(1.41515 0.284114 -9.25701e-19)
(1.63311 0.451257 -5.22348e-33)
(1.93699 0.626119 -1.7304e-18)
(2.32974 0.799489 -3.15804e-18)
(2.75492 0.901151 1.67825e-18)
(0.927307 -0.300443 0)
(1.29798 -0.311725 -2.15309e-33)
(1.14147 -0.192979 0)
(1.14556 -0.0248541 0)
(1.15643 0.10602 0)
(1.27516 0.221185 0)
(1.50012 0.349018 -8.56003e-33)
(1.8213 0.487859 0)
(2.21683 0.632345 -3.41349e-19)
(2.73661 0.710984 1.26047e-18)
(0.915643 -0.360063 1.14753e-19)
(1.25741 -0.324546 -4.43776e-19)
(0.978602 -0.164186 -5.68199e-20)
(0.964119 -0.0221356 0)
(0.983076 0.0784248 0)
(1.10179 0.158556 6.47143e-20)
(1.31372 0.249744 1.24004e-18)
(1.61999 0.352425 -1.95518e-19)
(1.99879 0.465144 -4.95567e-19)
(2.53346 0.519911 4.66879e-18)
(0.883084 -0.405159 -1.51991e-17)
(1.0936 -0.277176 1.0523e-18)
(0.803765 -0.124695 -7.33488e-20)
(0.768058 -0.0189918 -1.03749e-19)
(0.791615 0.0509704 -4.76942e-19)
(0.898037 0.10059 -7.64662e-19)
(1.08143 0.158638 -1.07789e-18)
(1.34845 0.227752 -1.41244e-18)
(1.68871 0.30563 -1.62619e-18)
(2.18037 0.344244 3.62969e-18)
(0.80873 -0.39445 -4.13415e-19)
(0.887465 -0.20669 -1.21734e-18)
(0.610937 -0.0802346 -1.2631e-19)
(0.563077 -0.0142591 -8.1857e-20)
(0.584215 0.0273916 -8.07721e-34)
(0.667696 0.0526619 9.96159e-20)
(0.808869 0.0831028 -1.51781e-32)
(1.01755 0.122296 -1.93416e-19)
(1.29296 0.167105 2.98115e-19)
(1.69941 0.192014 7.05053e-19)
(0.664108 -0.288841 3.42688e-17)
(0.618382 -0.107671 -3.13788e-18)
(0.395528 -0.0342836 -2.41335e-19)
(0.346423 -0.00712802 -1.26678e-19)
(0.360733 0.0094989 3.7208e-19)
(0.414273 0.0177732 7.71453e-19)
(0.503195 0.0285973 7.89055e-19)
(0.637373 0.0446497 4.59562e-19)
(0.820908 0.0633935 -1.883e-19)
(1.10153 0.0762142 3.56535e-18)
(0.336788 -0.0768323 5.58821e-19)
(0.261872 -0.00232087 -6.77002e-33)
(0.145024 0.0187529 -3.05498e-19)
(0.122333 0.0029718 0)
(0.125742 -0.00207617 0)
(0.143284 -0.00521482 1.00431e-19)
(0.173124 -0.00614739 8.79683e-35)
(0.22049 -0.00411544 -1.23652e-19)
(0.288136 -0.00160104 -2.81711e-19)
(0.398962 0.00332217 1.00036e-18)
(2.00155 1.09531 -1.78642e-18)
(2.23866 1.07764 -2.30416e-18)
(2.44177 1.02852 0)
(2.63686 0.952101 -7.6066e-19)
(2.82345 0.852244 -1.78947e-18)
(2.99269 0.732224 -2.2492e-18)
(3.13707 0.594943 -4.81848e-19)
(3.25057 0.442646 1.2694e-18)
(3.32829 0.276943 -3.54764e-18)
(3.3677 0.0986969 1.35661e-18)
(2.49804 1.1406 2.65551e-19)
(2.73003 1.0809 1.39468e-18)
(2.92346 1.00345 1.43713e-19)
(3.10643 0.909276 6.74501e-19)
(3.28038 0.800303 -1.10258e-18)
(3.43983 0.678089 -4.99502e-18)
(3.58089 0.54386 2.46495e-18)
(3.70045 0.399224 1.26964e-17)
(3.79429 0.246268 1.03981e-19)
(3.85874 0.087236 -1.07352e-17)
(2.87457 1.072 1.78775e-18)
(3.06541 0.988293 2.62134e-18)
(3.22659 0.897019 -5.04316e-18)
(3.37362 0.797254 9.25012e-19)
(3.50605 0.68701 1.22799e-17)
(3.61927 0.566901 3.84674e-20)
(3.70942 0.439194 -8.20227e-18)
(3.77398 0.30795 -3.68187e-18)
(3.81328 0.178917 7.68863e-18)
(3.83093 0.0589803 -1.93464e-18)
(3.05794 0.917811 7.61742e-19)
(3.18071 0.828889 0)
(3.28331 0.737111 -4.56997e-19)
(3.37278 0.643957 4.15971e-18)
(3.44836 0.547665 4.51626e-18)
(3.51001 0.448789 -1.22549e-18)
(3.55829 0.348672 -2.70221e-18)
(3.59368 0.248257 -1.8073e-18)
(3.61639 0.148372 1.03214e-18)
(3.62767 0.0499493 1.05497e-18)
(3.0104 0.722866 1.07754e-18)
(3.07622 0.650852 -1.11325e-18)
(3.13548 0.577862 -2.21257e-18)
(3.18847 0.503655 9.17896e-19)
(3.23366 0.427301 2.83928e-20)
(3.27127 0.348993 -7.94007e-19)
(3.3011 0.269737 2.98424e-18)
(3.32287 0.190764 -3.00857e-18)
(3.33667 0.113203 -7.6447e-20)
(3.34334 0.0376869 3.01367e-18)
(2.77032 0.529817 -2.90881e-18)
(2.8034 0.477643 -2.97638e-18)
(2.8392 0.423276 9.39558e-19)
(2.87183 0.366594 3.69876e-18)
(2.89908 0.308452 4.24962e-19)
(2.92128 0.2499 4.10351e-19)
(2.9385 0.191898 1.83866e-18)
(2.9508 0.135135 -1.65785e-18)
(2.95846 0.0799721 -8.59367e-19)
(2.96217 0.0263304 -9.87782e-19)
(2.3803 0.349221 1.1832e-20)
(2.39532 0.314494 -7.07832e-20)
(2.41748 0.278089 6.53739e-20)
(2.43766 0.239807 2.53909e-18)
(2.45371 0.200701 2.41467e-18)
(2.46614 0.161788 -3.1043e-18)
(2.47533 0.123734 -2.58135e-18)
(2.48156 0.0868772 1.59111e-18)
(2.48527 0.0512651 1.73771e-18)
(2.48699 0.016656 8.00868e-19)
(1.8584 0.191989 -1.47813e-18)
(1.86411 0.172717 -7.01152e-20)
(1.87781 0.152597 3.4537e-18)
(1.89014 0.131266 9.63989e-20)
(1.89934 0.109443 -1.44862e-18)
(1.90591 0.0878432 -6.95152e-19)
(1.91031 0.0668978 -1.64981e-18)
(1.91293 0.0467867 8.47822e-19)
(1.91425 0.0274803 1.73679e-18)
(1.91471 0.00877331 1.60159e-18)
(1.21059 0.0734019 -3.0393e-18)
(1.21285 0.0660876 -1.77929e-19)
(1.22128 0.058395 2.07403e-18)
(1.22875 0.0500828 -1.25793e-18)
(1.23398 0.0415476 -2.28663e-18)
(1.23734 0.0331431 -2.03333e-19)
(1.23924 0.0250747 2.32991e-18)
(1.24005 0.0174192 1.55703e-18)
(1.2402 0.0101479 -2.12902e-20)
(1.24007 0.00315134 -7.88631e-19)
(0.441914 0.00502616 3.28303e-19)
(0.443258 0.00433435 -4.96675e-20)
(0.447401 0.00353495 2.47015e-20)
(0.450864 0.00304261 0)
(0.45316 0.00258139 2.63805e-18)
(0.454532 0.00208197 2.52846e-20)
(0.45519 0.00157672 -2.00685e-18)
(0.455347 0.00108972 1.4006e-18)
(0.455236 0.000625907 -2.11899e-18)
(0.455052 0.00018025 -2.0964e-18)
(0.147199 0.00555163 -3.25876e-19)
(0.385713 0.0128847 2.34697e-19)
(0.585309 0.0177224 -1.98168e-19)
(0.75217 0.0205261 1.37894e-18)
(0.884618 0.0227283 -3.83229e-19)
(1.00964 0.0226176 -1.4078e-18)
(0.967329 0.016828 0)
(0.87656 0.0144758 4.74968e-19)
(0.761336 0.010586 -3.4202e-19)
(0.618604 0.00686487 -4.05297e-20)
(0.141813 0.0161359 -1.46351e-19)
(0.373204 0.037582 -1.72083e-19)
(0.568156 0.0518915 2.04032e-19)
(0.732011 0.0603084 -4.53342e-21)
(0.863134 0.0667755 -5.06678e-19)
(0.984349 0.0667029 -2.557e-18)
(0.962823 0.0515413 -1.6186e-18)
(0.874262 0.0440509 -4.7009e-20)
(0.766085 0.0329383 5.87893e-19)
(0.631134 0.0219553 -9.75055e-19)
(0.131603 0.0252154 -1.26438e-19)
(0.349383 0.0590626 -5.53802e-19)
(0.535317 0.0821043 -3.56598e-19)
(0.69309 0.0961039 -1.67703e-19)
(0.82191 0.10591 -1.67022e-18)
(0.933653 0.107315 -1.11535e-18)
(0.951862 0.0903439 3.87466e-19)
(0.868197 0.0747532 -1.26415e-18)
(0.772292 0.0582567 -1.37149e-19)
(0.65102 0.0406015 7.6688e-19)
(0.117604 0.0320832 3.01754e-20)
(0.316494 0.0758471 -4.19083e-19)
(0.489662 0.106561 -3.82682e-19)
(0.638813 0.126128 1.73993e-19)
(0.763971 0.138689 1.80254e-20)
(0.867344 0.14373 1.15237e-18)
(0.923133 0.132342 7.34209e-19)
(0.85703 0.106094 -2.6195e-21)
(0.775143 0.0866852 -5.75946e-19)
(0.671352 0.0636213 1.83849e-19)
(0.101396 0.0365142 2.21594e-19)
(0.277816 0.08746 -8.01711e-20)
(0.435198 0.124646 8.20476e-19)
(0.573572 0.149656 -9.52908e-20)
(0.692854 0.165576 -1.09292e-18)
(0.791171 0.174676 1.14407e-20)
(0.864101 0.170051 3.05001e-19)
(0.837168 0.139357 9.22717e-19)
(0.769442 0.117209 9.94229e-20)
(0.685509 0.0910497 -9.24044e-19)
(0.0848207 0.0387761 -6.94777e-20)
(0.237078 0.0941259 3.19679e-19)
(0.376406 0.136208 3.87031e-19)
(0.502034 0.16607 -1.00668e-18)
(0.612773 0.185876 5.28747e-19)
(0.706117 0.197711 1.00923e-19)
(0.779634 0.198732 -6.79801e-19)
(0.80047 0.176393 -1.14577e-18)
(0.752879 0.14849 3.0343e-19)
(0.688601 0.122001 9.39813e-19)
(0.0695627 0.0396785 -5.84122e-20)
(0.197555 0.0968839 3.49162e-19)
(0.31723 0.141856 -8.02079e-19)
(0.428782 0.175595 -4.98207e-19)
(0.529403 0.199212 1.09838e-18)
(0.615551 0.213522 -1.16285e-19)
(0.685207 0.21825 -2.54778e-18)
(0.730263 0.208182 1.75232e-18)
(0.721037 0.180338 -7.13857e-21)
(0.676662 0.153313 -1.34953e-18)
(0.0570453 0.0406916 -1.40994e-19)
(0.161709 0.0974926 -7.33184e-20)
(0.260168 0.14283 -3.0738e-19)
(0.357033 0.179255 1.37543e-18)
(0.447727 0.206284 1.39969e-19)
(0.524668 0.223223 -2.55959e-19)
(0.587775 0.230114 7.37892e-19)
(0.635868 0.22612 7.73442e-19)
(0.660205 0.210583 -1.80685e-19)
(0.6474 0.183556 -4.33212e-19)
(0.048742 0.0440206 1.21947e-20)
(0.131887 0.0976522 -1.08145e-21)
(0.207372 0.13984 1.6785e-19)
(0.28822 0.177303 5.51581e-19)
(0.370865 0.207832 2.11944e-19)
(0.439018 0.227414 4.2537e-19)
(0.493116 0.23615 4.07452e-19)
(0.537173 0.234244 -6.56901e-19)
(0.568652 0.226333 -7.28345e-19)
(0.586393 0.210965 -2.49444e-20)
(0.0451109 0.0509642 9.17415e-20)
(0.110009 0.0975928 0)
(0.163425 0.133189 8.8968e-20)
(0.22574 0.168961 1.53518e-19)
(0.300308 0.203254 -1.24138e-18)
(0.361261 0.22609 -2.40814e-20)
(0.407136 0.236144 -1.51459e-19)
(0.444583 0.235413 1.41924e-19)
(0.474387 0.227935 -3.58114e-19)
(0.496538 0.22079 -1.46359e-18)
(0.0430913 0.0558617 -2.29848e-20)
(0.0931158 0.0946231 0)
(0.13079 0.124183 2.64853e-19)
(0.176683 0.156648 -4.95981e-19)
(0.239444 0.193194 -6.46216e-19)
(0.291906 0.218381 1.49678e-19)
(0.330851 0.228438 -9.75109e-20)
(0.362189 0.227809 -3.20096e-19)
(0.38741 0.219616 -1.31239e-19)
(0.406683 0.208161 -6.10088e-20)
(0.0404511 0.0546782 4.36974e-20)
(0.0780267 0.0887252 2.12023e-19)
(0.106775 0.115516 -2.86954e-21)
(0.141516 0.14536 7.77607e-20)
(0.191325 0.181312 5.82478e-20)
(0.233076 0.204037 5.4956e-19)
(0.265696 0.211632 -5.45811e-19)
(0.293304 0.210813 2.21639e-19)
(0.317546 0.20447 3.01346e-19)
(0.337963 0.194459 -1.5734e-19)
(0.0350253 0.0496973 -1.22084e-20)
(0.0635496 0.0820941 -8.99227e-20)
(0.0870654 0.108614 -3.91865e-19)
(0.114552 0.136504 2.29794e-19)
(0.152618 0.166975 -1.37784e-19)
(0.183948 0.18183 1.89575e-19)
(0.210693 0.184713 3.46012e-19)
(0.234978 0.181508 -1.42258e-20)
(0.257466 0.174239 -1.52695e-21)
(0.277354 0.164247 -1.82563e-20)
(0.0278903 0.0440552 1.728e-20)
(0.0501435 0.0757615 1.19154e-19)
(0.069786 0.102486 1.89874e-19)
(0.0925792 0.126693 3.25382e-20)
(0.120779 0.144763 1.07265e-19)
(0.144736 0.150001 1.09576e-20)
(0.167748 0.147975 -1.11863e-20)
(0.19004 0.141958 1.88004e-19)
(0.211428 0.132975 9.43346e-20)
(0.230938 0.121786 -1.12269e-21)
(0.0206251 0.0385127 1.25585e-19)
(0.038037 0.0694323 -8.58832e-20)
(0.0551137 0.094096 -6.21253e-20)
(0.0748184 0.107787 -5.22113e-20)
(0.0960744 0.110923 -4.16805e-19)
(0.116573 0.107897 4.19248e-21)
(0.137899 0.100953 3.17319e-19)
(0.159162 0.0915162 8.92808e-20)
(0.180029 0.0800292 1.3199e-20)
(0.199694 0.0669427 8.88699e-22)
(0.0127941 0.03263 -2.12758e-19)
(0.0274854 0.0617612 -6.28487e-19)
(0.0443627 0.0762602 1.68605e-19)
(0.0615714 0.0740135 -2.02725e-19)
(0.0798613 0.0668082 -3.00195e-19)
(0.0996268 0.057183 4.28979e-19)
(0.12039 0.0456915 -2.62935e-19)
(0.141445 0.0326606 -1.7261e-19)
(0.162478 0.0182299 8.04724e-20)
(0.182878 0.00270791 -2.81866e-20)
(0.00587391 0.0273861 3.85027e-20)
(0.0203663 0.0475673 -2.31341e-19)
(0.0366546 0.0417409 -1.47352e-18)
(0.0527549 0.0296849 5.34333e-19)
(0.0712138 0.0158574 6.83481e-19)
(0.0910886 0.00100617 -1.6223e-21)
(0.112015 -0.0149517 -5.48886e-19)
(0.133596 -0.031975 -2.43184e-20)
(0.155501 -0.0498522 1.77604e-19)
(0.177162 -0.0681824 4.08098e-20)
(0.00374548 0.0227832 3.1496e-19)
(0.0167337 0.0167958 1.1732e-18)
(0.0316096 -0.000219186 1.13988e-18)
(0.04807 -0.0186098 -1.9179e-19)
(0.0670436 -0.0378532 -3.98509e-19)
(0.0875981 -0.0580051 -8.01176e-20)
(0.109648 -0.0791667 0)
(0.132664 -0.100798 1.60824e-19)
(0.156082 -0.122292 3.44236e-20)
(0.179417 -0.143494 -3.15837e-20)
(0.00536616 0.00615737 -7.35135e-19)
(0.0147353 -0.0187781 7.85316e-19)
(0.0283167 -0.0421095 1.13798e-18)
(0.0452868 -0.0668508 -6.16437e-19)
(0.065183 -0.0927204 -4.16134e-19)
(0.0878069 -0.119977 1.32983e-19)
(0.11213 -0.147175 -4.87675e-19)
(0.137116 -0.17298 -2.43552e-19)
(0.162386 -0.197495 1.88062e-19)
(0.187941 -0.221555 1.36239e-19)
(-0.00206378 -0.013682 1.1587e-19)
(0.00966857 -0.0480281 -4.09684e-19)
(0.0239138 -0.0815661 -3.98065e-20)
(0.0429692 -0.115943 -1.52302e-19)
(0.0665839 -0.15168 1.82359e-19)
(0.0929011 -0.186432 1.42455e-19)
(0.119761 -0.217735 4.7444e-20)
(0.146869 -0.246362 -6.44983e-20)
(0.174825 -0.27425 -1.26768e-19)
(0.203816 -0.301955 -9.72899e-20)
(0.382348 0.124076 -6.14226e-19)
(0.391009 0.0124944 -3.60676e-21)
(0.513516 -0.0459335 -6.27439e-20)
(0.595062 -0.0475659 -1.17795e-19)
(0.655552 -0.026551 1.88837e-19)
(0.680957 -0.00719763 4.40766e-20)
(0.684316 0.00174341 3.34397e-20)
(0.682184 0.00320543 2.23146e-20)
(0.680431 0.00221718 1.03097e-19)
(0.681397 0.00054057 0)
(0.338474 0.0961522 8.55349e-20)
(0.400411 -0.0277789 -1.49945e-20)
(0.569564 -0.0785917 -2.78677e-20)
(0.677356 -0.0639129 -2.28382e-19)
(0.749781 -0.0339109 2.75997e-19)
(0.780605 -0.00882863 -1.1997e-20)
(0.786769 0.00228538 6.3194e-21)
(0.787007 0.00387756 1.13359e-19)
(0.787584 0.00250348 3.7458e-20)
(0.791085 0.000671911 -3.79374e-20)
(0.302496 0.059596 7.45084e-20)
(0.420652 -0.0744283 -3.13599e-19)
(0.611992 -0.115879 3.27271e-19)
(0.75193 -0.0852237 1.62634e-19)
(0.84041 -0.0433222 -6.98026e-20)
(0.87782 -0.0111706 -1.1434e-19)
(0.886871 0.00252889 4.31312e-20)
(0.889188 0.00431546 1.39633e-19)
(0.891648 0.00258672 -8.9005e-20)
(0.89716 0.000828549 -2.94224e-20)
(0.278579 0.0100663 -2.59949e-19)
(0.446483 -0.128281 1.60072e-19)
(0.647365 -0.159383 -1.48849e-19)
(0.8147 -0.113836 5.99121e-19)
(0.924162 -0.056118 1.27581e-19)
(0.970655 -0.0146401 -5.10453e-20)
(0.983387 0.00225591 1.8074e-19)
(0.987867 0.00439165 -3.19793e-21)
(0.991951 0.00238351 -4.16278e-20)
(0.999059 0.000913275 2.63341e-20)
(0.268646 -0.0508553 4.4202e-19)
(0.474 -0.187617 -7.01102e-19)
(0.680338 -0.207398 -8.46961e-21)
(0.865377 -0.148728 3.75888e-19)
(0.997562 -0.0738005 4.36051e-19)
(1.05726 -0.0198935 1.39098e-19)
(1.07521 0.0012149 -8.26042e-20)
(1.08218 0.00397919 -3.98885e-20)
(1.08774 0.00182822 -1.48144e-21)
(1.09614 0.000825539 2.67291e-22)
(0.270435 -0.120047 3.49305e-20)
(0.501735 -0.251697 -5.13319e-19)
(0.713051 -0.259549 1.53747e-19)
(0.907164 -0.188626 5.09581e-20)
(1.05752 -0.0976621 -8.12992e-19)
(1.13498 -0.0281413 2.17499e-20)
(1.16076 -0.00103682 -3.13443e-19)
(1.17093 0.00290518 1.26445e-20)
(1.17799 0.000843024 -4.19696e-20)
(1.18748 0.000486664 0)
(0.280658 -0.195092 -5.72834e-19)
(0.530157 -0.319632 7.31047e-19)
(0.746538 -0.314871 6.28791e-21)
(0.943552 -0.232352 5.32002e-19)
(1.10383 -0.127368 -6.84726e-19)
(1.20054 -0.0409355 3.38674e-19)
(1.23798 -0.00519897 1.78652e-19)
(1.25276 0.000886758 -8.53483e-20)
(1.26163 -0.000706743 -3.32815e-21)
(1.27228 -0.000195698 3.32507e-20)
(0.297443 -0.274436 7.27297e-19)
(0.560741 -0.390682 -1.6503e-19)
(0.781732 -0.372581 1.85659e-20)
(0.977116 -0.27887 4.01932e-20)
(1.13972 -0.161317 1.47161e-19)
(1.25084 -0.0593683 8.69254e-20)
(1.30384 -0.0121464 2.58634e-19)
(1.32503 -0.00216775 -3.95536e-20)
(1.33618 -0.00273358 2.27821e-20)
(1.34808 -0.00117143 3.96258e-20)
(0.321136 -0.357124 -5.24661e-20)
(0.5953 -0.464154 4.55314e-19)
(0.819887 -0.431892 1.17784e-20)
(1.00982 -0.327063 -9.50331e-19)
(1.16948 -0.197838 2.51062e-19)
(1.28566 -0.0826686 -7.35063e-20)
(1.35393 -0.0235367 -1.84471e-20)
(1.38577 -0.00763752 -3.91994e-20)
(1.40098 -0.00589404 -6.02582e-20)
(1.41505 -0.0026607 1.37043e-20)
(0.354611 -0.442624 -7.87236e-19)
(0.635671 -0.539275 7.1893e-20)
(0.862436 -0.492 -2.76532e-20)
(1.04342 -0.37586 2.59424e-19)
(1.19657 -0.235492 6.64923e-19)
(1.30971 -0.108416 4.14031e-20)
(1.38311 -0.0385939 2.11589e-19)
(1.42074 -0.016446 -1.11685e-19)
(1.44144 -0.011197 7.59717e-20)
(1.45885 -0.00513031 7.24446e-20)
(0.0821784 -0.00678934 -3.17826e-19)
(0.0556643 -0.00482282 2.41115e-19)
(0.0544539 0.000476669 1.99928e-20)
(0.0607218 0.000869912 6.50545e-20)
(0.0658413 0.000592218 -8.82005e-20)
(0.0676276 0.000157471 -1.0472e-20)
(0.0674583 -5.97714e-05 5.25765e-20)
(0.0667911 -0.000114475 -7.11322e-21)
(0.066125 -8.34029e-05 -2.50846e-20)
(0.0657345 -3.42012e-05 1.01926e-20)
(0.230526 0.0141566 3.30693e-18)
(0.155504 0.00603851 7.23053e-19)
(0.157544 -0.00148002 -2.08521e-19)
(0.178566 -0.00342127 5.39207e-20)
(0.194046 -0.00176701 -1.39541e-19)
(0.199495 -0.00039181 -3.46361e-20)
(0.199104 0.000229784 1.54187e-20)
(0.197286 0.000332301 -4.37317e-21)
(0.195568 0.000285981 1.55274e-20)
(0.194705 9.89917e-05 5.17228e-21)
(0.356716 0.0390678 7.70984e-19)
(0.243484 0.0149283 -2.25317e-20)
(0.257556 -0.00621806 1.82786e-20)
(0.29286 -0.0100718 8.51233e-34)
(0.318773 -0.00535669 -2.65135e-20)
(0.328202 -0.00124768 0)
(0.327847 0.0006008 2.45159e-20)
(0.325116 0.00090094 -3.14742e-33)
(0.322602 0.000718614 4.8236e-35)
(0.321501 0.000230635 1.71564e-20)
(0.437637 0.0812786 -1.46401e-18)
(0.316886 0.0250266 5.23986e-21)
(0.35061 -0.0136156 0)
(0.401295 -0.0194728 2.74093e-19)
(0.438458 -0.0106667 0)
(0.452595 -0.00259675 0)
(0.452733 0.00107768 0)
(0.449434 0.00166591 -1.60006e-20)
(0.446456 0.0012589 3.06909e-22)
(0.44541 0.000367028 2.07697e-21)
(0.420508 0.117899 -1.46538e-19)
(0.391899 0.0320647 5.43588e-21)
(0.441591 -0.0237628 0)
(0.5049 -0.0321369 -1.48875e-19)
(0.55329 -0.0181388 4.65741e-20)
(0.572615 -0.00472212 0)
(0.57366 0.00147612 0)
(0.570158 0.0024877 -4.35447e-20)
(0.567044 0.00180198 -1.30341e-21)
(0.566319 0.000463769 -9.10105e-22)
(0.0639545 -2.77865e-05 -3.08101e-20)
(0.0669222 -7.09237e-05 -3.01633e-20)
(0.0720588 -8.10269e-05 2.53769e-20)
(0.078207 -9.11941e-05 -5.66984e-19)
(0.0842283 -0.000189917 -4.78671e-19)
(0.0892899 -0.000563007 -1.8018e-19)
(0.0930911 -0.00146597 -3.36598e-19)
(0.0955259 -0.00289656 1.44216e-19)
(0.0965607 -0.00409294 -1.64344e-19)
(0.0983848 -0.00313307 -1.80982e-19)
(0.182747 0.000417653 -7.72224e-20)
(0.190515 0.00141743 1.741e-21)
(0.203948 0.00288457 -1.3195e-19)
(0.219972 0.00498292 -8.83208e-19)
(0.235663 0.0078114 2.17158e-19)
(0.249026 0.0112381 -4.74635e-20)
(0.259241 0.014947 1.66713e-19)
(0.265951 0.0191308 3.00327e-20)
(0.269468 0.0243041 9.61803e-20)
(0.273932 0.0327269 -3.8248e-20)
(0.293352 0.001317 -9.23511e-20)
(0.305109 0.00434271 3.16725e-20)
(0.325195 0.00848498 -3.82183e-19)
(0.348816 0.0141672 -3.19854e-20)
(0.371579 0.0216388 4.15163e-19)
(0.390537 0.0307267 8.08361e-19)
(0.404106 0.0408959 8.96931e-19)
(0.411596 0.0520823 -1.25226e-18)
(0.413987 0.0646512 -1.82791e-18)
(0.416947 0.0822174 -1.45675e-18)
(0.395915 0.00249444 -5.50202e-20)
(0.410543 0.00825554 3.47745e-20)
(0.435196 0.0161224 -2.49415e-19)
(0.46355 0.0267842 9.9228e-19)
(0.489854 0.0405425 7.44723e-19)
(0.510179 0.0570729 1.10325e-19)
(0.522104 0.0752874 -8.58924e-19)
(0.525054 0.0941185 -8.43307e-19)
(0.520703 0.113148 2.47999e-19)
(0.515332 0.139222 1.7275e-18)
(0.490628 0.004106 1.80236e-19)
(0.507473 0.0135 1.97855e-19)
(0.535284 0.026086 5.29663e-19)
(0.566143 0.0428835 1.49819e-18)
(0.592827 0.0642635 3.64252e-19)
(0.61034 0.0897205 -1.51979e-18)
(0.615181 0.11723 -1.55231e-18)
(0.606503 0.143463 2.04805e-19)
(0.585302 0.170641 1.14873e-18)
(0.546079 0.205346 -2.159e-22)
(0.405094 -0.204239 -5.69128e-21)
(0.385511 -0.216179 -3.87036e-21)
(0.36022 -0.225189 2.41707e-19)
(0.329387 -0.227184 -8.33709e-20)
(0.291574 -0.219115 -2.64911e-19)
(0.240297 -0.195701 1.0828e-19)
(0.177388 -0.159088 -6.80317e-19)
(0.131459 -0.126083 1.65481e-19)
(0.0937527 -0.0960553 -9.77208e-21)
(0.0435609 -0.0566011 -1.8412e-19)
(0.338051 -0.186162 -9.56023e-22)
(0.317066 -0.196962 -1.90085e-19)
(0.29241 -0.204431 -6.33607e-19)
(0.264813 -0.206933 6.09591e-19)
(0.233033 -0.201996 1.35568e-18)
(0.192533 -0.182777 4.8326e-20)
(0.14228 -0.14794 1.50837e-20)
(0.10748 -0.117798 3.02799e-20)
(0.078985 -0.0908421 2.68695e-19)
(0.0413274 -0.0563527 -4.08468e-20)
(0.280799 -0.149953 -2.48867e-20)
(0.259983 -0.160903 0)
(0.236658 -0.169464 1.21301e-20)
(0.211639 -0.174421 -6.43517e-19)
(0.184584 -0.174078 -1.50805e-20)
(0.15374 -0.163439 6.24743e-19)
(0.115673 -0.137486 6.85462e-19)
(0.0880778 -0.110692 2.74388e-19)
(0.0648378 -0.0845867 -3.31977e-19)
(0.0363822 -0.0521088 1.38325e-19)
(0.238735 -0.100279 -3.32158e-20)
(0.217876 -0.112418 1.48139e-20)
(0.195213 -0.122705 -8.12318e-20)
(0.171562 -0.130375 1.48201e-19)
(0.14709 -0.134585 7.76311e-19)
(0.122247 -0.13271 4.77772e-19)
(0.0943975 -0.121751 1.28889e-19)
(0.0713931 -0.10257 5.73762e-19)
(0.0515678 -0.0778199 0)
(0.0293218 -0.0463846 0)
(0.211515 -0.0382646 8.95961e-20)
(0.190132 -0.0522122 1.48275e-19)
(0.167637 -0.0648826 1.36753e-19)
(0.144686 -0.07575 7.2943e-21)
(0.12157 -0.0844886 0)
(0.0992826 -0.0902519 -2.0549e-20)
(0.077666 -0.0923845 -4.32674e-20)
(0.0578863 -0.0879455 -9.87139e-20)
(0.0392724 -0.0692576 2.43959e-19)
(0.020712 -0.0394364 1.02677e-19)
(0.196911 0.0324927 -5.01008e-20)
(0.174574 0.0161798 1.44721e-20)
(0.151677 0.000492821 1.99748e-19)
(0.128832 -0.014052 0)
(0.106401 -0.0272028 0)
(0.0849898 -0.0389283 0)
(0.0651402 -0.0492677 -5.8752e-19)
(0.0474727 -0.0574606 6.76362e-19)
(0.0290023 -0.0558198 3.84002e-19)
(0.0110108 -0.031886 3.10438e-19)
(0.191012 0.109153 1.05546e-19)
(0.16741 0.0902623 2.67563e-19)
(0.143532 0.0711284 7.99928e-22)
(0.11994 0.0520831 -1.17067e-19)
(0.0971783 0.0337798 1.47708e-20)
(0.0757797 0.0167293 -4.25748e-19)
(0.055874 0.000779973 3.1969e-19)
(0.0384329 -0.014102 1.43179e-18)
(0.0221128 -0.0269565 -3.00461e-19)
(0.00619295 -0.0260446 -3.26664e-19)
(0.190582 0.189071 1.20138e-19)
(0.165403 0.16766 -7.60317e-21)
(0.140295 0.145723 -8.66412e-20)
(0.115359 0.122509 1.12475e-19)
(0.0910223 0.0981169 -1.91058e-19)
(0.0682747 0.0740235 -6.90509e-19)
(0.0480424 0.0516465 1.96875e-19)
(0.0306982 0.0306851 8.38486e-19)
(0.0166256 0.0110912 -3.76675e-19)
(0.0066227 -0.00954629 -1.19112e-19)
(0.19469 0.270977 -2.33482e-20)
(0.167048 0.246307 -5.96435e-20)
(0.140251 0.221619 5.97834e-20)
(0.114017 0.196103 3.23386e-19)
(0.0878626 0.167735 -1.1935e-20)
(0.0621779 0.13595 2.917e-20)
(0.0391388 0.103611 9.53461e-19)
(0.0207474 0.0731559 -4.39054e-19)
(0.00742027 0.0434065 -9.29038e-20)
(-0.00299957 0.0120125 1.33912e-19)
(0.208111 0.356769 -1.96837e-19)
(0.176876 0.327585 -8.27695e-21)
(0.146749 0.297771 1.80768e-19)
(0.11848 0.268594 0)
(0.0915645 0.238768 -1.07323e-19)
(0.0644857 0.204192 -1.84451e-20)
(0.0378277 0.16169 2.2342e-19)
(0.0156725 0.11365 -3.91414e-20)
(0.00279716 0.0641529 -2.42679e-20)
(-0.00398516 0.019319 -4.13159e-20)
(0.618607 -0.00684831 5.94413e-19)
(0.761331 -0.0105704 -4.43359e-19)
(0.876544 -0.0144668 2.57171e-19)
(0.967309 -0.0168218 -1.63184e-20)
(1.0096 -0.0226733 -6.53337e-19)
(0.884613 -0.0227897 -1.76613e-18)
(0.752175 -0.0205757 2.11335e-19)
(0.585325 -0.0177617 2.42828e-20)
(0.385733 -0.0129061 -2.75534e-20)
(0.147212 -0.00555382 6.2758e-19)
(0.631135 -0.0219445 -7.44778e-20)
(0.766062 -0.0329301 -2.22929e-20)
(0.874212 -0.044049 -1.05598e-18)
(0.962759 -0.0515541 4.00342e-21)
(0.984244 -0.0667544 2.16487e-18)
(0.863121 -0.0668279 -2.00026e-19)
(0.732027 -0.0603567 -2.46066e-18)
(0.568202 -0.0519311 1.33489e-20)
(0.37326 -0.0376062 -1.48652e-19)
(0.141848 -0.0161412 4.86243e-19)
(0.651003 -0.0405964 4.07274e-19)
(0.772236 -0.0582561 9.7137e-20)
(0.868108 -0.0747584 -4.15405e-19)
(0.951735 -0.0903768 -1.15091e-18)
(0.933563 -0.107374 1.37794e-18)
(0.821899 -0.105961 1.40643e-18)
(0.693124 -0.0961551 5.93897e-19)
(0.535391 -0.0821483 -6.61344e-20)
(0.34947 -0.0590933 2.23675e-19)
(0.131657 -0.0252263 2.33721e-21)
(0.671296 -0.0636211 -5.74001e-19)
(0.775037 -0.0866885 4.86959e-19)
(0.856879 -0.106107 7.21332e-19)
(0.922928 -0.132372 -9.65755e-19)
(0.867296 -0.143805 1.45879e-18)
(0.76398 -0.138757 -5.67166e-19)
(0.638878 -0.12619 2.76395e-20)
(0.489766 -0.106616 4.21915e-19)
(0.316607 -0.0758886 7.26035e-19)
(0.117671 -0.0321012 -9.19426e-20)
(0.685401 -0.0910465 3.81112e-19)
(0.769285 -0.117207 -8.50692e-20)
(0.836933 -0.139381 4.43864e-19)
(0.863884 -0.170089 1.09452e-18)
(0.791159 -0.174778 3.59143e-20)
(0.6929 -0.165675 1.59988e-18)
(0.573674 -0.149738 -1.36763e-18)
(0.435331 -0.124717 -6.0141e-19)
(0.277949 -0.0875148 -5.73186e-19)
(0.101471 -0.0365394 -3.21593e-19)
(0.688461 -0.121941 -7.88328e-19)
(0.752673 -0.148454 6.52328e-19)
(0.800061 -0.176383 -2.38399e-18)
(0.779454 -0.198823 -6.7861e-19)
(0.706147 -0.1979 7.86316e-19)
(0.612879 -0.186055 1.04312e-18)
(0.50218 -0.166207 3.2323e-19)
(0.376568 -0.136313 -1.41688e-19)
(0.237227 -0.094203 -4.40818e-19)
(0.0849008 -0.0388088 -2.28543e-19)
(0.676563 -0.1531 2.00026e-18)
(0.720649 -0.180242 -4.59844e-19)
(0.729524 -0.208062 1.73571e-18)
(0.684985 -0.218417 -3.45064e-18)
(0.615626 -0.213898 -1.2495e-18)
(0.529579 -0.199573 3.41923e-19)
(0.428974 -0.175867 1.85707e-19)
(0.317429 -0.142049 -2.31624e-19)
(0.197731 -0.0970114 4.00721e-19)
(0.0696563 -0.0397238 -1.04476e-19)
(0.647139 -0.183201 -8.66678e-20)
(0.659008 -0.210259 -1.73282e-19)
(0.634802 -0.225888 -4.70293e-19)
(0.587427 -0.230437 8.34161e-19)
(0.524762 -0.223923 1.10364e-18)
(0.447949 -0.206993 -2.72688e-20)
(0.357274 -0.179795 -2.33094e-19)
(0.260446 -0.143208 -7.80021e-20)
(0.161959 -0.0977304 2.24799e-21)
(0.0571789 -0.040762 2.16401e-19)
(0.584843 -0.210079 -1.08344e-19)
(0.566679 -0.225374 -9.94613e-19)
(0.535714 -0.233821 -6.90821e-21)
(0.492512 -0.236587 3.64325e-19)
(0.439003 -0.228514 -5.39796e-19)
(0.371113 -0.209063 1.48854e-18)
(0.288592 -0.178303 7.70695e-19)
(0.207837 -0.140562 -1.71399e-19)
(0.132277 -0.0981093 -3.57887e-20)
(0.0489404 -0.0441329 1.19417e-19)
(0.494484 -0.218551 -9.77985e-19)
(0.472248 -0.226046 -3.6376e-19)
(0.442778 -0.234325 -1.48476e-20)
(0.406097 -0.236205 -3.48737e-20)
(0.361047 -0.227352 8.89321e-21)
(0.300759 -0.205141 -1.21511e-18)
(0.22637 -0.17065 4.96097e-19)
(0.164076 -0.13445 7.43512e-20)
(0.110514 -0.0984241 3.96378e-21)
(0.0453856 -0.0511817 5.1616e-20)
(0.911682 0.406396 -7.48711e-18)
(1.15867 0.2527 -2.52036e-19)
(0.783333 0.168385 -1.3636e-19)
(0.73922 0.0694681 1.31703e-19)
(0.676288 0.0274854 -2.68525e-20)
(0.656806 0.0200231 2.04858e-20)
(0.613184 0.0359055 6.49373e-20)
(0.543502 0.0417031 -6.81828e-20)
(0.43443 -0.00328105 -9.60237e-20)
(0.384151 -0.115727 -2.34194e-19)
(0.9345 0.378976 3.73668e-18)
(1.25119 0.285016 -8.38556e-20)
(0.883618 0.211583 1.33777e-20)
(0.850263 0.0904315 -3.3301e-21)
(0.779649 0.038518 1.05148e-19)
(0.754238 0.0268242 -1.57058e-19)
(0.701184 0.0479913 1.08482e-19)
(0.609874 0.0695742 -1.74747e-19)
(0.445362 0.0396959 -2.92107e-21)
(0.34501 -0.0809606 -1.53424e-19)
(0.942861 0.340597 3.85842e-18)
(1.31886 0.308842 -1.48481e-19)
(0.976055 0.251004 2.77203e-19)
(0.957577 0.111206 1.29172e-19)
(0.881565 0.0510495 -3.09753e-20)
(0.849978 0.0354764 2.1504e-19)
(0.784205 0.0641079 1.04974e-19)
(0.660891 0.104105 0)
(0.467358 0.0868853 -1.69683e-19)
(0.314768 -0.0377109 -1.81851e-19)
(0.943582 0.2969 -1.6998e-18)
(1.33306 0.317788 -9.24817e-20)
(1.06247 0.284303 -4.88771e-20)
(1.06035 0.13136 2.89144e-20)
(0.980389 0.0651405 -3.8819e-19)
(0.941231 0.0469061 3.2646e-19)
(0.857232 0.0872 -1.65291e-19)
(0.700542 0.145765 3.78455e-19)
(0.493295 0.142035 -4.49423e-19)
(0.296878 0.0184225 4.76588e-19)
(0.944071 0.254997 -2.62896e-20)
(1.29559 0.30232 2.13558e-20)
(1.14293 0.307446 1.91791e-20)
(1.15694 0.14977 -2.18623e-19)
(1.07388 0.0808305 2.16061e-20)
(1.02438 0.0624457 -3.13202e-19)
(0.916357 0.118031 -1.00166e-18)
(0.73474 0.19247 3.57582e-19)
(0.519895 0.202645 3.89155e-19)
(0.291336 0.0849175 8.72317e-19)
(0.947218 0.219087 2.77539e-20)
(1.25943 0.282048 1.8771e-19)
(1.21713 0.315005 4.263e-20)
(1.24692 0.16629 1.56331e-19)
(1.15862 0.0987228 1.93894e-19)
(1.09444 0.0839708 -2.05122e-19)
(0.961952 0.155543 -1.57863e-19)
(0.76646 0.243963 -2.79951e-19)
(0.545635 0.268292 2.78687e-19)
(0.294801 0.158866 3.28837e-19)
(0.951439 0.188581 0)
(1.22906 0.256591 -1.40942e-19)
(1.23288 0.288088 -1.70477e-20)
(1.31604 0.182258 -6.46294e-22)
(1.22924 0.118281 1.16108e-19)
(1.14705 0.112094 3.19563e-20)
(0.997506 0.197977 2.58998e-19)
(0.796978 0.299327 -1.92467e-19)
(0.570921 0.338035 -5.41009e-21)
(0.304026 0.238222 -5.68762e-19)
(0.955462 0.161478 0)
(1.20529 0.228232 0)
(1.22337 0.263256 -1.43109e-20)
(1.31404 0.187405 -1.96019e-19)
(1.28117 0.138121 1.28368e-20)
(1.1826 0.144607 -1.83697e-19)
(1.0267 0.243877 2.62891e-19)
(0.82745 0.357654 1.09951e-19)
(0.597313 0.411205 4.78782e-21)
(0.317748 0.32171 -4.201e-19)
(0.958744 0.136653 0)
(1.18685 0.199855 -4.71006e-21)
(1.21057 0.23774 1.64738e-20)
(1.30009 0.184642 -9.915e-21)
(1.30317 0.153955 -5.75759e-20)
(1.20705 0.178362 7.13487e-20)
(1.05268 0.29179 5.86989e-20)
(0.859672 0.417962 1.14236e-19)
(0.627043 0.487089 -1.22377e-20)
(0.337615 0.408732 4.23279e-19)
(0.961103 0.113535 6.56413e-21)
(1.17302 0.173261 -9.53078e-21)
(1.19952 0.212328 -9.01155e-21)
(1.2879 0.177913 3.87963e-20)
(1.30509 0.161382 -1.32047e-20)
(1.22651 0.211478 2.43546e-20)
(1.07852 0.340266 -2.53825e-20)
(0.895781 0.479265 -4.25266e-20)
(0.662447 0.564797 -1.2192e-19)
(0.368109 0.49882 -1.63939e-19)
(0.24139 0.0752672 5.0691e-18)
(0.181473 0.00187449 1.36918e-18)
(0.0929917 -0.0110399 -7.25616e-19)
(0.0765134 -0.00225026 3.01385e-20)
(0.0670478 -0.00153744 7.98648e-20)
(0.0648826 -0.000523282 7.85859e-20)
(0.0612479 -0.000670837 -4.97857e-20)
(0.0563825 -0.000344886 -2.19802e-20)
(0.0570355 0.00445149 -1.77513e-19)
(0.0825756 0.00667672 -7.09529e-20)
(0.529835 0.247895 2.09927e-17)
(0.459977 0.054793 4.67527e-18)
(0.26512 0.0169963 -4.81554e-19)
(0.221005 0.0079134 6.16729e-19)
(0.196947 0.00210319 2.21867e-19)
(0.191474 0.00155118 9.95772e-20)
(0.180854 0.00244917 -1.89428e-19)
(0.164048 0.00131877 1.93489e-19)
(0.159851 -0.00555881 -6.30505e-19)
(0.23148 -0.0138029 -1.27817e-18)
(0.693687 0.352388 1.57229e-19)
(0.690019 0.112001 3.97663e-19)
(0.418425 0.0472539 -4.9632e-20)
(0.360205 0.0205577 -4.78624e-20)
(0.32388 0.00621213 0)
(0.315392 0.00433241 0)
(0.297681 0.00733799 0)
(0.268988 0.00565921 0)
(0.252068 -0.0136287 2.0192e-20)
(0.35845 -0.0377945 5.78468e-20)
(0.79718 0.403456 4.03243e-19)
(0.878738 0.165052 -2.25624e-18)
(0.554276 0.0842846 -6.72408e-19)
(0.493147 0.0353688 0)
(0.446803 0.0118431 0)
(0.435388 0.00827344 0)
(0.409768 0.0144198 0)
(0.367763 0.0128523 0)
(0.330349 -0.0220509 0)
(0.440617 -0.0786013 6.59148e-19)
(0.868128 0.418158 -1.69538e-19)
(1.03561 0.211748 -9.23213e-19)
(0.674662 0.125212 0)
(0.620946 0.051661 2.27847e-19)
(0.566104 0.0187196 0)
(0.551735 0.0135452 0)
(0.517865 0.0240955 1.06067e-19)
(0.464093 0.0226132 -1.60709e-19)
(0.416171 -0.0271175 0)
(0.420984 -0.113409 8.03049e-20)
(0.0985304 0.00308585 -4.33432e-19)
(0.096643 0.00407089 -1.00652e-19)
(0.0955711 0.00288764 3.19017e-19)
(0.0931211 0.00146391 5.18934e-19)
(0.0893175 0.000562897 1.93113e-19)
(0.0842545 0.000190176 -2.94531e-19)
(0.0782295 9.17397e-05 -9.22435e-21)
(0.0720753 8.15148e-05 -3.58238e-20)
(0.0669323 7.12654e-05 -7.882e-20)
(0.063958 2.80643e-05 7.08655e-20)
(0.274174 -0.0325872 -1.21239e-18)
(0.2696 -0.0242412 -7.29703e-19)
(0.266007 -0.0191041 2.91647e-19)
(0.259267 -0.0149397 -3.54889e-19)
(0.249058 -0.0112382 5.39083e-19)
(0.235703 -0.0078117 4.11164e-19)
(0.220013 -0.00498123 1.93144e-19)
(0.203981 -0.00288217 2.01183e-19)
(0.190537 -0.00141494 -2.69724e-19)
(0.182755 -0.000414905 -1.57448e-21)
(0.417245 -0.0817211 3.15672e-19)
(0.41411 -0.0644752 -7.04128e-19)
(0.411613 -0.0520149 -4.9262e-19)
(0.404085 -0.0408807 1.56894e-19)
(0.390537 -0.0307284 -1.16804e-18)
(0.371604 -0.0216407 -1.22836e-19)
(0.348853 -0.0141651 -3.62797e-19)
(0.325231 -0.00848091 2.72573e-19)
(0.305135 -0.0043377 -2.45941e-21)
(0.293362 -0.00131096 -1.84072e-19)
(0.516108 -0.138123 -6.15309e-19)
(0.521018 -0.112584 3.12326e-19)
(0.525096 -0.0938701 -1.03737e-18)
(0.522034 -0.0752258 -8.29093e-19)
(0.510125 -0.0570704 -1.39644e-19)
(0.489842 -0.0405462 -4.02303e-19)
(0.463567 -0.0267822 -3.38444e-19)
(0.435224 -0.0161168 -4.78682e-19)
(0.410568 -0.00824789 5.29166e-19)
(0.395925 -0.00248467 2.09196e-20)
(0.545251 -0.203989 -5.08556e-19)
(0.585452 -0.170073 -6.51815e-19)
(0.606655 -0.142987 2.02155e-18)
(0.615126 -0.117047 4.44599e-19)
(0.610246 -0.0896903 -9.72395e-20)
(0.592771 -0.064266 1.4178e-19)
(0.56613 -0.0428825 9.15575e-19)
(0.535297 -0.0260801 -2.93572e-19)
(0.507491 -0.0134904 4.4256e-19)
(0.490636 -0.00409304 3.46298e-19)
)
;

boundaryField
{
    left
    {
        type            fixedValue;
        value           uniform (1 0 0);
    }
    right
    {
        type            zeroGradient;
    }
    down
    {
        type            noSlip;
    }
    up
    {
        type            noSlip;
    }
    cylinder
    {
        type            noSlip;
    }
    defaultFaces
    {
        type            empty;
    }
}


// ************************************************************************* //
