/*--------------------------------*- C++ -*----------------------------------*\
  =========                 |
  \\      /  F ield         | OpenFOAM: The Open Source CFD Toolbox
   \\    /   O peration     | Website:  https://openfoam.org
    \\  /    A nd           | Version:  13
     \\/     M anipulation  |
\*---------------------------------------------------------------------------*/
FoamFile
{
    format      ascii;
    class       volVectorField;
    location    "0.995";
    object      U;
}
// * * * * * * * * * * * * * * * * * * * * * * * * * * * * * * * * * * * * * //

dimensions      [0 1 -1 0 0 0 0];

internalField   nonuniform List<vector> 
1800
(
(0.0978001 -0.0883279 -4.4882e-20)
(0.286894 -0.24195 -3.4111e-20)
(0.473972 -0.379043 -4.85007e-19)
(0.657691 -0.500158 1.91467e-19)
(0.836612 -0.607172 7.44042e-20)
(1.00992 -0.70138 -3.90496e-20)
(1.17716 -0.783475 5.54998e-20)
(1.33794 -0.85369 1.97506e-19)
(1.4916 -0.912978 5.92316e-19)
(1.63354 -0.966921 8.10115e-19)
(0.11906 -0.0915021 -7.9109e-20)
(0.34429 -0.247708 -7.70611e-19)
(0.563281 -0.384749 3.78144e-21)
(0.775363 -0.504236 1.25733e-19)
(0.979506 -0.608922 -1.26247e-19)
(1.17522 -0.700697 7.65656e-20)
(1.36232 -0.780792 -2.8074e-19)
(1.54078 -0.850105 -5.03083e-20)
(1.71011 -0.910714 -6.93602e-19)
(1.86786 -0.967058 6.29843e-19)
(0.14165 -0.0923226 4.88225e-20)
(0.403679 -0.24773 2.09287e-19)
(0.653754 -0.382116 5.43302e-19)
(0.892177 -0.497904 -1.90253e-19)
(1.11866 -0.598385 -1.4299e-19)
(1.33321 -0.685813 7.56024e-20)
(1.53606 -0.761708 9.82337e-20)
(1.72743 -0.827301 1.94051e-19)
(1.90721 -0.884808 2.73663e-21)
(2.07422 -0.937878 1.50978e-19)
(0.163906 -0.0897205 -4.57189e-20)
(0.461697 -0.239469 -2.0439e-19)
(0.741427 -0.367618 -1.81257e-19)
(1.00451 -0.476976 -1.4229e-19)
(1.25162 -0.571022 1.81301e-19)
(1.48351 -0.652128 -5.70876e-20)
(1.70093 -0.721907 -4.30994e-21)
(1.90453 -0.781624 2.90529e-21)
(2.09456 -0.833369 -1.60489e-19)
(2.27026 -0.880362 -1.05917e-19)
(0.184657 -0.0833562 -1.14034e-19)
(0.515893 -0.221807 8.76392e-20)
(0.823291 -0.33943 1.79834e-19)
(1.10931 -0.439063 2.43296e-19)
(1.37561 -0.524071 -2.8501e-19)
(1.62371 -0.596778 -3.58067e-21)
(1.85494 -0.658768 4.2495e-19)
(2.07043 -0.711264 -1.85055e-19)
(2.27083 -0.756166 -1.23984e-19)
(2.45578 -0.796401 -5.3538e-20)
(0.203189 -0.0734999 1.73587e-19)
(0.56447 -0.1952 1.02983e-18)
(0.89679 -0.298074 1.43257e-19)
(1.20351 -0.384735 -5.03127e-19)
(1.48719 -0.458226 -1.75496e-19)
(1.75003 -0.520669 6.37664e-19)
(1.9939 -0.573525 -1.45365e-19)
(2.22036 -0.617901 -4.31557e-19)
(2.43047 -0.655446 -3.16673e-19)
(2.6242 -0.688745 2.61586e-19)
(0.218898 -0.0605912 1.16339e-19)
(0.605744 -0.1607 -7.47582e-19)
(0.959312 -0.24503 -1.08559e-18)
(1.2837 -0.315798 3.83777e-19)
(1.58223 -0.375564 4.49928e-19)
(1.85767 -0.426128 -9.02013e-22)
(2.11239 -0.46874 -6.3965e-19)
(2.34829 -0.504326 2.1931e-19)
(2.56683 -0.534214 -3.64522e-19)
(2.76827 -0.560572 -3.11226e-19)
(0.231235 -0.0451722 -3.42481e-19)
(0.638198 -0.119684 -6.92591e-19)
(1.00849 -0.182294 1.21219e-18)
(1.34677 -0.2347 5.98691e-19)
(1.65693 -0.278852 -2.6975e-19)
(1.94224 -0.316136 -2.11491e-19)
(2.20543 -0.347516 0)
(2.44874 -0.37369 1.16797e-19)
(2.67398 -0.395623 -2.95837e-19)
(2.88171 -0.414971 -7.74179e-20)
(0.239766 -0.0278753 -2.04463e-19)
(0.660651 -0.0737557 5.62375e-19)
(1.04249 -0.112198 1.71005e-19)
(1.39031 -0.144289 -5.12484e-19)
(1.7084 -0.171277 -7.8418e-19)
(2.00037 -0.194054 3.66183e-20)
(2.26923 -0.213246 1.67126e-19)
(2.51752 -0.229294 -5.4683e-19)
(2.74731 -0.242785 -2.89766e-19)
(2.95953 -0.254779 -5.6359e-19)
(0.244259 -0.0094024 4.51401e-19)
(0.672451 -0.024704 3.44143e-19)
(1.0603 -0.0373616 -9.38584e-20)
(1.41303 -0.0477885 -1.29776e-20)
(1.73514 -0.0564624 -3.87501e-19)
(2.03041 -0.0637233 -8.57328e-20)
(2.30205 -0.0698104 -2.90573e-19)
(2.55275 -0.0748907 6.4655e-19)
(2.7848 -0.0791717 1.71001e-19)
(2.99945 -0.0830126 2.21989e-21)
(-0.00234127 -0.0217702 -3.54753e-20)
(0.00856853 -0.0693621 -6.9895e-20)
(0.024845 -0.120627 -7.33416e-21)
(0.0492816 -0.171415 -3.39218e-20)
(0.077632 -0.216831 -1.27393e-20)
(0.106458 -0.254966 -3.90091e-19)
(0.135469 -0.288889 -1.95683e-20)
(0.166249 -0.322211 1.19954e-19)
(0.199075 -0.355746 1.09379e-20)
(0.232965 -0.388135 -3.57009e-20)
(0.00085209 -0.0246643 -9.77637e-20)
(0.0149299 -0.0850512 -2.13755e-19)
(0.0393433 -0.160442 -5.28804e-20)
(0.0692649 -0.225426 -1.10216e-19)
(0.0994593 -0.275718 -9.60774e-20)
(0.1304 -0.318143 -2.79186e-19)
(0.164405 -0.359144 2.0014e-19)
(0.202066 -0.400573 1.68824e-19)
(0.241568 -0.440518 -2.57061e-19)
(0.281073 -0.476918 8.14543e-20)
(0.00549736 -0.0314704 -8.54175e-20)
(0.0287722 -0.107401 -8.69524e-19)
(0.0628696 -0.196179 -1.30305e-19)
(0.0974515 -0.269075 9.24205e-20)
(0.131789 -0.327319 6.76412e-20)
(0.169608 -0.380395 -4.47525e-19)
(0.212902 -0.432449 3.5319e-20)
(0.259097 -0.481974 3.67027e-19)
(0.305439 -0.526455 -3.86769e-19)
(0.351379 -0.565864 -2.58716e-19)
(0.0113682 -0.0409665 -1.77394e-21)
(0.0466238 -0.130868 1.90262e-19)
(0.0896524 -0.225371 1.60263e-21)
(0.133079 -0.307092 -1.06909e-20)
(0.177775 -0.377936 -2.99341e-20)
(0.227223 -0.443941 8.55387e-20)
(0.281079 -0.505738 7.25171e-20)
(0.335648 -0.56103 -1.35942e-19)
(0.389703 -0.609527 9.21188e-21)
(0.443865 -0.652107 -1.04426e-20)
(0.0185084 -0.0507595 0)
(0.0672391 -0.152424 5.52186e-21)
(0.121946 -0.253653 -5.11542e-19)
(0.178698 -0.345506 5.17717e-20)
(0.237804 -0.428616 -9.42811e-21)
(0.300511 -0.505147 4.86089e-21)
(0.365305 -0.574456 -2.51452e-20)
(0.429799 -0.635532 -7.76218e-21)
(0.493933 -0.688953 0)
(0.558123 -0.734977 -2.05803e-20)
(0.0273245 -0.0596434 3.18966e-20)
(0.091895 -0.172852 -1.54648e-19)
(0.161769 -0.282529 -4.62376e-20)
(0.234632 -0.383904 -5.82561e-20)
(0.309738 -0.476776 4.95555e-20)
(0.386739 -0.561571 6.10058e-21)
(0.464245 -0.637753 8.8619e-20)
(0.540939 -0.705012 -2.17524e-20)
(0.616909 -0.763528 -6.95839e-19)
(0.692159 -0.812745 -1.00991e-20)
(0.0379735 -0.0676008 6.74246e-22)
(0.121236 -0.192175 5.54582e-20)
(0.209164 -0.310617 -7.83337e-20)
(0.299928 -0.420182 -1.66794e-20)
(0.392139 -0.520681 -7.29065e-20)
(0.484782 -0.612148 -9.23686e-21)
(0.576707 -0.694357 1.02424e-20)
(0.666948 -0.767189 -2.11212e-19)
(0.755534 -0.830324 3.83291e-19)
(0.842327 -0.882392 9.7124e-19)
(0.0503601 -0.0745986 1.50998e-20)
(0.155128 -0.209607 -1.42205e-19)
(0.263462 -0.335963 -2.13639e-19)
(0.373671 -0.452112 8.89619e-20)
(0.484105 -0.55827 -6.43046e-20)
(0.593549 -0.654627 9.85088e-20)
(0.700951 -0.741294 1.96477e-19)
(0.805418 -0.818327 -1.08878e-19)
(0.907032 -0.885152 -3.05823e-19)
(1.00571 -0.939578 7.25151e-19)
(0.0642889 -0.0803582 -2.65186e-20)
(0.193284 -0.224023 -5.78106e-19)
(0.324296 -0.356557 5.24271e-19)
(0.455684 -0.47723 3.37456e-19)
(0.585741 -0.586747 -8.59079e-20)
(0.713228 -0.685665 3.08556e-19)
(0.837136 -0.774444 -1.59934e-19)
(0.956573 -0.853476 -7.72493e-19)
(1.07174 -0.922062 -4.03618e-19)
(1.18269 -0.977316 4.53547e-19)
(0.0795442 -0.084665 -7.98152e-20)
(0.235844 -0.234415 -5.44372e-19)
(0.392391 -0.370523 -8.3223e-21)
(0.547542 -0.492794 6.887e-20)
(0.699596 -0.602464 3.37729e-19)
(0.847395 -0.700436 -1.85371e-19)
(0.990018 -0.787448 -1.69416e-19)
(1.12654 -0.863838 1.88934e-19)
(1.25682 -0.928667 -3.51568e-19)
(1.38008 -0.98038 -5.84473e-19)
(0.40285 -0.532302 9.81533e-19)
(0.684757 -0.618946 -2.38515e-19)
(0.913678 -0.558473 -1.41588e-19)
(1.08775 -0.432302 2.66868e-19)
(1.24054 -0.281447 -2.29403e-19)
(1.36332 -0.141134 -2.98254e-19)
(1.46269 -0.0376651 -2.65905e-19)
(1.52423 0.01585 -3.18289e-20)
(1.54843 0.0330923 -6.04384e-20)
(1.57126 0.0254235 3.08571e-20)
(0.468785 -0.620153 9.63859e-19)
(0.741366 -0.694372 7.07912e-20)
(0.966154 -0.61854 1.09943e-20)
(1.1248 -0.481606 -2.14133e-19)
(1.26579 -0.321911 -7.09639e-19)
(1.38162 -0.174052 0)
(1.48248 -0.0632539 -2.4855e-19)
(1.56194 0.000483824 5.18816e-20)
(1.60356 0.0253301 4.60725e-21)
(1.64265 0.0204797 3.58712e-20)
(0.556132 -0.705783 -9.98364e-19)
(0.810655 -0.767327 -7.13068e-20)
(1.02537 -0.676445 1.56405e-19)
(1.16606 -0.528717 -5.41236e-20)
(1.29121 -0.361145 -3.65962e-20)
(1.39755 -0.206858 6.39115e-20)
(1.49422 -0.0908188 0)
(1.58307 -0.0201329 0)
(1.64286 0.0115729 6.49052e-22)
(1.70626 0.0123874 0)
(0.665642 -0.787498 -2.252e-19)
(0.895485 -0.835863 4.05747e-19)
(1.09178 -0.731124 2.68502e-20)
(1.21227 -0.572641 0)
(1.31774 -0.398245 6.0562e-19)
(1.41219 -0.238487 -1.39224e-19)
(1.50138 -0.118926 0)
(1.59303 -0.042909 1.40279e-19)
(1.65838 -0.00893756 0)
(1.75834 0.000368574 -5.51399e-20)
(0.795709 -0.864148 -1.48774e-19)
(0.997535 -0.897999 4.56599e-19)
(1.16602 -0.781426 -1.46559e-20)
(1.26361 -0.612553 0)
(1.34612 -0.432379 1.80623e-19)
(1.42609 -0.26814 2.63754e-19)
(1.50578 -0.146393 4.66535e-20)
(1.59691 -0.0659709 6.37615e-21)
(1.65737 -0.031465 -1.56333e-20)
(1.79011 -0.0197724 3.79669e-20)
(0.942241 -0.934983 -1.33433e-18)
(1.11641 -0.952387 -9.44811e-19)
(1.2487 -0.82609 4.7523e-21)
(1.31983 -0.647737 5.77047e-19)
(1.37671 -0.462772 -3.08849e-19)
(1.4394 -0.295211 1.45895e-19)
(1.5085 -0.172283 2.26456e-19)
(1.5941 -0.0888286 -1.88288e-19)
(1.65638 -0.0527819 -1.90596e-21)
(1.76455 -0.0415802 -2.94695e-20)
(1.10011 -0.999628 -2.6132e-19)
(1.24996 -0.998842 2.87396e-19)
(1.34005 -0.864003 3.89475e-21)
(1.38061 -0.677515 -1.76597e-20)
(1.40958 -0.488686 -5.95905e-19)
(1.45214 -0.319125 5.34575e-20)
(1.50979 -0.196091 -9.49161e-20)
(1.58692 -0.109517 -2.56391e-20)
(1.65058 -0.073747 1.53412e-20)
(1.71085 -0.0529526 -2.4376e-20)
(1.26435 -1.05698 -1.20017e-18)
(1.39472 -1.03797 2.10488e-19)
(1.43904 -0.894579 0)
(1.44498 -0.701459 3.44659e-20)
(1.44403 -0.509648 5.24064e-19)
(1.46391 -0.339486 -1.95996e-21)
(1.50858 -0.217466 -3.23464e-19)
(1.57972 -0.127735 8.29069e-20)
(1.61441 -0.0876172 -2.43584e-21)
(1.64499 -0.0589423 -7.41959e-20)
(1.43203 -1.10361 3.39083e-18)
(1.54804 -1.07069 2.45516e-19)
(1.54551 -0.918526 4.65531e-19)
(1.51319 -0.719985 -3.17909e-20)
(1.48018 -0.52581 -3.44762e-20)
(1.47419 -0.356557 -4.28006e-19)
(1.50522 -0.235214 9.9993e-20)
(1.55313 -0.143775 3.14276e-21)
(1.55605 -0.0919435 -2.42568e-20)
(1.57126 -0.0617357 8.76135e-20)
(1.59927 -1.12827 -2.99791e-18)
(1.70187 -1.09585 1.27175e-18)
(1.65388 -0.938491 -2.33784e-19)
(1.58136 -0.736585 -7.89951e-19)
(1.51499 -0.540704 -6.53558e-19)
(1.48056 -0.374036 -2.4837e-19)
(1.49471 -0.253506 -7.44439e-20)
(1.49522 -0.149994 0)
(1.48914 -0.0931976 -8.61131e-20)
(1.4924 -0.0629077 1.78165e-19)
(1.88822 -1.17031 -6.7096e-18)
(1.92742 -1.10538 -1.69117e-18)
(1.80479 -0.932662 -5.76952e-20)
(1.67306 -0.728294 1.11564e-19)
(1.56143 -0.535748 1.57079e-19)
(1.48833 -0.374561 -9.76216e-20)
(1.43621 -0.250276 -3.98032e-20)
(1.41058 -0.148126 7.85717e-20)
(1.39601 -0.0919909 -6.88469e-20)
(1.38735 -0.0626953 -8.15094e-20)
(2.28937 -1.13495 4.96011e-19)
(2.17885 -1.0569 -2.93823e-19)
(1.94258 -0.865639 4.8473e-19)
(1.73532 -0.665221 -8.25226e-20)
(1.56064 -0.481982 -1.67634e-20)
(1.4243 -0.334797 -7.7416e-20)
(1.33624 -0.224658 9.03999e-20)
(1.29375 -0.136123 -3.3182e-20)
(1.27175 -0.0858972 2.27706e-19)
(1.25272 -0.0594329 1.05542e-19)
(2.61059 -1.04367 2.27078e-18)
(2.35186 -0.948883 3.25676e-19)
(2.00795 -0.759672 -1.17481e-19)
(1.7319 -0.573217 1.69559e-36)
(1.50391 -0.411589 -2.56907e-20)
(1.33708 -0.287681 1.49007e-33)
(1.22995 -0.194638 -2.19988e-20)
(1.17093 -0.120977 -1.79579e-33)
(1.14132 -0.0773116 7.26169e-21)
(1.1136 -0.0539958 -9.72626e-21)
(2.78699 -0.894015 3.88517e-33)
(2.36929 -0.795706 2.96657e-18)
(1.97329 -0.630625 1.81611e-18)
(1.65297 -0.469585 0)
(1.40559 -0.335411 8.27756e-19)
(1.22823 -0.23423 4.22157e-19)
(1.1112 -0.159461 1.70692e-19)
(1.04167 -0.101796 -3.16166e-33)
(1.00554 -0.0661732 -5.15802e-20)
(0.971078 -0.0467537 4.34741e-21)
(2.7636 -0.705923 3.84238e-18)
(2.2458 -0.629929 -1.46794e-19)
(1.84634 -0.491098 0)
(1.51525 -0.361783 0)
(1.27075 -0.255941 0)
(1.09632 -0.178757 0)
(0.979187 -0.122836 -1.29699e-20)
(0.905678 -0.0803731 -4.42138e-33)
(0.865357 -0.0531526 8.24521e-21)
(0.826324 -0.0382054 2.28188e-34)
(2.55114 -0.517051 3.26539e-18)
(2.02 -0.462934 0)
(1.63846 -0.353677 0)
(1.32661 -0.256762 0)
(1.10067 -0.179798 0)
(0.941115 -0.1257 0)
(0.832565 -0.0872176 3.32275e-20)
(0.761663 -0.0584035 -9.63928e-20)
(0.720599 -0.039169 9.12091e-21)
(0.67989 -0.0289212 2.11436e-20)
(2.1901 -0.342717 0)
(1.7026 -0.30352 1.09792e-18)
(1.36123 -0.227621 1.09011e-18)
(1.09123 -0.16199 0)
(0.898258 -0.112366 6.65921e-19)
(0.76367 -0.0787759 4.01696e-19)
(0.671121 -0.0552579 2.48951e-19)
(0.608663 -0.0378566 8.64757e-20)
(0.570768 -0.0255295 -4.61468e-20)
(0.531961 -0.0196576 -4.62171e-23)
(1.70285 -0.191139 -6.73878e-19)
(1.30017 -0.165597 -2.7418e-19)
(1.02502 -0.121763 1.75656e-19)
(0.815039 -0.0844331 -2.11235e-34)
(0.667641 -0.0580838 -7.71573e-20)
(0.566005 -0.0410693 3.69779e-33)
(0.495359 -0.0292373 4.87805e-20)
(0.446279 -0.0205729 9.90235e-20)
(0.415362 -0.0137384 1.03422e-20)
(0.382494 -0.0113008 -3.21395e-22)
(1.10088 -0.0758225 3.40807e-18)
(0.823153 -0.0626798 -1.86604e-19)
(0.640565 -0.0442962 -5.89049e-19)
(0.506125 -0.0289852 0)
(0.413798 -0.0195647 -6.40211e-19)
(0.350585 -0.0141361 -4.32152e-19)
(0.306038 -0.010403 -2.0456e-19)
(0.274271 -0.00774601 -1.46277e-19)
(0.253676 -0.00509419 1.93534e-19)
(0.231066 -0.00468438 -3.91932e-20)
(0.397351 -0.00331885 0)
(0.287865 0.00159453 0)
(0.220886 0.0040944 0)
(0.173545 0.00624849 0)
(0.142371 0.00585969 0)
(0.121177 0.00472135 0)
(0.105826 0.00370847 5.58735e-20)
(0.0944435 0.00264446 -2.17259e-34)
(0.0867917 0.00245438 1.27828e-20)
(0.0780695 0.00113371 1.14155e-20)
(3.3671 -0.0863126 5.39218e-19)
(3.32642 -0.265088 -8.4188e-20)
(3.24735 -0.430659 8.52084e-19)
(3.13238 -0.582162 -6.04746e-19)
(2.98634 -0.718131 6.664e-19)
(2.81524 -0.836391 2.7525e-19)
(2.62661 -0.934071 -1.92742e-18)
(2.42952 -1.00786 -7.74989e-20)
(2.22469 -1.0537 0)
(1.98487 -1.06659 4.25979e-19)
(3.86191 -0.0750611 7.07367e-18)
(3.79859 -0.234217 1.95629e-18)
(3.70428 -0.387316 -4.86734e-18)
(3.58426 -0.531999 -4.49148e-19)
(3.44239 -0.665904 3.55898e-18)
(3.28186 -0.787334 1.92357e-18)
(3.10651 -0.895086 -5.16891e-18)
(2.92205 -0.987728 -1.95227e-18)
(2.72761 -1.06342 2.20324e-18)
(2.49239 -1.12056 8.52208e-19)
(3.83307 -0.0533026 -1.2626e-19)
(3.82024 -0.17157 4.40352e-18)
(3.78545 -0.299766 -1.08813e-18)
(3.72433 -0.430925 -3.44615e-18)
(3.63617 -0.558738 -6.79978e-18)
(3.52371 -0.678813 1.02787e-17)
(3.39117 -0.788807 4.18059e-18)
(3.2435 -0.888004 -3.91188e-18)
(3.08161 -0.978744 -2.90282e-18)
(2.88723 -1.06304 -3.42515e-18)
(3.62866 -0.0472876 -4.83934e-18)
(3.61961 -0.144934 -4.35337e-18)
(3.59963 -0.243744 5.47204e-18)
(3.56735 -0.343099 1.91183e-18)
(3.5224 -0.442385 -8.97101e-18)
(3.46415 -0.540817 4.92124e-19)
(3.39181 -0.637057 3.88626e-18)
(3.3051 -0.730445 -1.05388e-18)
(3.20497 -0.823082 1.27675e-18)
(3.08303 -0.914794 2.81782e-19)
(3.34405 -0.0365798 -9.1598e-19)
(3.339 -0.111657 3.00406e-18)
(3.3271 -0.188678 1.61956e-18)
(3.30744 -0.267173 -1.89424e-18)
(3.27986 -0.346072 -2.00133e-18)
(3.24465 -0.424141 -2.43389e-18)
(3.20203 -0.50034 3.79641e-19)
(3.15174 -0.574502 1.39048e-19)
(3.09547 -0.64777 -2.1396e-18)
(3.03284 -0.721319 -2.03425e-18)
(2.96257 -0.0265557 -1.82247e-18)
(2.95981 -0.07989 -5.87277e-20)
(2.9533 -0.1346 -1.6375e-18)
(2.9424 -0.190904 3.12134e-19)
(2.92675 -0.248551 5.36776e-18)
(2.90629 -0.306931 -3.66743e-19)
(2.88091 -0.365117 4.43372e-20)
(2.85022 -0.422062 -2.60854e-18)
(2.81643 -0.476887 -3.49556e-18)
(2.78599 -0.52987 3.72872e-19)
(2.48713 -0.0175117 -2.89323e-20)
(2.48578 -0.0519355 -8.143e-19)
(2.48259 -0.0872488 -2.6148e-18)
(2.47707 -0.123772 -3.43097e-18)
(2.4688 -0.161534 2.49651e-18)
(2.45744 -0.200268 1.50223e-18)
(2.44261 -0.239354 -1.38506e-18)
(2.4237 -0.277792 1.62448e-18)
(2.40274 -0.314485 -4.29699e-19)
(2.38952 -0.349543 -9.63758e-19)
(1.91464 -0.00968894 7.72442e-19)
(1.91408 -0.028298 -8.31781e-19)
(1.91278 -0.04744 -3.2768e-20)
(1.91032 -0.0673593 -3.47241e-20)
(1.90624 -0.0881303 -7.27403e-20)
(1.90013 -0.109615 -2.33191e-18)
(1.89151 -0.131405 -6.7867e-19)
(1.87978 -0.152783 2.6261e-18)
(1.86664 -0.172976 -6.03509e-19)
(1.86191 -0.192208 -1.35115e-18)
(1.23989 -0.00373787 -1.64278e-18)
(1.23967 -0.0106958 -8.48893e-19)
(1.23923 -0.0179013 2.33915e-18)
(1.23823 -0.0254786 -8.89758e-19)
(1.23625 -0.0334753 -6.74111e-19)
(1.2329 -0.0418316 1.35201e-18)
(1.22775 -0.05035 -1.29588e-18)
(1.22038 -0.0586655 1.28698e-18)
(1.21202 -0.0663427 -1.21032e-18)
(1.21007 -0.0735086 -4.2483e-18)
(0.454917 -0.000258 6.63065e-19)
(0.454827 -0.000700546 7.03038e-19)
(0.454692 -0.00115912 7.48165e-19)
(0.454325 -0.00164005 1.35394e-18)
(0.453496 -0.00214017 -6.71973e-19)
(0.451984 -0.00263717 -1.2996e-18)
(0.449568 -0.00309908 6.14708e-19)
(0.445993 -0.0035929 2.48375e-20)
(0.441737 -0.0043922 -4.96535e-20)
(0.44035 -0.00504562 1.1057e-19)
(1.65358 0.99731 -2.85851e-19)
(1.51228 0.941887 1.79914e-20)
(1.3588 0.880766 -2.28811e-19)
(1.19768 0.808452 1.76294e-19)
(1.02958 0.723987 -1.91805e-19)
(0.854826 0.627081 -1.01075e-19)
(0.673759 0.516944 2.31967e-19)
(0.487035 0.392147 -3.04865e-19)
(0.29589 0.250642 3.09879e-19)
(0.101429 0.091643 2.38686e-19)
(1.8864 0.992215 0)
(1.72969 0.934757 6.3945e-19)
(1.56084 0.872781 3.32704e-19)
(1.38229 0.801861 1.62623e-19)
(1.19453 0.719883 4.31077e-19)
(0.997534 0.625901 -8.68374e-20)
(0.79136 0.518602 -7.85249e-20)
(0.576345 0.395989 8.87321e-20)
(0.353316 0.255174 -1.04513e-18)
(0.122697 0.0943544 -1.6664e-20)
(2.09105 0.959053 1.568e-19)
(1.92524 0.905079 0)
(1.74614 0.84647 -1.00729e-19)
(1.55494 0.779554 -3.83289e-19)
(1.3517 0.702085 5.37019e-20)
(1.13609 0.61279 3.97057e-19)
(0.907782 0.510088 -6.06832e-19)
(0.666588 0.391637 -2.00885e-19)
(0.412594 0.254043 7.83573e-19)
(0.14525 0.0947344 -1.75919e-19)
(2.28485 0.898364 1.87917e-19)
(2.11045 0.850567 1.19656e-20)
(1.9213 0.797865 2.45302e-20)
(1.71811 0.737003 3.60776e-20)
(1.50058 0.665857 -2.93007e-20)
(1.26792 0.583132 2.73229e-19)
(1.01926 0.487167 -2.06868e-19)
(0.753672 0.375529 -8.55531e-19)
(0.470269 0.244677 0)
(0.167387 0.0916959 0)
(2.46796 0.811824 -1.07087e-18)
(2.28436 0.77084 -6.09281e-19)
(2.08493 0.725063 -1.20691e-19)
(1.87003 0.671523 -6.65688e-20)
(1.6389 0.608295 0)
(1.39031 0.534136 2.40739e-19)
(1.12275 0.447433 2.67763e-19)
(0.834553 0.345834 2.86226e-19)
(0.523838 0.225952 -4.23722e-19)
(0.187907 0.0848976 -8.12305e-20)
(2.634 0.702096 7.66472e-19)
(2.44156 0.668065 -1.39168e-19)
(2.23244 0.62968 -2.21599e-19)
(2.00664 0.584306 0)
(1.76301 0.530279 0)
(1.49987 0.466487 0)
(1.21522 0.391463 -3.89784e-20)
(0.906682 0.303089 3.70271e-19)
(0.571497 0.198347 3.79147e-19)
(0.206082 0.0746239 -3.08558e-19)
(2.7758 0.572357 -1.1936e-18)
(2.5755 0.545261 -1.48142e-18)
(2.35786 0.51453 -3.03378e-22)
(2.1226 0.477946 -1.87647e-19)
(1.86818 0.434181 -9.28773e-20)
(1.59257 0.382317 -1.78829e-19)
(1.29332 0.321124 4.59077e-19)
(0.967487 0.248836 2.14862e-19)
(0.611582 0.162966 5.40011e-19)
(0.221314 0.06134 2.02847e-19)
(2.88707 0.425749 -1.15709e-18)
(2.68027 0.405633 8.47037e-20)
(2.45576 0.38282 1.64527e-19)
(2.21296 0.355611 1.68137e-20)
(1.95004 0.32305 -3.14393e-19)
(1.66465 0.284468 -1.742e-19)
(1.35397 0.238937 -6.21195e-19)
(1.01463 0.18514 1.18529e-19)
(0.642603 0.121236 5.1473e-20)
(0.233065 0.0456125 -6.26925e-21)
(2.96279 0.265187 1.01368e-19)
(2.7512 0.252354 3.96999e-19)
(2.52189 0.237904 -3.3029e-19)
(2.27394 0.22074 3.63004e-19)
(2.00523 0.200296 3.72541e-19)
(1.71322 0.176176 4.91887e-19)
(1.39481 0.147809 -6.35728e-19)
(1.04633 0.114389 -3.24409e-19)
(0.66341 0.0748095 -4.58505e-20)
(0.240915 0.028095 -3.26988e-19)
(3.00052 0.093577 5.81811e-19)
(2.78612 0.0887854 -1.86162e-19)
(2.55425 0.0834437 4.79557e-19)
(2.30366 0.0771499 -3.10657e-19)
(2.03208 0.0697276 2.66476e-19)
(1.73679 0.0610616 6.05398e-19)
(1.41457 0.0509782 3.78878e-19)
(1.06161 0.0392345 3.09336e-19)
(0.673395 0.0255065 2.65857e-19)
(0.244653 0.0095072 5.43605e-19)
(0.239689 0.452358 -4.69362e-19)
(0.204075 0.418626 -1.88039e-19)
(0.168492 0.381523 1.39275e-19)
(0.134944 0.343834 -4.191e-19)
(0.105198 0.30769 -1.19334e-19)
(0.0782985 0.270435 6.92939e-19)
(0.0519242 0.22403 3.35757e-19)
(0.0259975 0.159149 -1.54913e-19)
(0.00706908 0.07977 1.15027e-19)
(-0.0011203 0.0224673 -6.07885e-20)
(0.288686 0.544664 4.11599e-19)
(0.248779 0.50786 4.58671e-19)
(0.208229 0.465798 -1.15056e-20)
(0.167892 0.418746 -1.32952e-19)
(0.131157 0.37059 -3.1405e-19)
(0.10062 0.322965 8.28696e-20)
(0.0734946 0.269623 2.2552e-19)
(0.0459181 0.197141 1.65699e-19)
(0.0183618 0.102012 -5.91555e-19)
(0.00279834 0.0289121 -1.23706e-19)
(0.359648 0.633477 -6.01133e-19)
(0.313787 0.593316 -4.81654e-19)
(0.267996 0.547464 2.57961e-19)
(0.221358 0.494136 1.38557e-19)
(0.175812 0.434344 -6.26626e-21)
(0.136271 0.372096 -1.40349e-19)
(0.10212 0.30579 -2.97371e-20)
(0.0684443 0.225035 -5.54796e-19)
(0.0336875 0.126125 -2.69306e-19)
(0.00764799 0.0378372 -3.90492e-20)
(0.454185 0.718199 5.03512e-19)
(0.400032 0.673986 1.6475e-19)
(0.346345 0.622954 -1.49541e-19)
(0.292216 0.563887 6.32185e-20)
(0.237742 0.495762 -6.35295e-22)
(0.186583 0.42105 1.26854e-21)
(0.140103 0.340794 -1.32603e-19)
(0.0954628 0.25035 3.7796e-19)
(0.0514452 0.147804 -4.19084e-19)
(0.0135892 0.047739 -6.49944e-20)
(0.571978 0.798133 -2.82193e-19)
(0.507835 0.750019 -8.88766e-20)
(0.443559 0.693149 -1.43721e-20)
(0.378955 0.627403 -7.05894e-20)
(0.313712 0.552117 5.87086e-20)
(0.24966 0.468188 5.30019e-20)
(0.18838 0.376806 -2.80219e-20)
(0.129328 0.276715 -2.81896e-19)
(0.0725336 0.167681 2.18245e-19)
(0.0209249 0.0568567 8.72297e-20)
(0.709403 0.871172 6.43198e-19)
(0.634357 0.819769 3.20553e-19)
(0.558123 0.757579 2.02616e-19)
(0.480851 0.68549 4.82338e-20)
(0.402411 0.603629 1.55423e-19)
(0.323871 0.512439 7.87815e-20)
(0.246469 0.412572 1.43663e-19)
(0.170869 0.303947 5.79537e-20)
(0.0980578 0.186821 -1.5799e-20)
(0.0300013 0.0650388 -1.32464e-20)
(0.862023 0.935044 -1.1979e-19)
(0.775545 0.880826 -8.24152e-19)
(0.686706 0.814178 -7.54422e-20)
(0.595728 0.736912 -5.30947e-20)
(0.502565 0.649691 -1.99886e-20)
(0.408128 0.552757 1.51729e-19)
(0.313481 0.446341 -4.38024e-20)
(0.219713 0.330431 6.4932e-20)
(0.128296 0.20509 -1.44626e-19)
(0.0409062 0.0724973 -1.27762e-21)
(1.02674 0.986166 -8.84456e-19)
(0.92848 0.929749 5.94336e-20)
(0.826667 0.859794 -2.34307e-19)
(0.721471 0.778951 -7.22468e-20)
(0.612775 0.688052 -2.37034e-20)
(0.501462 0.587097 -7.52066e-20)
(0.38853 0.475911 5.62397e-20)
(0.275165 0.354205 6.02881e-20)
(0.162983 0.221562 -9.82071e-21)
(0.0535449 0.0791217 -1.03756e-19)
(1.20391 1.01803 1.23814e-19)
(1.09352 0.961023 5.22857e-19)
(0.978266 0.889782 1.54988e-21)
(0.858233 0.807599 -2.94061e-20)
(0.733152 0.71533 1.50716e-19)
(0.603896 0.612568 -3.4711e-19)
(0.471406 0.498761 -2.44311e-19)
(0.336832 0.373214 3.56075e-19)
(0.201772 0.235009 1.44162e-19)
(0.0677022 0.0845326 -3.61949e-20)
(1.40061 1.01554 7.39507e-19)
(1.27807 0.962403 3.23592e-19)
(1.14784 0.895408 5.59644e-20)
(1.01088 0.816434 -1.94739e-19)
(0.867277 0.726543 -1.64156e-20)
(0.717905 0.62535 4.65476e-19)
(0.563586 0.512011 -2.68169e-19)
(0.405341 0.385478 -1.84462e-19)
(0.244705 0.24432 3.35771e-19)
(0.0831135 0.0884404 -6.02996e-21)
(0.977867 0.0991501 8.55491e-21)
(1.14 0.142992 -2.50672e-21)
(1.21339 0.191469 -2.47307e-20)
(1.32593 0.169222 0)
(1.38019 0.154716 -9.33969e-22)
(1.28087 0.233634 -6.04114e-20)
(1.13076 0.38545 -5.4873e-20)
(0.950168 0.543677 -9.06207e-21)
(0.712094 0.648702 -3.09242e-19)
(0.416746 0.595904 4.18656e-19)
(0.983804 0.0805658 2.0169e-19)
(1.13139 0.115328 -3.29273e-20)
(1.21055 0.161038 1.88034e-21)
(1.31666 0.149359 1.02629e-20)
(1.38498 0.156988 3.11641e-21)
(1.30087 0.268457 -5.28055e-22)
(1.16065 0.435818 7.25146e-21)
(0.994611 0.606906 0)
(0.76183 0.727848 8.09924e-19)
(0.479495 0.687147 -5.71922e-19)
(0.989629 0.0622799 -1.15352e-19)
(1.12765 0.0886564 6.28009e-21)
(1.21083 0.131427 7.88002e-20)
(1.31352 0.128129 1.93215e-20)
(1.38896 0.158167 -2.33376e-20)
(1.32074 0.30137 -3.46062e-20)
(1.19353 0.484745 -1.77483e-20)
(1.04449 0.668562 4.49466e-20)
(0.823248 0.804404 -1.29688e-21)
(0.564476 0.774957 -3.57556e-19)
(0.995049 0.0436435 -8.14375e-20)
(1.12848 0.0626003 1.53222e-20)
(1.21451 0.102451 7.53898e-20)
(1.31688 0.106801 3.19575e-20)
(1.39492 0.159036 -2.40709e-20)
(1.34067 0.332303 -2.85393e-20)
(1.22982 0.531488 8.60014e-20)
(1.1004 0.727487 2.70367e-20)
(0.899897 0.876097 -5.52532e-19)
(0.673655 0.857363 -1.77384e-19)
(0.999493 0.0241427 3.59784e-20)
(1.13301 0.0367245 -4.45441e-20)
(1.22104 0.0739843 -6.72152e-20)
(1.32534 0.0861987 2.33271e-20)
(1.40204 0.160507 0)
(1.36046 0.36158 0)
(1.26966 0.575346 8.44015e-20)
(1.16352 0.782274 -2.83476e-20)
(0.994582 0.94043 -1.18682e-19)
(0.805062 0.932722 -5.73475e-20)
(1.00214 0.00357636 3.17353e-21)
(1.14009 0.0106002 5.81183e-20)
(1.22942 0.0459261 -2.06346e-19)
(1.33689 0.0668597 -7.80336e-20)
(1.40919 0.163409 -4.70384e-21)
(1.38004 0.389296 1.34046e-19)
(1.31331 0.615427 1.59511e-19)
(1.23542 0.831193 -1.80672e-20)
(1.10771 0.995605 -4.48221e-20)
(0.953734 1.0004 3.3615e-21)
(1.00208 -0.018002 3.09275e-21)
(1.14873 -0.0161557 3.10113e-20)
(1.2387 0.018299 -6.5418e-20)
(1.34992 0.0492413 -1.59081e-19)
(1.41552 0.167998 1.16144e-20)
(1.39974 0.415083 7.23466e-21)
(1.3614 0.650593 -6.01112e-20)
(1.31721 0.87259 -1.05297e-19)
(1.2372 1.04135 -3.153e-20)
(1.11387 1.06054 -9.79258e-19)
(0.998888 -0.0401914 1.51871e-20)
(1.15841 -0.0438542 -1.48333e-19)
(1.24832 -0.00870778 1.33002e-19)
(1.36317 0.0340547 1.04569e-19)
(1.41996 0.174728 4.98293e-21)
(1.41956 0.438439 -1.39639e-19)
(1.41381 0.679801 1.52744e-21)
(1.40821 0.905545 -1.38639e-19)
(1.37927 1.07855 1.10964e-20)
(1.27989 1.1126 2.88296e-18)
(0.992953 -0.0624678 -8.98688e-20)
(1.1691 -0.0726279 8.27005e-20)
(1.25809 -0.0348942 1.92399e-19)
(1.37598 0.0213931 -1.16611e-19)
(1.4231 0.183364 -2.34652e-19)
(1.44112 0.459038 9.26373e-21)
(1.47183 0.702921 1.72112e-19)
(1.50837 0.930776 -5.82279e-19)
(1.53082 1.10849 -2.68583e-20)
(1.44839 1.15355 -6.4754e-18)
(0.985254 -0.0853741 4.08262e-21)
(1.18113 -0.102473 1.45488e-19)
(1.268 -0.0600691 6.24707e-20)
(1.38732 0.0138962 -2.82946e-19)
(1.42284 0.197987 -2.51885e-19)
(1.46198 0.480438 -7.66411e-20)
(1.53105 0.723754 8.60818e-20)
(1.6115 0.951638 -1.98997e-19)
(1.68373 1.1308 -1.08541e-18)
(1.61567 1.17248 -7.951e-18)
(0.974887 -0.116517 -1.4493e-20)
(1.19591 -0.14212 -3.38278e-20)
(1.27741 -0.0939004 -7.86712e-20)
(1.39801 6.93037e-05 1.50426e-19)
(1.42313 0.197477 2.07439e-19)
(1.49145 0.475794 -6.37305e-20)
(1.6118 0.713053 -1.41881e-19)
(1.75371 0.940743 -1.19786e-18)
(1.9028 1.13277 -1.59849e-18)
(1.89939 1.20881 3.28563e-18)
(0.962314 -0.15534 -4.03647e-19)
(1.21492 -0.191677 2.02093e-20)
(1.28179 -0.139874 -5.95136e-20)
(1.39834 -0.0211696 3.50385e-19)
(1.39941 0.175442 3.49188e-19)
(1.49241 0.430333 1.3605e-20)
(1.66776 0.648515 -6.33676e-20)
(1.88053 0.866259 -2.75584e-19)
(2.13954 1.07158 2.82869e-19)
(2.28457 1.16095 -3.2362e-19)
(0.949537 -0.195994 -2.79277e-20)
(1.24037 -0.241668 -5.50997e-20)
(1.28141 -0.18472 3.11068e-20)
(1.39354 -0.0387686 2.70116e-20)
(1.37143 0.164738 1.71239e-33)
(1.46823 0.372541 2.55947e-21)
(1.67968 0.561781 -2.02459e-33)
(1.94868 0.759856 1.84948e-19)
(2.30179 0.956543 -9.30714e-19)
(2.58734 1.05855 -6.29236e-19)
(0.937071 -0.242866 1.41078e-18)
(1.27187 -0.281862 -7.76447e-34)
(1.25001 -0.22964 -4.09082e-20)
(1.26867 -0.0381602 -2.28662e-19)
(1.25974 0.145467 -4.43436e-19)
(1.38818 0.303305 -8.77358e-19)
(1.61837 0.460392 -5.0509e-33)
(1.9288 0.631297 -1.73681e-18)
(2.32557 0.802202 -3.17774e-18)
(2.75367 0.902651 1.67501e-18)
(0.927329 -0.300519 0)
(1.3169 -0.326978 -1.62578e-33)
(1.11301 -0.207323 0)
(1.10615 -0.0304944 0)
(1.11755 0.115251 0)
(1.25793 0.23331 0)
(1.48911 0.355642 -8.0407e-33)
(1.81472 0.4917 0)
(2.2133 0.634354 -3.3967e-19)
(2.73491 0.712057 1.25737e-18)
(0.916516 -0.360812 1.16141e-19)
(1.25153 -0.326108 -4.67488e-19)
(0.960345 -0.174359 -5.52958e-20)
(0.933132 -0.0263008 0)
(0.955158 0.0827662 0)
(1.08968 0.16573 6.02618e-20)
(1.30601 0.254032 1.1747e-18)
(1.61579 0.354762 -1.95054e-19)
(1.99662 0.466238 -4.95305e-19)
(2.53241 0.5205 4.67324e-18)
(0.883484 -0.405307 -1.52012e-17)
(1.09208 -0.279938 1.086e-18)
(0.792846 -0.130645 -7.28373e-20)
(0.746483 -0.0212632 -7.20822e-20)
(0.772177 0.0525476 -5.13443e-19)
(0.889257 0.104667 -7.73256e-19)
(1.0761 0.161357 -1.04749e-18)
(1.34595 0.229058 -1.38157e-18)
(1.68757 0.306133 -1.60471e-18)
(2.17991 0.344453 3.61202e-18)
(0.809013 -0.394511 -4.13725e-19)
(0.886456 -0.207577 -1.21661e-18)
(0.605662 -0.0829236 -1.25594e-19)
(0.54935 -0.0153657 -8.42747e-20)
(0.571402 0.0276018 -9.91986e-34)
(0.661391 0.0546067 9.3558e-20)
(0.805307 0.0846299 -1.48439e-32)
(1.01616 0.12296 -1.93434e-19)
(1.29245 0.167315 2.98976e-19)
(1.69929 0.192073 7.05794e-19)
(0.664259 -0.28884 3.4255e-17)
(0.618255 -0.108099 -3.13981e-18)
(0.393431 -0.035138 -2.40565e-19)
(0.339209 -0.0073753 -1.59764e-19)
(0.353493 0.00924029 3.94372e-19)
(0.410336 0.0183743 7.84629e-19)
(0.501113 0.0292082 7.95553e-19)
(0.636704 0.0448917 4.59913e-19)
(0.820747 0.0634585 -1.90481e-19)
(1.10156 0.0762259 3.56953e-18)
(0.33684 -0.0768224 5.58849e-19)
(0.261851 -0.00230515 -6.76613e-33)
(0.144396 0.0190758 -3.04776e-19)
(0.120355 0.00338441 0)
(0.123539 -0.00235603 0)
(0.141803 -0.00542185 9.62937e-20)
(0.172342 -0.00624911 9.37062e-35)
(0.220288 -0.00417846 -1.23567e-19)
(0.288129 -0.00161965 -2.8264e-19)
(0.399012 0.00331815 1.00162e-18)
(2.00207 1.09647 -1.78996e-18)
(2.23908 1.0785 -2.30496e-18)
(2.44209 1.02913 0)
(2.63708 0.952524 -7.57956e-19)
(2.82359 0.852523 -1.7825e-18)
(2.99276 0.7324 -2.24949e-18)
(3.13709 0.595048 -4.75731e-19)
(3.25054 0.442702 1.26927e-18)
(3.32824 0.276966 -3.5479e-18)
(3.36764 0.0986983 1.35668e-18)
(2.49869 1.14204 2.67785e-19)
(2.73058 1.08197 1.39745e-18)
(2.92389 1.00424 1.4393e-19)
(3.10675 0.90983 6.75744e-19)
(3.28061 0.800681 -1.10402e-18)
(3.43997 0.678339 -5.00062e-18)
(3.58097 0.544022 2.46813e-18)
(3.70048 0.399327 1.27037e-17)
(3.79428 0.246328 1.04073e-19)
(3.85869 0.0872582 -1.07365e-17)
(2.87476 1.07323 1.79127e-18)
(3.06543 0.98918 2.6241e-18)
(3.22648 0.897632 -5.04693e-18)
(3.37342 0.797662 9.24378e-19)
(3.50578 0.687271 1.22771e-17)
(3.61897 0.56706 4.29321e-20)
(3.70913 0.439291 -8.19274e-18)
(3.77373 0.308013 -3.67887e-18)
(3.8131 0.178956 7.68467e-18)
(3.8308 0.0589943 -1.93416e-18)
(3.05709 0.918573 7.61314e-19)
(3.17988 0.829476 0)
(3.28258 0.737554 -4.57479e-19)
(3.37219 0.644278 4.15448e-18)
(3.44791 0.547888 4.51107e-18)
(3.5097 0.448927 -1.22405e-18)
(3.55809 0.348739 -2.70052e-18)
(3.59355 0.248275 -1.8073e-18)
(3.61631 0.148361 1.03235e-18)
(3.6276 0.0499267 1.05502e-18)
(3.0094 0.723409 1.07426e-18)
(3.07547 0.651244 -1.11074e-18)
(3.13495 0.57811 -2.20888e-18)
(3.18812 0.503787 9.17134e-19)
(3.23344 0.427351 2.83593e-20)
(3.27113 0.348993 -7.91678e-19)
(3.30101 0.269711 2.9842e-18)
(3.32281 0.190729 -3.0088e-18)
(3.33662 0.113169 -7.64376e-20)
(3.3433 0.0376577 3.01387e-18)
(2.76978 0.530052 -2.90519e-18)
(2.80304 0.477766 -2.97447e-18)
(2.83897 0.423322 9.38824e-19)
(2.8717 0.366594 3.69826e-18)
(2.89901 0.308429 4.24157e-19)
(2.92124 0.249866 4.09714e-19)
(2.93848 0.19186 1.83905e-18)
(2.95078 0.135098 -1.65802e-18)
(2.95845 0.0799387 -8.59499e-19)
(2.96215 0.0263026 -9.87831e-19)
(2.38011 0.349288 1.3357e-20)
(2.39522 0.314518 -7.05803e-20)
(2.41743 0.278086 6.52579e-20)
(2.43765 0.239787 2.53994e-18)
(2.45371 0.200673 2.41553e-18)
(2.46616 0.161755 -3.10503e-18)
(2.47535 0.123701 -2.5817e-18)
(2.48158 0.0868459 1.59131e-18)
(2.48528 0.0512377 1.73783e-18)
(2.48699 0.0166337 8.00888e-19)
(1.85839 0.192005 -1.47969e-18)
(1.86414 0.172717 -7.01486e-20)
(1.87785 0.152585 3.4556e-18)
(1.8902 0.131246 9.64366e-20)
(1.89939 0.10942 -1.44903e-18)
(1.90596 0.0878185 -6.95256e-19)
(1.91035 0.066874 -1.65005e-18)
(1.91296 0.0467653 8.47899e-19)
(1.91427 0.027462 1.73687e-18)
(1.91472 0.0087588 1.60163e-18)
(1.21065 0.0734019 -3.04215e-18)
(1.21293 0.0660816 -1.78006e-19)
(1.22136 0.0583849 2.07507e-18)
(1.22882 0.0500703 -1.25843e-18)
(1.23404 0.0415343 -2.28727e-18)
(1.23739 0.0331301 -2.0335e-19)
(1.23928 0.0250628 2.33024e-18)
(1.24008 0.017409 1.55719e-18)
(1.24023 0.0101394 -2.12753e-20)
(1.24008 0.00314475 -7.88673e-19)
(0.441967 0.00502528 3.28522e-19)
(0.443309 0.00433332 -4.96759e-20)
(0.447447 0.00353369 2.47044e-20)
(0.450904 0.0030412 0)
(0.453194 0.00257996 2.6388e-18)
(0.454559 0.00208061 2.53212e-20)
(0.455211 0.00157551 -2.00712e-18)
(0.455363 0.00108869 1.40073e-18)
(0.455247 0.000625076 -2.11909e-18)
(0.45506 0.000179616 -2.09645e-18)
(0.147233 0.00555288 -3.25966e-19)
(0.385796 0.0128876 2.34765e-19)
(0.585426 0.0177261 -1.98211e-19)
(0.75231 0.0205301 1.37922e-18)
(0.884778 0.0227326 -3.83306e-19)
(1.00982 0.0226217 -1.40809e-18)
(0.967499 0.0168311 0)
(0.876717 0.0144785 4.75051e-19)
(0.761478 0.010588 -3.4206e-19)
(0.618724 0.00686619 -4.05362e-20)
(0.141845 0.0161395 -1.46393e-19)
(0.373284 0.0375903 -1.72112e-19)
(0.56827 0.0519022 2.04078e-19)
(0.732149 0.0603202 -4.53374e-21)
(0.863291 0.0667881 -5.06771e-19)
(0.984523 0.066715 -2.55753e-18)
(0.962992 0.0515507 -1.61888e-18)
(0.874418 0.0440589 -4.70132e-20)
(0.766227 0.0329444 5.87969e-19)
(0.631255 0.0219594 -9.75197e-19)
(0.131633 0.0252211 -1.26469e-19)
(0.349459 0.0590757 -5.53947e-19)
(0.535425 0.0821214 -3.56706e-19)
(0.693221 0.0961229 -1.67709e-19)
(0.822059 0.10593 -1.67044e-18)
(0.933819 0.107335 -1.11551e-18)
(0.952027 0.0903603 3.87533e-19)
(0.868352 0.0747669 -1.26433e-18)
(0.772433 0.0582674 -1.37176e-19)
(0.651143 0.0406092 7.67001e-19)
(0.117632 0.0320905 3.02029e-20)
(0.316563 0.0758641 -4.19118e-19)
(0.489762 0.106584 -3.82905e-19)
(0.638935 0.126153 1.73956e-19)
(0.76411 0.138715 1.8029e-20)
(0.867498 0.143757 1.1526e-18)
(0.923292 0.132365 7.34386e-19)
(0.85718 0.106114 -2.61927e-21)
(0.775282 0.0867012 -5.75772e-19)
(0.671477 0.0636335 1.83995e-19)
(0.101421 0.0365227 2.21719e-19)
(0.277878 0.0874799 -8.00286e-20)
(0.435288 0.124673 8.20503e-19)
(0.573683 0.149686 -9.54156e-20)
(0.692981 0.165607 -1.09306e-18)
(0.791314 0.174708 1.14426e-20)
(0.864253 0.170082 3.0493e-19)
(0.837312 0.139384 9.22894e-19)
(0.769577 0.117232 9.93906e-20)
(0.685632 0.0910677 -9.24158e-19)
(0.0848422 0.0387852 -6.94212e-20)
(0.237132 0.0941475 3.19705e-19)
(0.376485 0.136237 3.87044e-19)
(0.502133 0.166103 -1.00661e-18)
(0.612888 0.185911 5.28722e-19)
(0.706246 0.197748 1.00976e-19)
(0.779778 0.198772 -6.80054e-19)
(0.800607 0.176428 -1.14635e-18)
(0.753006 0.148523 3.03481e-19)
(0.688719 0.122028 9.39731e-19)
(0.0695806 0.0396881 -5.84352e-20)
(0.1976 0.0969061 3.4919e-19)
(0.317298 0.141886 -8.01991e-19)
(0.428868 0.175629 -4.97913e-19)
(0.529504 0.199248 1.09846e-18)
(0.615667 0.213564 -1.16324e-19)
(0.685341 0.218299 -2.54889e-18)
(0.730406 0.208232 1.75204e-18)
(0.721152 0.180383 -7.73607e-21)
(0.676766 0.153355 -1.34959e-18)
(0.05706 0.0407023 -1.41048e-19)
(0.161745 0.0975149 -7.26851e-20)
(0.260223 0.142859 -3.07315e-19)
(0.357107 0.179287 1.37505e-18)
(0.447817 0.20632 1.39995e-19)
(0.524772 0.223267 -2.56169e-19)
(0.587899 0.230175 7.3862e-19)
(0.636013 0.226192 7.74532e-19)
(0.660332 0.210644 -1.80868e-19)
(0.647483 0.183615 -4.34073e-19)
(0.0487552 0.0440362 1.20687e-20)
(0.131913 0.0976748 -1.097e-21)
(0.207409 0.139864 1.67953e-19)
(0.288276 0.17733 5.51572e-19)
(0.370945 0.207867 2.12128e-19)
(0.439117 0.227464 4.26783e-19)
(0.493235 0.236227 4.08887e-19)
(0.537315 0.234345 -6.57721e-19)
(0.568798 0.226439 -7.2692e-19)
(0.586501 0.211054 -2.33334e-20)
(0.0451277 0.0509954 9.16623e-20)
(0.110029 0.0976173 0)
(0.163443 0.133207 8.88512e-20)
(0.225769 0.168981 1.53396e-19)
(0.300373 0.203292 -1.24437e-18)
(0.361356 0.226163 -2.406e-20)
(0.407253 0.236258 -1.48776e-19)
(0.444717 0.235556 1.42781e-19)
(0.474519 0.228096 -3.57724e-19)
(0.496656 0.220949 -1.45917e-18)
(0.0431154 0.0559128 -2.29638e-20)
(0.0931308 0.094651 0)
(0.130792 0.124197 2.6435e-19)
(0.176686 0.156664 -4.97145e-19)
(0.239486 0.193249 -6.51991e-19)
(0.291987 0.218507 1.47601e-19)
(0.330958 0.228621 -9.6987e-20)
(0.362302 0.228023 -3.20579e-19)
(0.387509 0.219846 -1.31933e-19)
(0.406765 0.208398 -6.29956e-20)
(0.0404873 0.0547541 4.35918e-20)
(0.0780286 0.0887699 2.09828e-19)
(0.106753 0.115552 -2.86338e-21)
(0.141484 0.145413 7.85496e-20)
(0.191338 0.181471 5.81471e-20)
(0.233109 0.204312 5.4636e-19)
(0.265734 0.211975 -5.46511e-19)
(0.293332 0.211199 2.2275e-19)
(0.317556 0.20489 3.04122e-19)
(0.337956 0.19491 -1.59126e-19)
(0.0350871 0.0498352 -1.17139e-20)
(0.0635493 0.0821964 -8.86981e-20)
(0.0870215 0.108714 -3.90346e-19)
(0.114482 0.136674 2.30776e-19)
(0.152615 0.167371 -1.35172e-19)
(0.183935 0.182339 1.9015e-19)
(0.210644 0.185264 3.47854e-19)
(0.234898 0.182093 -1.38978e-20)
(0.257364 0.174861 -1.54225e-21)
(0.277233 0.16491 -1.82598e-20)
(0.0280043 0.0443098 1.6454e-20)
(0.0501744 0.0759784 1.17078e-19)
(0.0697482 0.102713 1.88285e-19)
(0.0925002 0.127077 3.33514e-20)
(0.120785 0.14539 1.0832e-19)
(0.144723 0.150679 1.11743e-20)
(0.167697 0.148662 -1.12821e-20)
(0.189965 0.142657 1.89539e-19)
(0.21134 0.133695 9.5171e-20)
(0.230837 0.122532 -1.15268e-21)
(0.020811 0.0388927 1.27864e-19)
(0.038135 0.0697817 -8.32907e-20)
(0.0551326 0.0944726 -6.26151e-20)
(0.0748226 0.10833 -5.37036e-20)
(0.0961682 0.111545 -4.22345e-19)
(0.116686 0.108528 4.25447e-21)
(0.138029 0.101568 3.1955e-19)
(0.159308 0.0921176 9.02946e-20)
(0.180196 0.080623 1.35325e-20)
(0.199883 0.0675361 1.10589e-21)
(0.0129853 0.0330373 -2.15618e-19)
(0.027656 0.0621525 -6.22135e-19)
(0.0445238 0.0766747 1.72805e-19)
(0.0617863 0.0744298 -2.03294e-19)
(0.0801664 0.0671997 -3.01523e-19)
(0.100011 0.0575479 4.29918e-19)
(0.120854 0.0460226 -2.63776e-19)
(0.141986 0.0329543 -1.7186e-19)
(0.163094 0.018488 8.05241e-20)
(0.183568 0.0029391 -2.88459e-20)
(0.0059904 0.0277076 4.38695e-20)
(0.0206107 0.0477816 -2.45468e-19)
(0.0370023 0.0418907 -1.48878e-18)
(0.0532019 0.0297761 5.34942e-19)
(0.0717754 0.0159001 6.8048e-19)
(0.0917692 0.000994288 -1.6116e-21)
(0.112822 -0.0150281 -5.44518e-19)
(0.134529 -0.032117 -2.46309e-20)
(0.156558 -0.050052 1.74511e-19)
(0.178344 -0.0684308 3.99492e-20)
(0.0039119 0.0229465 3.17683e-19)
(0.0170609 0.0166255 1.18522e-18)
(0.0320265 -0.000417578 1.15268e-18)
(0.0486105 -0.0188489 -1.91662e-19)
(0.0677201 -0.0381672 -3.96785e-19)
(0.088429 -0.0584279 -7.94677e-20)
(0.110631 -0.0796906 0)
(0.133792 -0.1014 1.58731e-19)
(0.157351 -0.12296 3.43056e-20)
(0.180834 -0.144227 -2.96529e-20)
(0.0053067 0.00551433 -7.3662e-19)
(0.0148376 -0.0193375 7.97819e-19)
(0.0285231 -0.0426449 1.15773e-18)
(0.0456384 -0.0674414 -6.28263e-19)
(0.0657236 -0.0934507 -4.2089e-19)
(0.0885204 -0.120829 1.33334e-19)
(0.112979 -0.148094 -4.85147e-19)
(0.138085 -0.173951 -2.40268e-19)
(0.163482 -0.198538 1.84342e-19)
(0.189175 -0.222683 1.33645e-19)
(-0.00219087 -0.0138928 1.11681e-19)
(0.00945763 -0.0484984 -4.14518e-19)
(0.0237864 -0.0823619 -4.81959e-20)
(0.0430388 -0.117005 -1.5884e-19)
(0.0668316 -0.152867 1.86042e-19)
(0.0932467 -0.187596 1.43772e-19)
(0.12018 -0.21889 4.6418e-20)
(0.147378 -0.24758 -6.2917e-20)
(0.175433 -0.275568 -1.26125e-19)
(0.20452 -0.303376 -9.88293e-20)
(0.382369 0.124471 -6.21157e-19)
(0.388224 0.013161 -3.70236e-21)
(0.51202 -0.0462698 -6.38064e-20)
(0.594923 -0.0486212 -1.16098e-19)
(0.656785 -0.0273889 1.83175e-19)
(0.683472 -0.00646434 4.36346e-20)
(0.684125 0.00636783 3.40985e-20)
(0.672508 0.0108957 2.11671e-20)
(0.659348 0.0115146 1.7775e-19)
(0.641438 0.00911067 0)
(0.338292 0.096915 8.14916e-20)
(0.398846 -0.0270607 -1.5568e-20)
(0.568769 -0.0791343 -2.78816e-20)
(0.677593 -0.0653425 -2.28503e-19)
(0.751462 -0.0349481 2.64881e-19)
(0.78371 -0.00765878 -1.18663e-20)
(0.786758 0.00877469 6.20692e-21)
(0.776265 0.014485 1.2183e-19)
(0.763688 0.0154489 6.40975e-20)
(0.746515 0.0120402 -2.81578e-20)
(0.30223 0.0605158 7.6165e-20)
(0.420306 -0.0740168 -3.19248e-19)
(0.612514 -0.116634 3.27718e-19)
(0.752873 -0.0869379 1.63594e-19)
(0.842664 -0.0445722 -6.59669e-20)
(0.88166 -0.00951228 -1.02063e-19)
(0.887356 0.0111792 4.14843e-20)
(0.87792 0.0183 1.58401e-19)
(0.865746 0.0196624 -1.53803e-19)
(0.849416 0.0152406 -1.95215e-20)
(0.278525 0.0108695 -2.68341e-19)
(0.447486 -0.128149 1.65505e-19)
(0.649429 -0.160391 -1.51488e-19)
(0.817018 -0.11565 6.03325e-19)
(0.927281 -0.057549 1.24731e-19)
(0.975476 -0.0124688 -4.38651e-20)
(0.984801 0.0133264 1.72237e-19)
(0.976813 0.0221487 -2.4584e-21)
(0.965167 0.0239798 -6.81121e-20)
(0.950002 0.0185431 8.94997e-21)
(0.269185 -0.0504137 4.6071e-19)
(0.476256 -0.187903 -7.30178e-19)
(0.683923 -0.208738 -8.38596e-21)
(0.869703 -0.150589 3.82522e-19)
(1.00213 -0.0752851 4.34728e-19)
(1.06349 -0.0172324 1.24789e-19)
(1.07824 0.0148893 -7.31762e-20)
(1.07243 0.025816 -3.76882e-20)
(1.06164 0.0282061 -1.43158e-21)
(1.04813 0.021741 2.00253e-20)
(0.271744 -0.120099 3.54253e-20)
(0.505012 -0.252501 -5.3401e-19)
(0.718029 -0.26132 1.59793e-19)
(0.913731 -0.190662 4.91764e-20)
(1.06448 -0.0990401 -8.2937e-19)
(1.1434 -0.0250674 1.7818e-20)
(1.16646 0.0152822 -2.68944e-19)
(1.16411 0.0289769 1.19186e-20)
(1.15478 0.032093 -4.03554e-20)
(1.14362 0.0246205 0)
(0.282604 -0.195688 -5.90793e-19)
(0.534058 -0.321049 7.50285e-19)
(0.752582 -0.317236 6.12162e-21)
(0.952184 -0.234808 5.71472e-19)
(1.11407 -0.128727 -7.13056e-19)
(1.21249 -0.0375648 3.30875e-19)
(1.24799 0.0136379 1.50496e-19)
(1.25105 0.0311984 -7.22219e-20)
(1.24414 0.0353381 -2.74391e-21)
(1.23627 0.026955 -3.21756e-20)
(0.299622 -0.27556 7.28343e-19)
(0.564706 -0.39277 -1.60493e-19)
(0.788234 -0.375742 1.88318e-20)
(0.987277 -0.282085 3.93601e-20)
(1.15341 -0.163148 1.58923e-19)
(1.26831 -0.0560133 8.11398e-20)
(1.32083 0.00878036 2.22801e-19)
(1.33223 0.0319091 -3.64412e-20)
(1.32914 0.0375764 2.84875e-20)
(1.32581 0.0284992 2.3929e-20)
(0.323008 -0.358695 -5.12154e-20)
(0.598699 -0.466923 3.99924e-19)
(0.826001 -0.436048 1.25422e-20)
(1.02059 -0.331464 -9.44517e-19)
(1.18592 -0.200913 2.74102e-19)
(1.31025 -0.0804304 -8.53698e-20)
(1.38245 -0.000735128 -1.73206e-20)
(1.40628 0.0303327 -3.53227e-20)
(1.40902 0.0383549 1.10941e-20)
(1.41188 0.0289806 8.5669e-20)
(0.355734 -0.444527 -7.31972e-19)
(0.637999 -0.542676 5.8656e-20)
(0.867322 -0.497291 -3.05302e-20)
(1.05355 -0.381892 2.27596e-19)
(1.21435 -0.240746 6.59539e-19)
(1.34064 -0.109407 3.65121e-20)
(1.43015 -0.0162105 2.11597e-19)
(1.4712 0.0254197 -8.34615e-20)
(1.48268 0.0371006 -3.58972e-20)
(1.49394 0.0280848 -3.93781e-20)
(0.0821827 -0.00679144 -3.17774e-19)
(0.055651 -0.00484387 2.42168e-19)
(0.0543269 0.000476778 2.02895e-20)
(0.0606855 0.000886873 6.63617e-20)
(0.0659291 0.000605276 -8.89681e-20)
(0.0677548 0.000125013 -8.67969e-21)
(0.0672266 -0.000190962 5.74713e-20)
(0.0655809 -0.000274201 -1.85726e-20)
(0.0640483 -0.000425443 -5.59486e-21)
(0.0616793 -0.000176431 1.49147e-20)
(0.230542 0.0141596 3.30855e-18)
(0.155434 0.00607118 7.27695e-19)
(0.157092 -0.00146118 -2.09471e-19)
(0.178439 -0.00349378 5.50154e-20)
(0.194332 -0.00180595 -1.442e-19)
(0.199985 -0.000308608 -3.01984e-20)
(0.198589 0.000559652 4.10524e-20)
(0.193884 0.000893811 -1.30831e-20)
(0.18931 0.000739515 7.46763e-20)
(0.182584 0.000868075 5.67013e-20)
(0.356732 0.0390935 7.7073e-19)
(0.243205 0.0150293 -2.27649e-20)
(0.256773 -0.00618311 1.83418e-20)
(0.292647 -0.0102889 8.69547e-34)
(0.319262 -0.00550147 -2.64694e-20)
(0.329112 -0.00103293 0)
(0.32718 0.00159238 2.34094e-20)
(0.319721 0.00252844 -3.0138e-33)
(0.312249 0.00236229 5.05317e-35)
(0.301543 0.00228247 1.337e-20)
(0.437599 0.0813538 -1.4625e-18)
(0.316334 0.0252865 5.4031e-21)
(0.349491 -0.0135362 0)
(0.401011 -0.0198937 2.78364e-19)
(0.439157 -0.0109848 0)
(0.454004 -0.00223153 0)
(0.452117 0.00300973 0)
(0.442354 0.00483832 -4.4121e-20)
(0.432211 0.00478831 2.28908e-21)
(0.418035 0.00417309 -2.46613e-20)
(0.420531 0.118027 -1.50828e-19)
(0.390178 0.0324145 5.42478e-21)
(0.440298 -0.0237946 0)
(0.504625 -0.0328378 -1.51043e-19)
(0.554225 -0.0187157 5.85711e-20)
(0.574584 -0.00421375 0)
(0.573253 0.00461813 0)
(0.56167 0.00770625 -6.10385e-20)
(0.549192 0.00792302 -2.67562e-21)
(0.532154 0.00647662 -6.33278e-22)
(0.0639686 -2.77973e-05 -3.08186e-20)
(0.0669372 -7.09426e-05 -3.01712e-20)
(0.0720751 -8.10225e-05 2.53839e-20)
(0.0782249 -9.11099e-05 -5.67126e-19)
(0.0842477 -0.000189684 -4.78766e-19)
(0.0893103 -0.000562555 -1.80196e-19)
(0.0931116 -0.00146535 -3.36666e-19)
(0.0955449 -0.00289597 1.44231e-19)
(0.096576 -0.00409279 -1.64364e-19)
(0.0983954 -0.00313285 -1.80863e-19)
(0.182786 0.000417739 -7.72464e-20)
(0.190557 0.00141772 1.74368e-21)
(0.203992 0.00288517 -1.31984e-19)
(0.22002 0.004984 -8.83348e-19)
(0.235714 0.00781319 2.17243e-19)
(0.249079 0.011241 -4.72202e-20)
(0.259294 0.0149517 1.6675e-19)
(0.266 0.0191384 3.00037e-20)
(0.26951 0.0243144 9.61309e-20)
(0.273964 0.032739 -3.85653e-20)
(0.293413 0.00131725 -9.23758e-20)
(0.305173 0.00434353 3.16801e-20)
(0.325263 0.00848662 -3.82268e-19)
(0.348888 0.0141701 -3.19936e-20)
(0.371655 0.0216434 4.15188e-19)
(0.390614 0.0307337 8.08368e-19)
(0.404183 0.0409066 8.96981e-19)
(0.411667 0.0520991 -1.25223e-18)
(0.414048 0.0646754 -1.82776e-18)
(0.416991 0.0822496 -1.45652e-18)
(0.395996 0.00249491 -5.50333e-20)
(0.410627 0.00825708 3.4781e-20)
(0.435284 0.0161255 -2.49465e-19)
(0.463643 0.0267895 9.92405e-19)
(0.489949 0.0405508 7.44861e-19)
(0.510275 0.0570854 1.10443e-19)
(0.522197 0.0753065 -8.59183e-19)
(0.525136 0.0941502 -8.4356e-19)
(0.520764 0.113201 2.4792e-19)
(0.515357 0.139293 1.72716e-18)
(0.490726 0.00410677 1.80267e-19)
(0.507574 0.0135025 1.97905e-19)
(0.53539 0.026091 5.29745e-19)
(0.566252 0.0428917 1.49837e-18)
(0.592937 0.0642763 3.64275e-19)
(0.610448 0.0897402 -1.51991e-18)
(0.61528 0.117262 -1.55189e-18)
(0.606579 0.143518 2.04829e-19)
(0.585348 0.170715 1.15112e-18)
(0.546123 0.205437 -1.99286e-21)
(0.405093 -0.204829 -6.21994e-21)
(0.385561 -0.216748 -3.78292e-21)
(0.36032 -0.225734 2.44629e-19)
(0.329508 -0.227689 -8.32908e-20)
(0.291685 -0.219525 -2.58176e-19)
(0.24036 -0.195946 1.0872e-19)
(0.177358 -0.159187 -6.84961e-19)
(0.131448 -0.126157 1.6495e-19)
(0.0937915 -0.0961521 -8.16127e-21)
(0.0436382 -0.0567407 -1.83606e-19)
(0.337941 -0.187074 -8.09168e-22)
(0.317 -0.197838 -1.9411e-19)
(0.292387 -0.205273 -6.42488e-19)
(0.264835 -0.207735 6.146e-19)
(0.233103 -0.202732 1.35869e-18)
(0.192607 -0.18333 4.86558e-20)
(0.142216 -0.148179 1.51745e-20)
(0.107448 -0.117955 2.92162e-20)
(0.0790231 -0.0910093 2.61264e-19)
(0.0414503 -0.0565736 -4.3793e-20)
(0.280598 -0.151106 -2.47665e-20)
(0.25982 -0.16202 0)
(0.236532 -0.170556 1.20991e-20)
(0.211577 -0.175504 -6.52544e-19)
(0.184618 -0.175162 -1.53817e-20)
(0.153831 -0.164427 6.33944e-19)
(0.115577 -0.138024 6.91958e-19)
(0.0880303 -0.111023 2.70894e-19)
(0.0648952 -0.084904 -3.22247e-19)
(0.0365727 -0.0524881 1.40038e-19)
(0.238686 -0.101449 -3.28973e-20)
(0.217836 -0.113571 1.50515e-20)
(0.195187 -0.123858 -8.26118e-20)
(0.171571 -0.131554 1.51124e-19)
(0.147156 -0.135814 7.95971e-19)
(0.122347 -0.133925 4.92325e-19)
(0.094318 -0.122697 1.26388e-19)
(0.071361 -0.103178 5.69967e-19)
(0.0516931 -0.0783827 0)
(0.029633 -0.0470205 0)
(0.211987 -0.0391277 9.50153e-20)
(0.190548 -0.0530836 1.50712e-19)
(0.168 -0.065787 1.39639e-19)
(0.145001 -0.0767007 7.73715e-21)
(0.121831 -0.0855027 0)
(0.0994845 -0.0913077 -2.25103e-20)
(0.0777339 -0.0934655 -4.59264e-20)
(0.0579669 -0.088883 -1.00835e-19)
(0.039522 -0.0700709 2.45359e-19)
(0.0211913 -0.0402993 1.04629e-19)
(0.198217 0.0322748 -5.42293e-20)
(0.175722 0.0159272 1.53808e-20)
(0.152663 0.000164346 2.02949e-19)
(0.129658 -0.0144733 0)
(0.107077 -0.0277088 0)
(0.0855368 -0.0395279 0)
(0.0655732 -0.0500193 -5.94057e-19)
(0.0478646 -0.0584306 6.86865e-19)
(0.0293744 -0.0568134 4.01839e-19)
(0.0114001 -0.0327453 3.15749e-19)
(0.19325 0.10987 1.06892e-19)
(0.169385 0.0909318 2.70561e-19)
(0.145237 0.0716906 8.00356e-22)
(0.121369 0.0524617 -1.15105e-19)
(0.0983473 0.0339406 1.51855e-20)
(0.0767411 0.0167014 -4.20463e-19)
(0.0566788 0.000591521 3.19113e-19)
(0.0391187 -0.0144974 1.45401e-18)
(0.0226257 -0.0276422 -3.09125e-19)
(0.00647053 -0.0269126 -3.40968e-19)
(0.193542 0.190841 1.17493e-19)
(0.168019 0.169364 -7.88568e-21)
(0.142594 0.147351 -8.56109e-20)
(0.117332 0.123974 1.11912e-19)
(0.0926271 0.0992448 -1.89157e-19)
(0.0695021 0.074714 -6.86231e-19)
(0.0489669 0.052014 1.997e-19)
(0.0314199 0.0309017 8.47664e-19)
(0.0171393 0.0111662 -3.84771e-19)
(0.00689342 -0.00979818 -1.23409e-19)
(0.197809 0.273783 -2.15367e-20)
(0.169767 0.248968 -5.97917e-20)
(0.142625 0.224153 5.66454e-20)
(0.116093 0.198584 3.18493e-19)
(0.0896159 0.17011 -1.17029e-20)
(0.0634774 0.137924 2.95106e-20)
(0.0398967 0.104906 9.68053e-19)
(0.0210975 0.0739511 -4.49557e-19)
(0.00758047 0.0439873 -9.56172e-20)
(-0.00308703 0.0123221 1.33103e-19)
(0.210774 0.360654 -2.02171e-19)
(0.179159 0.33123 -7.92879e-21)
(0.148651 0.301118 1.73714e-19)
(0.120061 0.271718 0)
(0.0929412 0.24188 -1.02633e-19)
(0.0656705 0.207334 -1.76391e-20)
(0.0386478 0.164482 2.31549e-19)
(0.0159449 0.115393 -3.62026e-20)
(0.00278729 0.0647313 -1.22008e-20)
(-0.00393593 0.019418 -3.64678e-20)
(0.618728 -0.00684957 5.94562e-19)
(0.761472 -0.0105723 -4.43443e-19)
(0.876702 -0.0144694 2.57216e-19)
(0.967479 -0.0168249 -1.63248e-20)
(1.00978 -0.0226775 -6.53472e-19)
(0.884773 -0.022794 -1.76647e-18)
(0.752316 -0.0205798 2.11378e-19)
(0.585442 -0.0177654 2.42603e-20)
(0.385816 -0.0129089 -2.75715e-20)
(0.147245 -0.00555507 6.27752e-19)
(0.631257 -0.0219486 -7.44266e-20)
(0.766203 -0.0329362 -2.23357e-20)
(0.874368 -0.044057 -1.05617e-18)
(0.962927 -0.0515637 3.99892e-21)
(0.984418 -0.0667668 2.16522e-18)
(0.863277 -0.0668406 -2.00054e-19)
(0.732164 -0.0603687 -2.46109e-18)
(0.568315 -0.0519419 1.33338e-20)
(0.373341 -0.0376145 -1.48656e-19)
(0.141881 -0.0161449 4.86391e-19)
(0.651127 -0.0406042 4.07392e-19)
(0.772377 -0.0582669 9.7249e-20)
(0.868262 -0.0747725 -4.15511e-19)
(0.9519 -0.0903936 -1.15107e-18)
(0.933729 -0.107395 1.37824e-18)
(0.822048 -0.105982 1.40666e-18)
(0.693255 -0.0961744 5.94018e-19)
(0.535499 -0.0821656 -6.60574e-20)
(0.349546 -0.0591066 2.23762e-19)
(0.131688 -0.0252321 2.34399e-21)
(0.67142 -0.0636339 -5.74075e-19)
(0.775175 -0.0867055 4.86968e-19)
(0.857028 -0.106129 7.21489e-19)
(0.923086 -0.132397 -9.65738e-19)
(0.867452 -0.143834 1.45912e-18)
(0.764119 -0.138785 -5.67263e-19)
(0.639 -0.126216 2.77549e-20)
(0.489867 -0.106639 4.21873e-19)
(0.316677 -0.0759061 7.26333e-19)
(0.1177 -0.0321087 -9.19526e-20)
(0.685521 -0.091067 3.81156e-19)
(0.769415 -0.117234 -8.50278e-20)
(0.83707 -0.139413 4.43918e-19)
(0.864038 -0.170127 1.09519e-18)
(0.791304 -0.174815 3.58723e-20)
(0.693028 -0.165709 1.60018e-18)
(0.573785 -0.14977 -1.36779e-18)
(0.435422 -0.124744 -6.01259e-19)
(0.278012 -0.0875357 -5.735e-19)
(0.101497 -0.0365484 -3.21771e-19)
(0.688566 -0.121977 -7.88351e-19)
(0.752783 -0.148501 6.52642e-19)
(0.800187 -0.176429 -2.38296e-18)
(0.779609 -0.19888 -6.79032e-19)
(0.706281 -0.197949 7.8659e-19)
(0.612996 -0.186095 1.04338e-18)
(0.50228 -0.166243 3.23038e-19)
(0.376648 -0.136345 -1.41858e-19)
(0.237283 -0.0942271 -4.40752e-19)
(0.0849241 -0.0388193 -2.28575e-19)
(0.676628 -0.153171 2.00015e-18)
(0.720726 -0.180314 -4.65747e-19)
(0.729673 -0.208145 1.73289e-18)
(0.685137 -0.218503 -3.45289e-18)
(0.615753 -0.213961 -1.25047e-18)
(0.529688 -0.199621 3.42187e-19)
(0.429063 -0.175907 1.85738e-19)
(0.317496 -0.142083 -2.31152e-19)
(0.19778 -0.0970393 4.00216e-19)
(0.0696781 -0.0397372 -1.04669e-19)
(0.64714 -0.18331 -9.00246e-20)
(0.659113 -0.210369 -1.73586e-19)
(0.634975 -0.226031 -4.67184e-19)
(0.587583 -0.23056 8.35623e-19)
(0.524891 -0.224007 1.10585e-18)
(0.448054 -0.20705 -2.75272e-20)
(0.357348 -0.179838 -2.33158e-19)
(0.260496 -0.143244 -7.77408e-20)
(0.162001 -0.0977645 2.1971e-21)
(0.0572018 -0.040783 2.16292e-19)
(0.584909 -0.210264 -1.08535e-19)
(0.566845 -0.225597 -9.89462e-19)
(0.535901 -0.234042 -6.9124e-21)
(0.49268 -0.236768 3.66451e-19)
(0.439143 -0.228639 -5.42654e-19)
(0.371213 -0.209139 1.49322e-18)
(0.288636 -0.178348 7.71757e-19)
(0.207863 -0.140599 -1.69991e-19)
(0.132314 -0.0981555 -3.52118e-20)
(0.0489721 -0.0441751 1.19515e-19)
(0.494581 -0.218913 -9.72241e-19)
(0.472385 -0.226411 -3.62577e-19)
(0.442948 -0.234664 -1.4858e-20)
(0.406264 -0.236502 -3.22178e-20)
(0.361186 -0.22757 1.02678e-20)
(0.300839 -0.205262 -1.22333e-18)
(0.226373 -0.170703 4.97118e-19)
(0.164081 -0.134494 7.39017e-20)
(0.110554 -0.0984908 5.17816e-21)
(0.045436 -0.0512681 5.16873e-20)
(0.912213 0.40647 -7.48037e-18)
(1.15661 0.254014 -2.54941e-19)
(0.777531 0.172016 -1.36325e-19)
(0.726578 0.0729958 1.77649e-19)
(0.662285 0.0261265 -2.64375e-20)
(0.650273 0.0180879 1.95899e-20)
(0.608765 0.0344877 5.69123e-20)
(0.54014 0.0402989 -6.48337e-20)
(0.432988 -0.00492004 -8.82148e-20)
(0.383902 -0.11668 -2.28874e-19)
(0.935164 0.379271 3.73817e-18)
(1.24825 0.287344 -9.42473e-20)
(0.875604 0.216525 1.37591e-20)
(0.834666 0.0954697 -6.13914e-20)
(0.763357 0.036359 1.14478e-19)
(0.747161 0.0237636 -1.68146e-19)
(0.697199 0.0460478 9.95961e-20)
(0.607767 0.0676134 -1.59065e-19)
(0.444847 0.0380384 -3.08268e-21)
(0.344606 -0.082232 -1.36633e-19)
(0.943823 0.341321 3.88519e-18)
(1.31257 0.311311 -1.50774e-19)
(0.96555 0.257479 2.84064e-19)
(0.938434 0.118029 4.14559e-20)
(0.86346 0.0476586 -3.75176e-20)
(0.842878 0.0308962 2.3516e-19)
(0.781411 0.0612997 9.91651e-20)
(0.661096 0.101558 0)
(0.46812 0.085204 -1.75399e-19)
(0.314415 -0.0390653 -1.79712e-19)
(0.944616 0.297831 -1.71818e-18)
(1.33561 0.323376 -1.17399e-19)
(1.04896 0.292851 -5.17067e-20)
(1.03717 0.140101 2.70312e-20)
(0.961375 0.059797 -4.33203e-19)
(0.934946 0.0402828 3.57645e-19)
(0.856944 0.0829932 -1.60813e-19)
(0.70347 0.142763 3.7867e-19)
(0.495705 0.140447 -4.73081e-19)
(0.297028 0.0172973 4.99247e-19)
(0.944815 0.255543 -2.58241e-20)
(1.29958 0.310329 2.269e-20)
(1.12592 0.318999 2.07797e-20)
(1.13016 0.160471 -2.33122e-19)
(1.05568 0.0725964 3.49898e-20)
(1.02044 0.0531201 -3.33398e-19)
(0.920089 0.112129 -1.00398e-18)
(0.740484 0.189156 3.81651e-19)
(0.52421 0.201336 4.21262e-19)
(0.292502 0.0843143 9.23467e-19)
(0.948164 0.219185 2.70112e-20)
(1.2592 0.289482 1.96112e-19)
(1.19751 0.333192 3.5367e-20)
(1.21791 0.179201 1.94932e-19)
(1.14427 0.0864364 2.62348e-19)
(1.09536 0.0712661 -2.26716e-19)
(0.970583 0.148176 -1.6761e-19)
(0.775123 0.240532 -3.21207e-19)
(0.551952 0.267512 3.15398e-19)
(0.297308 0.159034 3.60106e-19)
(0.953698 0.188979 0)
(1.2225 0.263279 -1.99373e-19)
(1.23741 0.314264 -1.84456e-20)
(1.29597 0.193981 3.21085e-21)
(1.22357 0.101868 2.13699e-19)
(1.15582 0.0960884 3.0002e-20)
(1.01116 0.189704 3.13927e-19)
(0.808521 0.296123 -2.37748e-19)
(0.579054 0.338068 -4.89105e-21)
(0.30789 0.239377 -6.46362e-19)
(0.959779 0.162992 0)
(1.19393 0.233603 0)
(1.23299 0.283453 -2.34161e-20)
(1.35458 0.204062 -3.12651e-19)
(1.28905 0.11869 1.08307e-20)
(1.20099 0.126901 -2.95918e-19)
(1.04502 0.235442 3.56447e-19)
(0.841398 0.355162 1.47662e-19)
(0.606679 0.412334 4.36477e-21)
(0.322601 0.324002 -4.63473e-19)
(0.965883 0.139797 0)
(1.1712 0.202294 8.31182e-21)
(1.22518 0.254131 1.48256e-20)
(1.35395 0.19783 -7.22818e-21)
(1.33639 0.134493 -7.73133e-20)
(1.23393 0.161447 1.71766e-19)
(1.07482 0.284145 1.11443e-19)
(0.874891 0.416757 1.33445e-19)
(0.63665 0.489557 -2.6606e-21)
(0.342714 0.412209 4.19839e-19)
(0.971898 0.118695 5.97949e-21)
(1.15333 0.171973 -5.61218e-21)
(1.21852 0.222509 -7.83435e-21)
(1.33935 0.18576 5.90523e-20)
(1.36605 0.147628 -7.22405e-21)
(1.25936 0.19757 6.03783e-20)
(1.10273 0.334543 -2.89171e-20)
(0.910618 0.479941 -2.10152e-20)
(0.671101 0.56877 -1.8991e-19)
(0.372508 0.503418 -1.33628e-19)
(0.241429 0.0752592 5.06935e-18)
(0.181501 0.00187064 1.36947e-18)
(0.0928269 -0.0111185 -7.30348e-19)
(0.0757414 -0.00239463 3.73651e-20)
(0.0659884 -0.00156605 8.06506e-20)
(0.0640382 -0.00046827 7.34898e-20)
(0.0604185 -0.000665871 -4.79157e-20)
(0.0558398 -0.000274325 -2.37336e-20)
(0.0568396 0.00453641 -1.81835e-19)
(0.0825438 0.00669127 -7.08332e-20)
(0.529946 0.247871 2.0992e-17)
(0.460011 0.0548496 4.67496e-18)
(0.264615 0.0172257 -4.85292e-19)
(0.218459 0.00809496 6.53353e-19)
(0.193463 0.0021308 2.22188e-19)
(0.189024 0.00158823 8.65085e-20)
(0.178617 0.00229556 -1.80999e-19)
(0.162471 0.00114833 1.81969e-19)
(0.159263 -0.00569174 -6.42146e-19)
(0.231398 -0.0138511 -1.28105e-18)
(0.693881 0.352346 1.5736e-19)
(0.689951 0.112178 3.97945e-19)
(0.417265 0.047967 -4.92747e-20)
(0.355588 0.0212289 -4.83809e-20)
(0.317802 0.00618163 0)
(0.311501 0.00423138 0)
(0.294312 0.0069534 0)
(0.266518 0.00520654 0)
(0.250903 -0.0140102 1.97289e-20)
(0.358255 -0.0379757 5.76495e-20)
(0.797475 0.403401 4.02998e-19)
(0.878353 0.165442 -2.25779e-18)
(0.552047 0.0857274 -6.77157e-19)
(0.486118 0.0367485 0)
(0.438008 0.0116154 0)
(0.430325 0.00783838 0)
(0.405644 0.0137559 0)
(0.36465 0.0121016 0)
(0.32859 -0.0226989 0)
(0.44012 -0.0789696 6.60707e-19)
(0.868531 0.41812 -1.69387e-19)
(1.03464 0.212555 -9.2731e-19)
(0.670832 0.12766 0)
(0.611159 0.054037 2.8885e-19)
(0.554556 0.0180557 0)
(0.545785 0.0124818 0)
(0.513368 0.0230726 1.04679e-19)
(0.460592 0.0215902 -1.62504e-19)
(0.413611 -0.0280671 0)
(0.420704 -0.113971 7.73479e-20)
(0.0985281 0.00309047 -4.3341e-19)
(0.0966521 0.00407244 -1.00714e-19)
(0.0955875 0.00288742 3.19043e-19)
(0.0931408 0.00146326 5.19036e-19)
(0.0893376 0.000562366 1.93096e-19)
(0.0842738 0.000189905 -2.94604e-19)
(0.0782473 9.16395e-05 -9.22355e-21)
(0.0720916 8.15086e-05 -3.58336e-20)
(0.0669473 7.12841e-05 -7.88417e-20)
(0.0639722 2.80742e-05 7.08836e-20)
(0.274172 -0.0326097 -1.21195e-18)
(0.269626 -0.0242569 -7.29657e-19)
(0.266049 -0.0191141 2.91681e-19)
(0.259318 -0.0149453 -3.55047e-19)
(0.24911 -0.0112414 5.39061e-19)
(0.235753 -0.00781362 4.11246e-19)
(0.22006 -0.00498237 1.93166e-19)
(0.204025 -0.00288277 2.01229e-19)
(0.190579 -0.00141522 -2.69803e-19)
(0.182794 -0.000414987 -1.57719e-21)
(0.417223 -0.0817906 3.15695e-19)
(0.414139 -0.0645172 -7.03804e-19)
(0.411672 -0.0520381 -4.9234e-19)
(0.404159 -0.0408932 1.57039e-19)
(0.390614 -0.0307359 -1.16811e-18)
(0.37168 -0.0216454 -1.22865e-19)
(0.348925 -0.0141681 -3.62847e-19)
(0.3253 -0.00848255 2.72636e-19)
(0.305199 -0.0043385 -2.46151e-21)
(0.293423 -0.0013112 -1.8412e-19)
(0.515972 -0.138277 -6.14623e-19)
(0.521 -0.11269 3.11917e-19)
(0.525145 -0.0939233 -1.03598e-18)
(0.522117 -0.0752507 -8.28702e-19)
(0.510218 -0.057084 -1.39609e-19)
(0.489936 -0.0405549 -4.02317e-19)
(0.463659 -0.0267876 -3.38496e-19)
(0.435313 -0.0161199 -4.78773e-19)
(0.410652 -0.00824941 5.29279e-19)
(0.396006 -0.00248513 2.09246e-20)
(0.545189 -0.204192 -5.0928e-19)
(0.585373 -0.170223 -6.52048e-19)
(0.606659 -0.143091 2.0207e-18)
(0.615199 -0.117097 4.44143e-19)
(0.610346 -0.0897146 -9.71148e-20)
(0.592879 -0.06428 1.41749e-19)
(0.566238 -0.0428911 9.15738e-19)
(0.535402 -0.0260851 -2.93634e-19)
(0.507592 -0.0134929 4.4265e-19)
(0.490735 -0.00409379 3.46363e-19)
)
;

boundaryField
{
    left
    {
        type            fixedValue;
        value           uniform (1 0 0);
    }
    right
    {
        type            zeroGradient;
    }
    down
    {
        type            noSlip;
    }
    up
    {
        type            noSlip;
    }
    cylinder
    {
        type            noSlip;
    }
    defaultFaces
    {
        type            empty;
    }
}


// ************************************************************************* //
