/*--------------------------------*- C++ -*----------------------------------*\
  =========                 |
  \\      /  F ield         | OpenFOAM: The Open Source CFD Toolbox
   \\    /   O peration     | Website:  https://openfoam.org
    \\  /    A nd           | Version:  13
     \\/     M anipulation  |
\*---------------------------------------------------------------------------*/
FoamFile
{
    format      ascii;
    class       volVectorField;
    location    "0.3";
    object      U;
}
// * * * * * * * * * * * * * * * * * * * * * * * * * * * * * * * * * * * * * //

dimensions      [0 1 -1 0 0 0 0];

internalField   nonuniform List<vector>
1800
(
(-0.00500649262786 -0.0121994136512 -1.00095925472e-16)
(0.542221272328 -0.462451265653 1.49712480803e-17)
(1.05681875232 -0.863045887933 5.58799837178e-18)
(1.33344241323 -1.04695709057 1.07732780748e-18)
(1.44487966667 -1.08491207887 5.04697383263e-18)
(1.47942539074 -1.05633587374 -1.87451936939e-18)
(1.48352492415 -1.00478383112 -7.06022380298e-18)
(1.47625142967 -0.948373973039 2.96215418217e-18)
(1.46544022835 -0.889987009756 2.81560592668e-18)
(1.43222466286 -0.842015996839 -4.85174818265e-19)
(0.0165687585243 -0.0294314846792 -6.67427669187e-19)
(0.647606695462 -0.467259438253 5.41609523617e-19)
(1.21788172342 -0.846941544914 -4.12754309976e-19)
(1.51318180037 -1.01564917315 -7.31966596846e-19)
(1.6235365959 -1.04600447197 -1.05228577259e-18)
(1.65042572575 -1.01448087074 1.00540254762e-18)
(1.64621970397 -0.961819073167 -1.09860706114e-18)
(1.63215718121 -0.904350948369 7.16972204467e-19)
(1.61583631753 -0.846578756734 6.24790947022e-19)
(1.59199639628 -0.803338585575 -3.05683727976e-19)
(0.0455112901981 -0.0462614911778 -1.73537830042e-20)
(0.759497081988 -0.460248408219 -6.90767852156e-20)
(1.37932299533 -0.810031409816 2.86687217324e-19)
(1.68807918607 -0.959986340515 -2.56658404128e-19)
(1.79415976854 -0.983020704137 -1.52671221722e-18)
(1.81148684869 -0.950907319256 3.4159570797e-19)
(1.79724617243 -0.900909337745 5.97188582309e-19)
(1.77377500916 -0.847934276291 -7.76515051371e-20)
(1.7488044281 -0.796260118882 -4.9924821573e-21)
(1.71620320656 -0.755684870167 -3.42921640013e-20)
(0.0819412755545 -0.0609762064173 1.34732898706e-20)
(0.875772224386 -0.439433544552 -9.04384657972e-20)
(1.53757236025 -0.751155725781 -2.87054293551e-19)
(1.85442509765 -0.879168006588 7.10261725227e-20)
(1.95403620472 -0.894660666659 3.93726533495e-19)
(1.9616191597 -0.862541711573 3.6777380463e-20)
(1.93818989411 -0.815491753216 -2.42080900567e-20)
(1.90676790166 -0.766195284644 5.46838638235e-19)
(1.87471093829 -0.718309662565 4.5210760721e-19)
(1.83871390427 -0.682200314392 -1.4936412997e-19)
(0.125581044952 -0.0720567481984 8.70253924192e-20)
(0.993769962899 -0.404130233654 1.54809216043e-19)
(1.68825290186 -0.67155283408 -8.37619637423e-20)
(2.00716855681 -0.776101228644 -9.82776368505e-20)
(2.09781574017 -0.785225878592 -1.19055880186e-18)
(2.09526501337 -0.75516777827 1.062853481e-20)
(2.06310286399 -0.713375906559 9.29776678011e-19)
(2.02440447251 -0.670295133311 3.23246534053e-19)
(1.98615605591 -0.629177297852 2.3150692591e-20)
(1.94623163165 -0.597892367991 -1.99854429809e-19)
(0.175390113439 -0.0776943164502 -8.07692641319e-20)
(1.10988684729 -0.353270323032 1.74812702376e-19)
(1.82690204499 -0.571736401667 1.12346908892e-18)
(2.14195393161 -0.652182196551 -8.18468488794e-19)
(2.2218069193 -0.656190689067 -8.65279917634e-19)
(2.20939421174 -0.629582914199 1.43756334642e-18)
(2.16947784399 -0.594134529643 -1.03841652493e-18)
(2.12456124092 -0.557999804261 -1.14403489633e-18)
(2.08112141945 -0.523833174815 8.30678440887e-19)
(2.03807025384 -0.498229093881 -3.21687742559e-20)
(0.22984093529 -0.0764163448332 -3.02221168819e-20)
(1.220376374 -0.286962365472 -4.98962502043e-19)
(1.94929529659 -0.453884165422 -2.98616570088e-18)
(2.25491807231 -0.510912836027 1.35970296097e-18)
(2.32270709203 -0.511781848864 2.18679668458e-18)
(2.30110824174 -0.490347185222 -6.32923517596e-21)
(2.25469451207 -0.462649175173 -2.81041736148e-18)
(2.20490757213 -0.434648484574 -2.73463030541e-21)
(2.15753618283 -0.408435961438 2.52204219268e-18)
(2.11205545558 -0.389072991063 6.64301666487e-19)
(0.28670531547 -0.0669775844056 6.14964067828e-20)
(1.32103759995 -0.205750095029 4.3265697037e-19)
(2.05127606469 -0.320350310175 2.29413357469e-18)
(2.34261814969 -0.355572751004 -8.26325816105e-20)
(2.39788108914 -0.355510870782 -1.40857858818e-18)
(2.36824166204 -0.340623885726 -4.34658418598e-19)
(2.31677040517 -0.321607092467 0)
(2.26344498202 -0.30242060018 9.88397591519e-19)
(2.21331067551 -0.28462571532 1.04587434323e-20)
(2.16622479567 -0.272029954023 -8.02924331057e-19)
(0.343275539136 -0.0487508074136 8.96611374189e-21)
(1.40792717145 -0.111247672232 8.69286110404e-19)
(2.12942021865 -0.174511486984 2.06148346262e-18)
(2.40264242335 -0.190367289592 -1.98588874809e-18)
(2.44580404213 -0.191762177502 -1.42859031307e-18)
(2.4095742666 -0.184499331918 4.46089772426e-19)
(2.35460615303 -0.174871575631 -1.87940408451e-18)
(2.29915438341 -0.164973485135 -1.27689694845e-18)
(2.24752354264 -0.155875967323 1.5196612438e-18)
(2.19968380406 -0.150225210713 1.29349766935e-18)
(0.396537202136 -0.0218377072794 4.38133263449e-20)
(1.47760561821 -0.00586698120909 6.01517270134e-19)
(2.18057159167 -0.0199971862736 3.87796360269e-19)
(2.43372773682 -0.0196529075049 -2.88821194569e-18)
(2.4656975721 -0.024818514121 4.09272475945e-20)
(2.4245297635 -0.0255700101107 4.26315705189e-18)
(2.36751850055 -0.0257014071489 -2.25907743871e-18)
(2.31123710278 -0.0253737685975 -1.26906310383e-18)
(2.25926660172 -0.0250305810765 4.13153029166e-19)
(2.21163234263 -0.0262896547833 -9.38906815614e-19)
(-0.00577156188892 0.00293387608662 1.06895630766e-19)
(-0.00438679820276 -0.0902532179891 6.32485881195e-20)
(0.0426915350591 -0.179360254546 -1.62437403022e-21)
(0.104411747436 -0.226548247661 -8.80162813557e-21)
(0.170627731119 -0.242804040466 -2.01019608221e-21)
(0.235339959695 -0.243507195296 -4.30572329177e-20)
(0.295706863319 -0.237765179695 1.57090900607e-20)
(0.351066137638 -0.229821790773 -2.73887405232e-20)
(0.401297243147 -0.221470617261 3.17741169248e-21)
(0.448992787557 -0.214664430711 -8.36059444781e-21)
(-0.0079237745151 0.0160621058201 3.31343581743e-20)
(0.00925288107942 -0.135559221247 7.84717965797e-20)
(0.0717086557756 -0.286299187528 -1.0269489258e-19)
(0.141309564257 -0.365889850619 -4.55667769129e-20)
(0.209901250778 -0.391800844887 -7.59385874036e-20)
(0.274341004714 -0.39063586627 -8.11189515935e-20)
(0.333357759148 -0.378355753243 3.00854727495e-20)
(0.387005080543 -0.362403575655 -2.00802779076e-20)
(0.435359873245 -0.345973326553 2.13562159638e-21)
(0.48209051501 -0.333477411546 -8.23558875205e-21)
(-0.0120373625695 0.0272609570916 -4.25503731949e-20)
(0.0308176125644 -0.180733050605 1.70427797034e-19)
(0.118719409032 -0.389827809558 7.11679855412e-20)
(0.201465614741 -0.49965760208 2.71660874269e-19)
(0.274050436077 -0.534227942257 4.95267264116e-20)
(0.338072030555 -0.53089168509 -2.81360901064e-19)
(0.394870008389 -0.512127696178 -3.0389274197e-20)
(0.445701475141 -0.4883843855 8.998119709e-20)
(0.4909743633 -0.464222131419 -3.69093526969e-20)
(0.536226446836 -0.446201332409 -5.16301176675e-21)
(-0.0174858285287 0.0357821140705 -1.13342771284e-19)
(0.0608050113598 -0.225443923857 -2.61505585139e-20)
(0.183553125679 -0.488070771176 3.20786570196e-20)
(0.284227579141 -0.625004649901 -1.3457972906e-19)
(0.362159460922 -0.666830126751 6.94072782051e-20)
(0.425484428827 -0.660929911439 1.89088691865e-19)
(0.479157232035 -0.635793542396 5.30764773904e-20)
(0.526080625626 -0.60459463817 -1.19435147884e-20)
(0.56714261561 -0.573203787126 2.13871312219e-20)
(0.610395708301 -0.549858132041 -2.56084661451e-21)
(-0.0234206096074 0.0408955509782 0)
(0.0998143157558 -0.269321293011 8.85961406399e-20)
(0.26586966328 -0.579165975626 2.59136520881e-19)
(0.388559961685 -0.739133794636 -2.75662623662e-19)
(0.472834608157 -0.786441628731 -5.76263547991e-19)
(0.535037300009 -0.777539799031 1.95666324268e-19)
(0.58466620402 -0.746236135688 -2.7355060449e-20)
(0.626647515196 -0.708065214499 -1.00226336027e-19)
(0.662497937753 -0.670111785669 0)
(0.703234071167 -0.641658322663 -8.88945410144e-21)
(-0.028768242726 0.0419741695765 5.5159748182e-20)
(0.148499699425 -0.311865375974 8.55112691315e-20)
(0.365082407174 -0.661226515438 4.28530249854e-20)
(0.512957364505 -0.839341564516 2.41752898037e-19)
(0.604105765152 -0.890073924769 -1.9148414115e-19)
(0.664595160454 -0.877756117722 -2.91370582005e-19)
(0.70927943127 -0.840639524226 5.10251661777e-19)
(0.745396097389 -0.796161749577 5.49321928566e-20)
(0.775242099017 -0.752460689438 -3.03489610586e-19)
(0.812908272289 -0.71907286921 -7.09923994717e-21)
(-0.0322643379681 0.0386022037266 -3.52480827674e-21)
(0.207452837204 -0.352327035528 8.82546957512e-21)
(0.480242874819 -0.73232506236 1.31777313107e-19)
(0.655331670467 -0.923099650466 2.61364420964e-20)
(0.753336523528 -0.975087156397 3.22044856751e-19)
(0.811352012268 -0.959078668298 -4.01832463312e-19)
(0.850240677113 -0.916740231394 -4.06851051158e-19)
(0.879731764953 -0.866883291197 -3.43041790562e-19)
(0.903065568766 -0.818385652959 2.52464873652e-19)
(0.936868651727 -0.780067753538 2.74437814964e-19)
(-0.0325871512656 0.0307412588866 -1.28306509944e-19)
(0.276950983026 -0.389572871597 6.02503933047e-20)
(0.609751078685 -0.79046792329 2.97197639767e-19)
(0.812767029945 -0.988151553113 -1.77376824682e-19)
(0.917009590221 -1.03936977233 3.35410241713e-19)
(0.971658561304 -1.01977196329 7.91037237939e-19)
(1.00402135674 -0.97327530204 5.45547829503e-19)
(1.0263411982 -0.919515029105 -4.30272324703e-19)
(1.04300044574 -0.867461917726 -2.04940064039e-19)
(1.07115733963 -0.824033330502 2.96331928861e-19)
(-0.0286561592469 0.0189273749023 -1.78509629758e-19)
(0.356495116237 -0.421882797442 -2.85796062363e-19)
(0.750895862952 -0.83338783712 6.81473577759e-19)
(0.980989046084 -1.0322563662 7.62728982317e-19)
(1.09002093827 -1.08095330884 -7.49079091422e-19)
(1.14003658177 -1.05829635487 8.22327803338e-19)
(1.16499215617 -1.00929483196 1.38043397859e-19)
(1.1795226825 -0.953892134535 -9.92835356596e-19)
(1.18945519861 -0.899895423254 -2.45292306128e-19)
(1.20741877701 -0.851521091379 3.35685930116e-19)
(-0.019743863647 0.00422985392519 9.03076081231e-20)
(0.44505167743 -0.446927814578 -3.09719319824e-19)
(0.900493610935 -0.858372381808 -4.49131373141e-19)
(1.15523931131 -1.05264260747 7.7162814837e-19)
(1.26655192199 -1.09698888276 6.06043927099e-19)
(1.30961312751 -1.07157870814 -7.43606690978e-19)
(1.32493069412 -1.0213831168 -6.13950641021e-19)
(1.32950808077 -0.965934742546 3.66166383699e-19)
(1.33070649616 -0.910495769086 -3.84429529619e-19)
(1.32910879268 -0.859255075666 -2.28417367637e-19)
(0.620680762048 -0.174332389659 3.88233656952e-20)
(0.799644761559 -0.133093901394 -7.66736543127e-20)
(0.888010178122 -0.103973849386 5.70398587258e-21)
(0.939030500941 -0.0812734037276 1.32735830574e-20)
(0.969009232565 -0.0629609170159 -6.26967464558e-21)
(0.986732569674 -0.0479843915921 -3.14746655266e-21)
(0.997608358936 -0.035700038713 -4.82615441851e-21)
(1.00444414915 -0.0254786560481 -3.1558724382e-21)
(1.00856921115 -0.0173633637306 7.91211166023e-21)
(1.01135658316 -0.00715703122749 2.95749775557e-21)
(0.638455592557 -0.248089360504 1.05841235065e-19)
(0.811501694554 -0.172805118796 1.66698041293e-20)
(0.896481768575 -0.125537539322 4.6156454453e-21)
(0.945459615468 -0.0932425491071 -7.70914902595e-21)
(0.974075020022 -0.0699059512202 -1.72277129941e-20)
(0.99080316364 -0.0521333713954 0)
(1.00091041364 -0.0382259335316 -5.05600208262e-21)
(1.00715702751 -0.0270194207457 3.89908576802e-21)
(1.01088105006 -0.0182992946528 4.78756966059e-22)
(1.01333176676 -0.0075212496347 -3.61023760444e-21)
(0.666725425399 -0.319333656844 -6.11373204153e-20)
(0.828502866815 -0.211618613826 -4.14898771777e-20)
(0.907746331843 -0.146798989483 1.87403228873e-20)
(0.953351679445 -0.105077226212 -9.25018327871e-21)
(0.979924411689 -0.0767389081386 -3.93003257331e-21)
(0.995326095948 -0.0561775525458 6.23676368983e-21)
(1.00448845375 -0.0406559339128 0)
(1.01004544345 -0.0284783347527 0)
(1.01331253943 -0.0191696100276 -2.18457388345e-21)
(1.01538686991 -0.00785516918302 0)
(0.705578544117 -0.386670387412 -3.32688960642e-20)
(0.850416408251 -0.248952393374 7.82731749801e-20)
(0.921726501304 -0.167486503311 8.68326605173e-21)
(0.96269314608 -0.116650390414 0)
(0.986555033985 -0.0833875645568 2.32818403068e-20)
(1.00029534662 -0.0600739102698 -3.60899136929e-21)
(1.00832440156 -0.0429628075025 0)
(1.01310624196 -0.0298385941908 4.42651693304e-21)
(1.01586208729 -0.0199635999572 0)
(1.01752862687 -0.00815447443859 6.22192746481e-22)
(0.755098398388 -0.448747457082 -3.07363979145e-20)
(0.876968568819 -0.284274586724 1.04573522396e-19)
(0.938316238472 -0.187339511147 -4.70421703619e-21)
(0.973452465856 -0.127837047073 0)
(0.993954438649 -0.0897832969501 5.18734884892e-21)
(1.00569893016 -0.063780333963 7.11006055151e-21)
(1.01242325733 -0.0451203295796 5.99038886654e-21)
(1.01630274622 -0.0310830350466 1.0938734055e-21)
(1.01849093584 -0.0206703146053 -2.23888775005e-21)
(1.01973125381 -0.00841478747653 2.69908515714e-21)
(0.815111002961 -0.504192361314 -6.87589658248e-19)
(0.90782888382 -0.317106449784 -1.85882325184e-19)
(0.957358375716 -0.206148945131 1.89869166109e-21)
(0.985581327795 -0.138526677323 3.38303697469e-20)
(1.00210877004 -0.0958651070876 -8.07415639872e-21)
(1.0115188965 -0.0672577883293 5.09114557455e-21)
(1.01675620238 -0.0471029497138 5.22326874447e-21)
(1.01964726156 -0.0321945531799 -9.47226719821e-21)
(1.0212127113 -0.0212788445574 -2.10927396249e-22)
(1.02197619437 -0.00863182987247 1.33836396016e-22)
(0.884737555775 -0.55148252703 -2.02216246801e-20)
(0.942253602247 -0.346536924494 7.11590462443e-20)
(0.978528838475 -0.223678361993 3.76599237153e-21)
(0.998985855903 -0.148618125753 -9.46543054234e-22)
(1.01098057001 -0.101580424818 -2.47913536568e-20)
(1.01773043805 -0.0704732583361 5.37040629858e-21)
(1.02129772791 -0.0488870367201 -3.56511282684e-21)
(1.02311084543 -0.0331568184556 -4.29621705384e-21)
(1.02398601065 -0.02177876847 1.10876088774e-21)
(1.02427094067 -0.00880140630389 -1.87076797596e-21)
(0.962640878189 -0.589836972726 3.02684905862e-19)
(0.97859959668 -0.372057108671 8.17426370176e-20)
(1.0007607664 -0.239570360791 0)
(1.01326642313 -0.157906242526 -4.59898277902e-22)
(1.02042103956 -0.106833820169 1.97398695731e-20)
(1.02428173441 -0.0733803851364 1.14237310726e-21)
(1.02603096957 -0.0504489045873 -1.56430570647e-20)
(1.02665420083 -0.0339556963552 4.36603567751e-21)
(1.02680825459 -0.022161227881 -4.1454033601e-23)
(1.02658082142 -0.00892078452504 -3.11453714853e-22)
(1.05113379823 -0.622183626394 -4.37820724104e-19)
(1.0168133408 -0.397096418902 -2.1873824451e-19)
(1.02274126082 -0.255524071548 5.17229379038e-20)
(1.02749425587 -0.167059353498 -1.67226063089e-22)
(1.02994441394 -0.111840664882 -2.31462672024e-21)
(1.03092397151 -0.0760305428888 -1.50562852667e-20)
(1.03084180443 -0.0517898450284 3.9557716837e-21)
(1.03025538761 -0.0345819916258 5.30087026409e-22)
(1.02964289645 -0.0224180855382 -3.2248444433e-21)
(1.02890029463 -0.00898930720928 -2.78548407344e-21)
(1.15629902264 -0.645616091119 3.03446600482e-19)
(1.06736556921 -0.418211133173 -2.22237737568e-19)
(1.04851662303 -0.272146658108 -4.00005361389e-20)
(1.04268246488 -0.177259614681 -4.17798414921e-20)
(1.03968705182 -0.117446993601 -2.36575892935e-20)
(1.03762250243 -0.0788958272534 -1.15806534711e-20)
(1.03566385443 -0.0531368302458 -5.58968725734e-21)
(1.03386065672 -0.0351282828344 0)
(1.03246677087 -0.0225823402124 -3.94965737177e-22)
(1.03121404848 -0.00900086627779 2.07634691917e-21)
(1.31133052184 -0.632052298586 5.05255522444e-19)
(1.16733788651 -0.418621562841 1.66244392992e-19)
(1.10450983743 -0.273966550637 -1.12393854371e-19)
(1.07477384361 -0.178959178437 7.26061072869e-21)
(1.05857807038 -0.118394466336 9.07344856812e-21)
(1.04926732858 -0.0791770274386 -5.26499668152e-21)
(1.04324013566 -0.0530189176066 3.15105480839e-22)
(1.03903735281 -0.0348444223953 4.53926788912e-21)
(1.03627600903 -0.0222762165543 -3.16309086908e-21)
(1.0341883557 -0.00886138170436 9.04390452849e-23)
(1.36379077222 -0.518954143094 -1.29174468736e-20)
(1.20226874052 -0.357335236641 1.572269194e-19)
(1.13362539025 -0.242816853611 1.17885430841e-19)
(1.09765345262 -0.163831065995 -1.40455606385e-20)
(1.07493030278 -0.110434919555 5.50767470966e-20)
(1.06057326458 -0.0745370461045 3.5828880911e-20)
(1.05111621888 -0.0501074041558 2.45383438605e-20)
(1.04467005388 -0.0329787331131 -2.42094217041e-21)
(1.04051505273 -0.0210975619263 8.59062710151e-21)
(1.03752922641 -0.00838525059792 3.85542021198e-21)
(1.421622662 -0.445126687149 -1.41376912678e-19)
(1.25327801503 -0.318335365172 -1.08248386777e-20)
(1.16900227395 -0.220306306273 5.72986754763e-21)
(1.12168866367 -0.150610478186 4.19497017797e-37)
(1.09117735524 -0.102281711597 8.24195876528e-22)
(1.07159554987 -0.0692635074256 -9.83521691588e-35)
(1.05870543765 -0.0466018338746 -2.9377327929e-21)
(1.05005212602 -0.0306595989805 -2.13976445169e-34)
(1.04455825013 -0.0196037430326 8.55447470387e-22)
(1.04066086952 -0.00778810469678 -2.54682711638e-21)
(1.45742104827 -0.366451426518 -2.01595548861e-34)
(1.28987924072 -0.271472407323 -4.12388442056e-20)
(1.19742885974 -0.192285594642 -4.15234861644e-20)
(1.14222753182 -0.133692467193 0)
(1.10559224174 -0.0917074375687 -2.33127566532e-20)
(1.08154977494 -0.0624123350485 -1.60093937911e-20)
(1.06563721992 -0.0420755660585 -9.30289750053e-21)
(1.05497932157 -0.0276927885402 -2.63632970859e-34)
(1.04826156737 -0.0177101549016 -2.8640314479e-21)
(1.04353197757 -0.0070375400972 2.41780763788e-21)
(1.48017184162 -0.29504503999 -8.77654091092e-20)
(1.31793128049 -0.225576611265 4.55461658819e-21)
(1.2206413578 -0.162837886775 0)
(1.15955733957 -0.114747776146 0)
(1.11802741925 -0.079391425861 0)
(1.09027355492 -0.0542850998663 0)
(1.07175625189 -0.0366764602462 -5.77574843894e-22)
(1.05935770461 -0.0241570451815 -2.94768561169e-34)
(1.05153006068 -0.0154582581276 7.55212871523e-22)
(1.0460580468 -0.00614646363134 2.89286885618e-34)
(1.49415356207 -0.229277734831 -3.72421836527e-20)
(1.33877040735 -0.180037824788 0)
(1.23896576162 -0.132142362781 0)
(1.17365866757 -0.0941919658024 0)
(1.12836726743 -0.0656656737763 0)
(1.09763468709 -0.0450965929686 0)
(1.07695740996 -0.0305356881487 9.7028157411e-22)
(1.06308501442 -0.0201306200402 5.74671416236e-21)
(1.05434327151 -0.0128924974976 7.10080421815e-22)
(1.04821050468 -0.00513039553314 3.22431159588e-21)
(1.50223256242 -0.168592956593 0)
(1.35358730012 -0.135347291851 -1.30842432133e-20)
(1.25274587164 -0.100709649434 -1.68096461327e-20)
(1.18454384884 -0.0724693467056 0)
(1.13648927709 -0.0508490989301 -1.07909387379e-20)
(1.10349164814 -0.0350576046428 -7.70354120628e-21)
(1.08112317136 -0.0237882705102 -4.390576928e-21)
(1.06607429885 -0.0156977625955 -3.36817968178e-21)
(1.05659005447 -0.0100627019461 4.50679887811e-21)
(1.04991449492 -0.00400808895027 1.40636190638e-21)
(1.50549227055 -0.111831192741 9.1212671986e-21)
(1.36225862798 -0.0914689915713 7.09862462505e-21)
(1.26134688506 -0.0686890097237 -4.01950634912e-21)
(1.19148411967 -0.0497739322257 2.92531888779e-36)
(1.14167059488 -0.0350984168668 5.98094124121e-22)
(1.10712133147 -0.0242738842063 -6.14066107491e-35)
(1.08361483675 -0.0165000131276 7.38781839768e-22)
(1.0677408166 -0.0108975364823 3.16533104222e-21)
(1.0577262032 -0.00698619685833 5.86952027134e-22)
(1.05064661416 -0.00277848146384 -1.9687801871e-21)
(1.48431086234 -0.0556832858715 -4.49937751097e-20)
(1.34506821086 -0.050580495972 1.22836946479e-20)
(1.24674334341 -0.0391576755795 1.31825753716e-20)
(1.17797057229 -0.0287465621124 0)
(1.12860917414 -0.0204054151982 7.80033978562e-21)
(1.09417745649 -0.0141611448274 5.52199783168e-21)
(1.07065315641 -0.00964422600399 4.40161324186e-21)
(1.05476059467 -0.00637675504109 2.44065416071e-21)
(1.04471705309 -0.00408952340791 -2.30190605563e-21)
(1.0376344637 -0.00162308363768 2.41202319056e-21)
(1.11100807855 -0.00313896410065 0)
(1.02257046733 -0.00700739414861 0)
(0.953883627558 -0.00623876340419 0)
(0.903962406604 -0.00476079858291 0)
(0.867521606053 -0.00342457995447 0)
(0.841901158818 -0.00239887187856 0)
(0.824286739151 -0.00164444433107 5.73620796667e-22)
(0.812330496914 -0.00109690652336 -3.6029697441e-36)
(0.804735329444 -0.000690356197297 5.80496202958e-22)
(0.799381572818 -0.00026238918406 1.8060301706e-21)
(2.12730760309 -0.0260835514125 8.63754109343e-19)
(2.11773614152 -0.132550496821 5.99446116312e-20)
(2.09045674748 -0.236799420583 -1.30074946746e-19)
(2.04549258047 -0.336673567168 -3.37709288136e-19)
(1.98507658789 -0.429957584801 -1.19885413798e-19)
(1.90744260064 -0.516589869591 -1.76241714971e-19)
(1.82427922387 -0.587296140419 -4.10156160023e-19)
(1.71187029567 -0.663888552756 1.33228144896e-19)
(1.63439367357 -0.683490988933 0)
(1.46810305791 -0.772649417983 3.41044442968e-20)
(2.04094556346 -0.0190782035954 2.13464922201e-19)
(2.03316344181 -0.0987633860744 -3.34304888734e-19)
(2.01227935795 -0.177432792557 7.78773689378e-22)
(1.9768881764 -0.254290972569 -1.32780098601e-19)
(1.93255781237 -0.325854868678 1.35669370852e-20)
(1.86958862091 -0.398130315647 1.14979772583e-19)
(1.81270806155 -0.448685764141 3.44337874978e-20)
(1.71845238452 -0.528563340281 9.84373230314e-20)
(1.66690796115 -0.528878103187 -1.20069882441e-19)
(1.54959923659 -0.624571651554 2.19672108804e-20)
(1.96711077299 -0.0141832206927 -1.14175321857e-19)
(1.96124387766 -0.0774809682773 2.04067574204e-19)
(1.9452312247 -0.139563989129 1.89586569888e-19)
(1.91687813318 -0.200608272281 -2.1972915934e-19)
(1.88257150897 -0.256423195071 1.08372023419e-19)
(1.83167428713 -0.315974399444 1.03333704175e-19)
(1.7876428205 -0.353454810973 -7.04300500653e-20)
(1.71409830371 -0.42438808247 8.33318086808e-20)
(1.6679141699 -0.422129118178 8.39704813576e-20)
(1.58235774587 -0.506776292164 1.07790066916e-19)
(1.91035420036 -0.0131129871595 -1.85176766864e-19)
(1.90567108906 -0.0616363717795 5.41067281834e-20)
(1.89236916355 -0.109361618718 -1.15327042701e-19)
(1.86882890665 -0.156962074276 -6.79983077388e-20)
(1.84012234423 -0.200374658813 4.12587371612e-20)
(1.79860811517 -0.248270030148 -1.03954019106e-19)
(1.76049743465 -0.277798491466 7.37656579912e-20)
(1.70323178022 -0.336020671866 3.05270926476e-20)
(1.66023061991 -0.335808226301 -1.76471042906e-20)
(1.59605563581 -0.404664087414 8.28494178102e-21)
(1.86606290329 -0.0112072025932 5.58804169706e-20)
(1.86221612221 -0.0481905665114 4.23824661327e-20)
(1.85076278693 -0.0845348763463 -6.52543601282e-20)
(1.83081914031 -0.12095936415 2.29794802864e-19)
(1.80567449183 -0.154239291779 1.78434267305e-20)
(1.77116097149 -0.191294007871 -1.3051128719e-19)
(1.73680535268 -0.214671670693 1.96325170951e-20)
(1.69099578959 -0.259611976479 -8.54843838606e-20)
(1.65136576017 -0.261620260452 1.17387135351e-19)
(1.60051988998 -0.314621690615 8.53069091034e-20)
(1.83252473363 -0.0105581608816 -1.00022266637e-19)
(1.82933641607 -0.0376505510777 -5.76031194622e-20)
(1.81916868022 -0.0642812710633 3.82528888149e-20)
(1.80173956537 -0.0910779014567 7.87009306375e-20)
(1.77895159582 -0.115775616204 3.03614115705e-20)
(1.74924407931 -0.143288945425 -3.91472710948e-20)
(1.71745334262 -0.161436300695 3.03142626576e-21)
(1.67904374145 -0.194718905077 5.80755336804e-20)
(1.6422115837 -0.198171923324 1.09146478672e-19)
(1.59932383718 -0.237537041325 -5.29709962351e-20)
(1.80801997246 -0.0103347118934 -4.27964407754e-20)
(1.80544416775 -0.0288715923205 -7.74973931666e-20)
(1.79624578882 -0.0470641745248 -4.56661803996e-20)
(1.78057491769 -0.0654464939533 -9.48831606741e-20)
(1.75943982245 -0.0826004820524 -2.50317171455e-20)
(1.73283084545 -0.101803363613 -7.47201554841e-21)
(1.70281043809 -0.115069415423 4.82295961925e-20)
(1.66885001483 -0.138593772485 -1.90605719083e-20)
(1.63418524104 -0.142399839866 -3.06513594685e-20)
(1.59583284229 -0.170606148462 1.18669261775e-20)
(1.78730334874 -0.0101004842829 3.33920471417e-20)
(1.78579385982 -0.0209212927437 3.59272346213e-20)
(1.77796579435 -0.0314478604917 1.25606892065e-20)
(1.76419253755 -0.0420947286878 -2.17675395583e-20)
(1.74482776066 -0.0521532484343 -1.74388978408e-20)
(1.72076182027 -0.063796577389 3.85085881356e-20)
(1.69234147215 -0.0720915314926 -5.71069009297e-22)
(1.66116626053 -0.0874349840617 -5.07539600822e-20)
(1.62802746781 -0.0903622927031 1.21440559726e-20)
(1.59207255996 -0.110330558558 4.97645094545e-20)
(1.71463283678 -0.01419684138 -2.05576374321e-20)
(1.71468487444 -0.0167027518883 6.88136676041e-21)
(1.71092431521 -0.0188829524014 3.58057275429e-20)
(1.70303950272 -0.0211257541507 3.94106783735e-21)
(1.69058038834 -0.0231112021756 -8.20520791095e-22)
(1.6744804893 -0.026510529067 -1.08881023513e-20)
(1.65337437492 -0.0281300033877 2.24341159814e-20)
(1.63068898865 -0.0353527081202 -3.12958635244e-20)
(1.60200114075 -0.0351484091126 3.54438924111e-20)
(1.57547716775 -0.0472320243109 1.1867630555e-19)
(1.12437792417 -0.00833099378255 2.96146548818e-20)
(1.11645161279 -0.00549986621492 1.8228710658e-20)
(1.11159775853 -0.00269292301433 1.43972042867e-20)
(1.11014536192 -1.27702872805e-05 1.49072027903e-20)
(1.11120289165 0.00248339813875 -7.89833427942e-22)
(1.11545573879 0.00450810721448 6.34287980752e-21)
(1.11877015694 0.00658105729647 -9.80805802503e-21)
(1.12797776726 0.00639532824365 3.217983236e-21)
(1.12575260411 0.0094166408707 -5.07756105177e-21)
(1.14272687464 0.00468042871253 5.63470266385e-21)
(1.38347297094 0.750845882712 -5.55793438908e-20)
(1.36743275448 0.802666158392 2.3494395801e-20)
(1.37219514496 0.858814696849 -4.84632844632e-19)
(1.3826345829 0.921267758385 2.07731766644e-19)
(1.39283262856 0.988258520728 9.10785998716e-19)
(1.39901656093 1.05676693131 -1.32277786316e-19)
(1.38406322671 1.11383686874 -8.81113036929e-19)
(1.28729288477 1.10262392793 -1.84970642952e-20)
(0.983045101049 0.885890099359 -4.20786438917e-19)
(0.399372882206 0.359310905229 1.71135146032e-19)
(1.54865222362 0.725594242021 0)
(1.54066598405 0.774954633834 5.59240916321e-19)
(1.54117342313 0.827055184268 1.26649714487e-18)
(1.54867513686 0.887430696005 -7.69885684253e-19)
(1.56052633628 0.953970525661 -1.84260896411e-18)
(1.57107550528 1.02284674096 -1.38572839947e-19)
(1.55904894356 1.08037322116 -1.78893835603e-19)
(1.45339973779 1.06953721368 6.63203788299e-19)
(1.1082752618 0.85598563724 8.60638692804e-19)
(0.444860938417 0.340396009511 3.53145570057e-19)
(1.68747886684 0.703822287267 6.29746894232e-20)
(1.69213973342 0.749403912564 0)
(1.69798959679 0.797388907491 -6.48301524879e-20)
(1.70928442222 0.852605074527 7.78709778922e-19)
(1.72551303993 0.914000687306 5.20481692483e-20)
(1.74079268407 0.978430565714 -1.91801222923e-18)
(1.73102254119 1.03213116176 1.25238346695e-18)
(1.61519826993 1.01916734805 8.01973589371e-19)
(1.22782725543 0.811156166914 -7.73758451848e-19)
(0.485766214526 0.314714647524 -2.76887159329e-19)
(1.80012780433 0.667632162203 -1.2791707516e-19)
(1.81626839362 0.709014004318 -1.00405850554e-19)
(1.83248229275 0.752868273563 2.27504621089e-19)
(1.85272939338 0.802730292512 -2.86410243268e-19)
(1.87684770201 0.858270016155 -1.37512875385e-18)
(1.89894023792 0.916894611784 -1.08075593378e-18)
(1.89214708889 0.964960497627 1.20760408755e-18)
(1.76546938154 0.948681215047 8.32402577324e-19)
(1.33501000575 0.749103861214 0)
(0.517547439654 0.280727960131 0)
(1.89649561503 0.609374707584 -7.82178017324e-19)
(1.92214969608 0.646791925352 -1.39589911991e-18)
(1.94877395084 0.686613724666 -5.52883384559e-19)
(1.97888560404 0.731339929693 -3.29063097231e-20)
(2.01200924946 0.780970926147 0)
(2.04170536183 0.833226634918 1.38560731236e-19)
(2.03772830225 0.874769220527 1.64977914862e-19)
(1.89893875874 0.855057657425 2.13682443058e-19)
(1.4246376822 0.668470333246 -3.24127617696e-19)
(0.536832832607 0.238882057486 -8.02671042755e-20)
(1.98329982968 0.530801468231 9.52960871578e-19)
(2.01610305065 0.56412024054 -4.06033706328e-20)
(2.05111155437 0.59958304093 -1.14193143226e-18)
(2.08974531053 0.638906884303 0)
(2.13102563718 0.682196992629 0)
(2.16743509958 0.727401503802 0)
(2.16479249506 0.761686293446 1.53625539205e-18)
(2.01190333144 0.739027799655 -1.90177768197e-18)
(1.49323398705 0.571562099655 -1.07529301733e-18)
(0.54239790326 0.192005781093 -9.94566556376e-20)
(2.06040039388 0.436711365135 -1.28171726587e-18)
(2.09836851434 0.465204940052 -2.71019232907e-18)
(2.13969568838 0.495381334098 -4.7867735955e-21)
(2.18503742829 0.52849011323 5.67533209759e-19)
(2.23287014299 0.564672947519 -3.98353479538e-20)
(2.27423458911 0.601957873748 1.30625603151e-18)
(2.27070063256 0.628337773063 -7.76338225516e-19)
(2.10063639805 0.603983358572 -2.432269239e-18)
(1.53925154187 0.462413905633 1.83766692032e-19)
(0.533512877931 0.143008724967 1.22388154912e-19)
(2.12449804174 0.331192778239 -1.03570983099e-18)
(2.16634002673 0.353781944043 1.51796641767e-20)
(2.21237432412 0.377506904651 4.10275465472e-19)
(2.26272516205 0.403408442989 -4.06522592903e-19)
(2.31539490371 0.431687909352 6.48457805361e-19)
(2.35988913137 0.460481597922 1.8547770331e-18)
(2.35258291937 0.479759760972 -2.1514453733e-19)
(2.16467398084 0.452860732502 -1.44791867508e-18)
(1.559125034 0.346144435911 2.80511350874e-19)
(0.512649636332 0.0983011334243 -2.41245544223e-22)
(2.17224236616 0.217187963162 4.01392331047e-19)
(2.21706197213 0.233033212374 7.65994734953e-20)
(2.2665146857 0.249347221341 -4.34628732561e-19)
(2.32037251991 0.267079413315 -1.05260859359e-18)
(2.37613248413 0.286333454199 8.71248810798e-20)
(2.42169727452 0.306480031883 8.73548474867e-20)
(2.40932960757 0.31751224068 -1.73435015937e-18)
(2.1980359485 0.29718655131 7.86139891848e-19)
(1.55365449963 0.228625754364 1.87868997944e-19)
(0.482974866141 0.053172258446 -1.28286112147e-19)
(2.20181319384 0.096880610738 7.90134203196e-19)
(2.24853543431 0.105167042416 -1.22593910241e-18)
(2.29990891587 0.113550982449 1.80996403869e-19)
(2.35573110257 0.122930082171 2.61384765497e-18)
(2.41299190584 0.132708252889 1.36713523592e-18)
(2.45744084911 0.141599212955 -3.24844065282e-18)
(2.43648852386 0.151322629595 -3.43277836182e-18)
(2.20255892323 0.139077850618 1.75083344128e-18)
(1.527237807 0.108146329502 4.49190541689e-21)
(0.443768976511 0.0127089069698 1.0028156157e-19)
(0.514333893741 0.206800196085 -1.6784429958e-19)
(0.477769038801 0.213988557901 -1.50139484793e-19)
(0.434549998253 0.221802437747 8.43169771747e-20)
(0.385799766372 0.230179177851 -2.73717515987e-19)
(0.332070046162 0.239150820204 -3.37153562075e-20)
(0.27301291511 0.248580051887 2.19590702243e-19)
(0.207356384873 0.256610070731 5.06772712546e-20)
(0.134723010349 0.253663941126 -1.85988617778e-20)
(0.062250244491 0.212980361396 5.07192851671e-21)
(0.00983870223428 0.101553528772 1.45392963175e-20)
(0.54207984562 0.307665996779 1.35453413788e-19)
(0.506285193817 0.321811568431 1.87634129739e-19)
(0.464424826714 0.337426245015 3.35428573551e-20)
(0.417308055995 0.354149591648 -7.34515631318e-20)
(0.365331133936 0.371972663498 -2.51978114206e-19)
(0.308124078395 0.390684377131 5.49390886826e-21)
(0.244047247197 0.407070159823 1.12133221382e-19)
(0.171109803312 0.404509229016 1.68105958403e-20)
(0.0928628342861 0.337809004581 -6.99099376252e-20)
(0.0245547713441 0.157210770129 -2.23300065399e-20)
(0.587076564597 0.404257147389 -1.41970213768e-19)
(0.552666451578 0.425141723749 -1.43717696349e-19)
(0.513169457772 0.44817675474 1.25194744251e-19)
(0.468835193154 0.472814012444 1.07761070081e-19)
(0.419801065546 0.499045573818 -6.02308928684e-20)
(0.365660007747 0.526579633021 -7.37626915653e-20)
(0.304160883476 0.55086415654 -8.29753618065e-20)
(0.230533335972 0.548463945887 -2.34195779453e-20)
(0.142373470433 0.456325940036 -4.26820356388e-20)
(0.0477823016348 0.209279273388 3.13834218462e-21)
(0.648285129977 0.494382693322 7.25803234548e-20)
(0.615848055172 0.521699984941 -1.65511228764e-20)
(0.579645331582 0.551600581956 -1.02999130308e-19)
(0.539169079649 0.583521057971 3.28712333792e-20)
(0.494205581966 0.6175250495 -7.45452756024e-20)
(0.444298066628 0.653217870657 1.77898215684e-20)
(0.386349894154 0.684753162951 -1.68990335434e-19)
(0.311613766287 0.682253020956 6.39975326486e-22)
(0.20927929917 0.565849091146 -2.29362697043e-19)
(0.0785243300981 0.256266971371 4.44650701711e-20)
(0.724256601935 0.576048319469 -1.91280853612e-20)
(0.694342287936 0.6093948451 -3.61192613736e-21)
(0.662300690626 0.645461464599 -4.09075564872e-20)
(0.626718390804 0.683865827153 -1.72795119896e-19)
(0.586923661615 0.724824507932 7.85206022703e-20)
(0.542367894884 0.767827973282 -3.28772487305e-20)
(0.488877794931 0.805752927329 9.48242117897e-20)
(0.412751125115 0.802747173383 -7.47656482112e-20)
(0.291795994992 0.663781375024 2.88309777075e-19)
(0.115683978403 0.297142276089 2.11702567896e-19)
(0.813080072203 0.647632588826 -1.86202193838e-20)
(0.786024625297 0.686279692699 -8.54037096167e-20)
(0.758748446204 0.727449854304 1.09291990201e-19)
(0.728870214526 0.771240296516 8.42428087476e-20)
(0.695195730439 0.818133770468 2.31111271877e-19)
(0.657022988636 0.867441076017 1.47812305104e-19)
(0.608826865124 0.910750868929 4.49300616737e-19)
(0.531056468118 0.906687591573 2.00070922926e-19)
(0.387894053301 0.746935398891 1.56217728287e-19)
(0.158290040329 0.330318463465 1.87424416204e-19)
(0.91264387939 0.707025257089 -9.02748110234e-20)
(0.889507792655 0.750321193821 3.20714986867e-19)
(0.868313061902 0.795650665739 2.0809315341e-19)
(0.845393117283 0.843670414025 -2.54433584092e-19)
(0.818867197167 0.895284458223 -1.37149740951e-19)
(0.787860374185 0.949695738 4.89462434733e-19)
(0.745346502918 0.997327422896 -9.1621624955e-20)
(0.665160699785 0.991864839099 -3.2935716681e-19)
(0.495941359969 0.813673644193 -4.47178541225e-20)
(0.205110488876 0.354882840012 1.93021692355e-19)
(1.01419058105 0.754840751673 1.64558928517e-19)
(0.994045061969 0.800861186423 5.04006008197e-20)
(0.979346172914 0.848480116617 -5.4755399987e-19)
(0.964929710781 0.89942085711 8.00812796608e-20)
(0.947737628608 0.95469723357 3.82288550711e-19)
(0.926183423699 1.01303095903 -2.52348495881e-19)
(0.891152547398 1.06356406682 -6.76698223918e-20)
(0.808891134628 1.05578885383 -1.43222081628e-19)
(0.610980438564 0.861435475127 1.33048251298e-20)
(0.253594693894 0.369612782529 -2.85592596241e-19)
(1.13517984612 0.777063695372 2.00429194128e-20)
(1.12244775174 0.82656231855 -3.62659408916e-19)
(1.11499070439 0.875856395214 -3.05383558454e-21)
(1.10718044878 0.928775001445 3.28795858423e-19)
(1.09651115347 0.987277281786 -3.38903591345e-19)
(1.08177348006 1.04955672367 6.97723744781e-19)
(1.05196942902 1.10343253981 4.98138593495e-19)
(0.965013559274 1.09483566136 -7.78193042726e-19)
(0.73381407368 0.889284802254 -4.10465568297e-20)
(0.303531521002 0.375092818537 -2.78204604784e-19)
(1.21011022821 0.795278140974 -2.20755338532e-19)
(1.21019308547 0.845931575455 -2.21203690533e-19)
(1.22250100592 0.897261358567 2.324744649e-19)
(1.23304862241 0.951152782258 5.68809591447e-19)
(1.23763549947 1.00972926217 2.17888678215e-19)
(1.23562408348 1.07187908207 -5.94249879601e-19)
(1.2145537522 1.12509030688 6.05556527751e-20)
(1.12389564512 1.11312816238 1.77429466892e-19)
(0.857787959001 0.898404090182 -2.10436610418e-19)
(0.352233465512 0.371621196411 -1.95349614903e-19)
(0.81322070158 0.022144953078 -4.54646892488e-21)
(1.1658388253 0.0423791526925 -1.3439145919e-20)
(0.909073625321 0.0487474684543 -2.58929980791e-20)
(1.03401808189 0.051538797438 0)
(0.997986944467 0.0590402786303 1.61239239944e-20)
(0.974442672269 0.0699910657055 2.10882421723e-20)
(0.949258477379 0.0850708008197 2.70751235978e-20)
(0.898550307571 0.104899016691 5.48843921089e-20)
(0.834097587006 0.132898865664 -8.20878612922e-20)
(0.664682399589 0.170402155534 -9.22819560617e-20)
(0.812687743666 0.0190010264914 3.32866291167e-20)
(1.16573117109 0.0421993449604 -3.97634021596e-20)
(0.9095006206 0.0508333607286 1.69642961499e-21)
(1.03576889015 0.0529480083076 -8.78144301207e-21)
(1.00065065134 0.062753794421 8.60667390303e-21)
(0.978423455767 0.076222251105 -1.06349798294e-20)
(0.954578713485 0.0959016781726 -6.78136563373e-20)
(0.906715165498 0.122746313013 0)
(0.843944497874 0.169919785352 1.7505240325e-19)
(0.687194141225 0.235126233366 -2.3317250753e-19)
(0.811919977579 0.0160041585536 -1.5414217224e-20)
(1.16579305046 0.041875907678 1.6697257185e-20)
(0.909828171824 0.0526725229455 3.97115658393e-20)
(1.03804646901 0.0541315737868 1.52014793857e-20)
(1.00368216274 0.0662511533277 -2.11105285496e-20)
(0.983113698249 0.0822632708919 8.55456789037e-22)
(0.960973005603 0.106503698145 -4.8462100032e-20)
(0.917807721485 0.140514556676 -3.83377047249e-21)
(0.857463181076 0.206304972002 2.79417710248e-22)
(0.722737529025 0.29768301378 5.84197906319e-19)
(0.810911782782 0.0132666073802 -3.58533451788e-20)
(1.16600889299 0.0414063096107 -7.28581590732e-21)
(0.910074180428 0.0542180360924 2.55333795464e-20)
(1.04082992178 0.0550911883364 1.40960607971e-20)
(1.00708928092 0.0695139431729 -9.67031559212e-21)
(0.988513593873 0.0880677756713 -1.20659273097e-20)
(0.968532173121 0.116777875455 7.27592036776e-20)
(0.931708432475 0.15808155784 -1.04710563198e-21)
(0.874841451948 0.241737137944 -2.18179631718e-19)
(0.770606481365 0.356798438302 6.28843378143e-20)
(0.809657250612 0.0108339665156 2.45014216797e-20)
(1.16629009805 0.0407645075961 -2.4672426988e-20)
(0.910265697059 0.0554212183553 -1.74127436167e-20)
(1.04414863177 0.0558331806013 6.59910754239e-21)
(1.01086866934 0.0725241693629 0)
(0.994610137014 0.093592851813 0)
(0.977355247138 0.12665446939 6.23236313728e-20)
(0.948266490029 0.175306752556 -3.27403014625e-23)
(0.896302684563 0.275857787923 -1.06247843663e-19)
(0.829886921397 0.411393999864 8.37480177386e-20)
(0.808152853454 0.00876253706527 8.19043731927e-21)
(1.16654651593 0.0399159010133 1.24142786206e-20)
(0.910438149431 0.0562349744476 -5.55054242999e-20)
(1.04799649389 0.0563688462319 -3.26754569844e-20)
(1.01501744476 0.0752611483758 4.35862241829e-22)
(1.0013998528 0.0988011968141 5.03069124199e-20)
(0.987534445475 0.136101271359 9.77168325728e-20)
(0.967300885044 0.191982457312 -8.58801327086e-22)
(0.922099272637 0.307433299654 1.75340665162e-19)
(0.899622679061 0.46186429098 -1.87956538484e-19)
(0.806392103953 0.00713165486548 -2.07312056698e-20)
(1.16668663798 0.0388157629614 1.3422714064e-20)
(0.910644494819 0.0566167556045 -2.1644001074e-20)
(1.05237319511 0.056715848836 -5.56950572935e-20)
(1.01949744575 0.0776980237593 -9.11417852978e-22)
(1.00888489023 0.103659912054 -1.07510429569e-21)
(0.99912569831 0.145084493249 -6.02726924631e-21)
(0.988386566025 0.208011126874 -1.74875763579e-19)
(0.953006330092 0.334473570402 1.30141218151e-19)
(0.97750193997 0.507219848462 -4.49656676889e-19)
(0.804367892832 0.00601818146592 -8.61521257156e-21)
(1.16663365395 0.0373903094633 -1.68239190652e-20)
(0.910947604857 0.0565292636807 3.35126005297e-20)
(1.05725297611 0.0568948015426 4.12443104111e-20)
(1.02430105191 0.0797917039103 -3.2181763415e-22)
(1.01707334802 0.108121730943 -5.9325559637e-20)
(1.01216418981 0.153471535082 -5.39996902205e-20)
(1.01110799778 0.223522576814 3.1526410148e-19)
(0.989711487915 0.357768039617 1.1725411245e-20)
(1.06175342149 0.553878425632 7.27980049346e-19)
(0.802063440576 0.00551316916841 1.89375391299e-20)
(1.16640163679 0.0355642706324 4.51411607289e-21)
(0.911438884947 0.0559092419778 6.0515569473e-20)
(1.0626354797 0.0569206222417 -4.26723708623e-20)
(1.02934051813 0.0815014234823 -5.9246114433e-20)
(1.02587802625 0.112113787949 1.22723059881e-21)
(1.02656390253 0.160806884724 -7.41148624666e-20)
(1.03552976753 0.236516683458 4.09868247734e-19)
(1.03565926766 0.369954987873 -7.46871693645e-21)
(1.14674198754 0.578295232524 -9.87914194094e-19)
(0.799530845312 0.00592673875136 -2.04341335901e-21)
(1.16694418799 0.0336246593378 1.75780029397e-21)
(0.911913037253 0.0547396079867 1.48504467822e-21)
(1.06855813773 0.056908424264 -9.05924872071e-20)
(1.03443599845 0.0830886837938 -5.77538289573e-20)
(1.03446121955 0.11657487124 -5.09715673087e-20)
(1.03966419716 0.17027414013 -1.3252533225e-19)
(1.05514519631 0.255556815992 -3.78495687124e-19)
(1.07650084942 0.396922473778 -2.20878629295e-19)
(1.23741444707 0.644892441847 -1.03979777493e-18)
(0.797171296515 0.00573653849602 5.63841548037e-21)
(1.17005836491 0.0305009805358 -1.66632758939e-22)
(0.913274737363 0.0518087059431 -5.80407713794e-21)
(1.07509113761 0.0558142703582 9.62970682204e-21)
(1.04359116169 0.0818004691507 4.75312921956e-20)
(1.04940099694 0.116183606401 -3.5342079105e-20)
(1.06387611226 0.169969688152 1.17778742604e-19)
(1.09350460064 0.252970337635 -3.72545511172e-19)
(1.14304801725 0.375303437648 -1.61488851642e-19)
(1.24757939395 0.631357200353 5.37200161018e-19)
(0.797657844925 0.00309518782825 -8.34383358229e-21)
(1.17436253121 0.0263430364091 7.2087405141e-21)
(0.917527396981 0.0462716934453 -1.94964667502e-20)
(1.08069073022 0.0528006441036 4.08627515993e-20)
(1.05456602882 0.0771299395238 7.58284623749e-20)
(1.06557653544 0.110403488836 1.05124314951e-19)
(1.08848937307 0.160667564101 2.4963603514e-20)
(1.13213007749 0.235949790333 1.94599377671e-19)
(1.19646708165 0.341745296786 2.50216437099e-19)
(1.32746170554 0.537450801887 5.10082114207e-21)
(0.797869699433 -0.000172366855302 5.15454701902e-21)
(1.17914397054 0.0218173557727 5.13904335392e-21)
(0.922252519794 0.0404745566778 1.89177439028e-20)
(1.0863681884 0.0486388127882 1.56004109119e-20)
(1.06509245838 0.0712028177874 2.10440552293e-34)
(1.08076596335 0.102365086798 -6.83503244446e-21)
(1.11068162053 0.147969925303 -4.82548146956e-34)
(1.16517841291 0.214433720272 1.70257912862e-20)
(1.23517489942 0.299994167236 -5.17408089461e-20)
(1.38969898077 0.458766935198 -4.60828953893e-20)
(0.798152728519 -0.00444401360581 1.03005763619e-20)
(1.1840137535 0.0166110914596 4.35507266683e-35)
(0.927090726384 0.0343240434414 -1.92659923218e-20)
(1.09193836112 0.0434117803932 -1.51990799991e-20)
(1.07481376341 0.0639587458423 -3.00378981736e-20)
(1.09452063319 0.0922136640969 -3.5960125314e-20)
(1.13021787504 0.13233019195 -5.94727816563e-34)
(1.1925209186 0.18960175645 -8.43347747913e-20)
(1.26617531213 0.256596911477 -1.21605470246e-19)
(1.43117027516 0.382087056946 8.25685100263e-20)
(0.798614535267 -0.00990696031451 0)
(1.18915642488 0.010776370351 -8.81727128674e-36)
(0.931966607121 0.0279028641992 0)
(1.09722879294 0.0373146069094 0)
(1.08348851128 0.0555465055319 0)
(1.10656464795 0.0802807479752 0)
(1.14695387623 0.114403572129 -3.54557764345e-34)
(1.21443544067 0.162292196211 0)
(1.29118236091 0.213166414136 -1.91550879483e-20)
(1.45561858599 0.309806852238 4.97501629866e-20)
(0.799346357401 -0.0165346473517 -4.24475732048e-21)
(1.19490882926 0.00442573874923 -3.79125445078e-21)
(0.936876554221 0.0213947444875 -1.99813854297e-20)
(1.10207940201 0.0305686654934 0)
(1.09099789859 0.0461641513664 0)
(1.11671836133 0.0669222586461 5.76458050827e-21)
(1.1607911648 0.0947865236389 2.47705602172e-20)
(1.23145107991 0.133260533215 -1.27143640077e-20)
(1.31071927075 0.170699408076 -2.80174693674e-20)
(1.46892463133 0.24208778778 1.9149363947e-19)
(0.800454752247 -0.0254192593574 -8.49655227166e-20)
(1.20149790631 -0.00254845382078 4.41764750179e-21)
(0.941807435865 0.0149936394607 -2.03439243064e-20)
(1.10631756631 0.0234057921437 -4.61785427247e-21)
(1.09718187461 0.0360217538463 -1.00450038446e-20)
(1.12488658368 0.0524698593603 -8.41455153748e-21)
(1.17169715147 0.073954777332 -1.86489818327e-20)
(1.24414473868 0.103154321179 -3.51938650885e-20)
(1.32519122265 0.129530524387 -4.83814236943e-20)
(1.47555485892 0.179032683109 6.39274106694e-20)
(0.8019494569 -0.0322086802736 3.55177455272e-21)
(1.209272942 -0.00933580051417 1.51249064273e-21)
(0.946441209746 0.00953310626846 -2.01724185246e-20)
(1.10938035499 0.0160700377212 -1.2165339214e-20)
(1.10152693834 0.0252890695945 2.0573506397e-35)
(1.1306333366 0.0371843031994 6.22401442135e-21)
(1.17936153458 0.0521980353325 -8.50900363091e-34)
(1.25280833356 0.0722709537144 -1.28584715818e-20)
(1.33478367109 0.089291610978 1.72267321802e-20)
(1.47842833291 0.1190302846 2.42454122965e-20)
(0.800208755786 -0.0555866780231 1.55439134126e-19)
(1.20323887798 -0.018653512383 -9.96590935381e-21)
(0.938156106726 0.0022394487449 -2.07678609241e-20)
(1.09884556789 0.00985795721196 2.28796225841e-21)
(1.09171661255 0.0148498402274 2.21876521013e-21)
(1.12179067468 0.0223291952585 1.1621087587e-20)
(1.17181701042 0.0312605606467 6.37008247713e-21)
(1.24586273 0.0431006600434 -5.5718784337e-21)
(1.32775678499 0.0524319880247 -2.11952109327e-20)
(1.46870567838 0.0672335278505 1.34565361832e-19)
(0.721011957729 -0.0364073908446 2.18188542357e-22)
(0.962112116739 -0.0168281934649 -3.0118255462e-35)
(0.714532849236 0.00279960408795 -2.16414263812e-20)
(0.862822581151 0.000491160188223 0)
(0.848092257058 0.00291654061345 0)
(0.873486129935 0.0044557770066 6.43864681972e-21)
(0.915930845827 0.00614991780544 -8.43157345626e-36)
(0.977533539161 0.00870797749604 -1.27266338288e-20)
(1.04680840333 0.0102586913337 -2.49199455407e-20)
(1.15545217315 0.0124487898534 5.19720263772e-20)
(1.47985072517 0.622946465463 -1.58882644231e-19)
(1.57572630715 0.614704596491 -2.63374225184e-19)
(1.675630355 0.608087728198 0)
(1.76689905467 0.581969294492 1.11965359174e-19)
(1.84852486323 0.531223994949 5.26148658926e-19)
(1.92417157817 0.460454576251 -1.10783313175e-19)
(1.99278438168 0.375893348828 1.50422268037e-18)
(2.05008085138 0.282408958463 -7.95544253407e-20)
(2.09268415572 0.182719910401 -3.29425982618e-19)
(2.11873518851 0.0799800974699 3.17050892086e-19)
(1.51539498479 0.512879795452 6.75718109981e-20)
(1.57994370731 0.510556329805 1.02360948866e-19)
(1.65939753682 0.496930664366 -8.83641315326e-21)
(1.74166931583 0.462743096544 1.7866529988e-19)
(1.81538980855 0.413297110686 -1.49058885167e-19)
(1.88016460942 0.353650015504 -3.5556995284e-19)
(1.93625697403 0.286678648278 -1.13823718686e-19)
(1.9816810661 0.2144177313 4.84549597139e-19)
(2.01494566698 0.138572595707 -2.13801634351e-20)
(2.03476805936 0.0605099229801 -4.21030861635e-19)
(1.54946126824 0.406565829463 8.71789501374e-20)
(1.59953586982 0.39780890425 1.55391217004e-19)
(1.65920281744 0.386113759335 -3.19100641881e-19)
(1.72480686209 0.361482382321 7.02706415762e-20)
(1.78431178043 0.32537426029 4.38054691877e-19)
(1.83593095618 0.28047680458 -2.38833211879e-19)
(1.88076269054 0.228600716616 -5.13089208341e-19)
(1.91770317491 0.171697041567 -1.95096279206e-19)
(1.94516303218 0.111484744639 2.77377063331e-19)
(1.96170249436 0.0490802179469 -2.40980479102e-19)
(1.56596698809 0.326451982043 3.0646965207e-20)
(1.60689472957 0.316520431374 0)
(1.65262960402 0.306363473137 1.74676552416e-20)
(1.70545590751 0.285390584601 1.76929223583e-19)
(1.75546854164 0.254664560915 2.98324326126e-19)
(1.79909292259 0.217423254563 1.45136150238e-19)
(1.83684235526 0.175595233181 -6.24033618055e-20)
(1.86799695571 0.130585287159 -2.14082112435e-19)
(1.89118653928 0.083579216994 1.46215333108e-19)
(1.90537746473 0.0353848351367 6.76744998264e-20)
(1.57216874791 0.25842619759 1.18001594809e-20)
(1.60828802204 0.247654802466 -5.90510801178e-20)
(1.64553768702 0.237460337187 -1.16066141608e-19)
(1.68904886201 0.219568203864 5.9103625027e-20)
(1.7317749289 0.194657569677 7.26042710206e-22)
(1.76941172687 0.165300123722 9.02885652929e-20)
(1.80188649014 0.13287628091 1.42181789885e-19)
(1.82881634878 0.0982887197753 -1.38474287325e-19)
(1.8490696635 0.0623591090891 3.3763956104e-21)
(1.8616130324 0.0257150761898 1.57191322234e-19)
(1.57262419294 0.198969740139 -1.91072423384e-19)
(1.60573267288 0.18875981072 -2.38249011722e-19)
(1.63754446819 0.179120781419 4.80573897067e-20)
(1.67460474976 0.164158968724 2.07475907802e-19)
(1.7121213561 0.144293994184 -3.83295321692e-20)
(1.74561686969 0.12143364077 -8.28814206602e-20)
(1.77454368721 0.0966535521496 1.15304155144e-19)
(1.79861336336 0.0705839197064 -4.89667074642e-20)
(1.81684159524 0.0437756064914 -1.47045241647e-19)
(1.82828683884 0.0166047121006 -6.21888891727e-20)
(1.57022873539 0.145408234441 3.51108347812e-20)
(1.60117912055 0.13657413175 3.95898526318e-21)
(1.62941132751 0.127882544732 -6.09405382107e-21)
(1.66225426591 0.115585376372 1.40190076786e-19)
(1.69631873153 0.100164851967 1.97067052622e-19)
(1.72708134182 0.083007136355 -2.02755677436e-19)
(1.75370467446 0.0648852870522 -6.89584688691e-20)
(1.77592435864 0.0462205118474 1.32877719722e-19)
(1.7929083866 0.0273303386295 9.2040398242e-20)
(1.80376678896 0.00841011077226 2.40367743051e-20)
(1.56579151494 0.0949838316001 -1.24164936545e-19)
(1.59462638227 0.0876464559211 6.80047611347e-21)
(1.62003404984 0.0799052256695 2.45138192012e-19)
(1.64992937085 0.0700530559332 5.96150050575e-21)
(1.68155522277 0.0587208405973 -7.2958826988e-20)
(1.71029312616 0.04684885101 1.10100950222e-20)
(1.73516128988 0.0349338692614 -9.95558855032e-20)
(1.75600131264 0.0232054536644 4.12591902047e-20)
(1.77206742069 0.0117838910329 6.02104689434e-20)
(1.78263815642 0.000691991711054 8.26161616405e-20)
(1.53971599293 0.0524076738007 -2.35538413586e-19)
(1.56232844878 0.0445993999698 -1.74833386727e-20)
(1.58182566599 0.0357240281651 1.52470511287e-19)
(1.60609078901 0.0266963761787 -7.73280900848e-20)
(1.63195257552 0.0180416382893 -1.54513622493e-19)
(1.65481016364 0.0101612996622 -3.01509705679e-20)
(1.67404073479 0.00331350803127 1.21979003608e-19)
(1.6899331242 -0.00246711749588 6.07355966597e-20)
(1.70221360769 -0.00723738634505 -1.79490834559e-20)
(1.71057126039 -0.0110841972263 -4.82290746095e-22)
(1.2113586076 0.0059454519771 2.45753636913e-20)
(1.21478761365 -0.000200660801071 -5.37274794901e-21)
(1.2105861943 -0.00629126177837 3.98992284152e-21)
(1.20698799749 -0.0108746377899 0)
(1.20074260814 -0.0135073204514 2.10224541791e-19)
(1.18998065536 -0.0146285116429 -1.24592214512e-20)
(1.17652445348 -0.0146903581627 -1.34904272623e-19)
(1.16215680587 -0.0139500751952 8.21106964164e-20)
(1.14801032357 -0.0125584620003 -1.12733789137e-19)
(1.13504170453 -0.0106504647163 -8.83310802409e-20)
(0.607302618404 0.0211149364477 -5.9649253242e-20)
(2.0045492036 -0.0465676722934 5.96478726242e-19)
(2.82107170042 -0.0359865678365 5.55229567051e-21)
(3.08691277908 -0.0260034843149 -3.99624628104e-19)
(3.11352967516 -0.00349566173227 4.96323959373e-19)
(3.07382563542 0.0156985871049 4.11870789542e-19)
(3.02389950065 0.0326720070532 0)
(2.96952990947 0.0480449687429 9.36348159667e-19)
(2.88451763269 0.061315127901 -1.92368998586e-18)
(2.67667233088 0.0688966790293 -1.03865335144e-19)
(0.463930181891 0.0570581884361 2.26242140447e-21)
(1.85125087141 0.0745286779802 2.34558536245e-19)
(2.74235640226 0.125776276455 6.46916744413e-21)
(3.06894790584 0.141481497017 2.55943297891e-20)
(3.12302874349 0.148929877076 5.44283536552e-19)
(3.0915802791 0.148652986488 -5.31227752395e-19)
(3.04321793119 0.144943761037 -4.32152713459e-19)
(2.99063835665 0.139159721848 -2.9664191816e-19)
(2.91409358144 0.131114791738 9.70776158859e-19)
(2.73149624364 0.119328246848 -9.07495445177e-19)
(0.308858324886 0.0694669928488 3.62928380258e-20)
(1.64377709858 0.177130779425 9.00664394674e-20)
(2.59318563 0.280698873221 -4.35057445809e-19)
(2.98281589994 0.31055148399 6.60386931036e-19)
(3.07139825058 0.306939783852 3.22717681019e-18)
(3.05315016153 0.287448944151 1.77554709161e-18)
(3.00883200893 0.26250762986 -2.04528261407e-18)
(2.96027152072 0.235565387769 -1.87479727083e-18)
(2.89960329673 0.206955661302 1.96060064309e-20)
(2.7752141918 0.176241744847 2.23100777697e-19)
(0.161518447926 0.059233391446 -2.90165792716e-20)
(1.40170651147 0.25463944716 5.19453524271e-19)
(2.38135886621 0.421385462637 -1.30690747477e-18)
(2.82715004164 0.475177426286 -1.1406587494e-18)
(2.95409929819 0.466532294353 -7.86067865314e-21)
(2.95413094784 0.430079606866 -6.08670333184e-19)
(2.91695363822 0.384553520767 1.43573600798e-18)
(2.87297767476 0.336905369459 -1.12072107541e-20)
(2.82521697604 0.288941639743 -2.30965342151e-18)
(2.75246927785 0.241284985792 -8.16480719934e-19)
(0.0382427054585 0.032417714553 -2.73542210969e-19)
(1.15065282119 0.304853853455 4.91201345309e-19)
(2.12353674743 0.540221863036 -1.71647297051e-18)
(2.60819601731 0.626529841108 -9.43555966736e-19)
(2.77143385454 0.620165465812 1.67106944832e-18)
(2.79320551989 0.571230743007 -1.19862195197e-20)
(2.76657401899 0.507723742511 -1.1318210256e-18)
(2.72801215112 0.441096533819 -1.7746219664e-19)
(2.68761178334 0.374616494858 3.02476925053e-19)
(2.6390052526 0.313032559072 2.07303711822e-20)
(-0.0516390709131 -0.00219169316397 1.08683589477e-20)
(0.915786414755 0.33059956622 -4.3270586082e-19)
(1.84338258633 0.631986613186 -7.22713698096e-19)
(2.34179669572 0.755371405793 2.36546460127e-18)
(2.5323831107 0.758222094395 -1.46099747383e-18)
(2.57596134076 0.70305921032 2.18584802294e-19)
(2.56268841126 0.626663999798 1.52488267034e-19)
(2.53154149456 0.545356868312 -7.17984872527e-19)
(2.49684048365 0.463036329485 -8.83349746175e-20)
(2.45213521472 0.391416072468 6.6355800199e-19)
(-0.106863992214 -0.0362242278217 1.2695583503e-19)
(0.714378470013 0.337763992605 -5.46162101912e-19)
(1.56512808823 0.694202826448 1.69104483363e-18)
(2.050511899 0.853185814776 1.68151819805e-18)
(2.25501200957 0.869557016972 -1.78277146549e-18)
(2.31677142784 0.814338810443 7.77847317298e-20)
(2.31801156295 0.73118096345 2.4991553474e-18)
(2.29647834203 0.64112614813 -1.74812097037e-18)
(2.26916522789 0.547084493488 -8.51332939798e-19)
(2.22097790496 0.469924246811 7.34889522188e-19)
(-0.132305505082 -0.0638146584414 3.79544561428e-19)
(0.553054144469 0.333192680053 2.99326993491e-19)
(1.30754715802 0.728190596383 6.55518369855e-19)
(1.75789515569 0.915921957836 -2.77144886722e-18)
(1.96219598219 0.946901900403 -1.44068277031e-19)
(2.03598468379 0.896830124339 4.34764932336e-19)
(2.05070312113 0.813747941555 -7.10653674253e-19)
(2.04033440917 0.721873409149 -4.73633543627e-19)
(2.02311399693 0.625524495834 8.79468425895e-20)
(1.97776565357 0.545635366376 -3.42446736026e-19)
(-0.136239896837 -0.0827618394379 5.88630584087e-20)
(0.428738276174 0.321317442312 -3.59190882982e-21)
(1.08008555109 0.736219406577 -2.59274290069e-19)
(1.48203178734 0.942108525732 -8.53942513614e-19)
(1.67545509805 0.984983630273 -3.36564577226e-19)
(1.75534773082 0.941894347861 -1.21095205159e-18)
(1.7816576829 0.8624995249 -9.23046565016e-19)
(1.78326240133 0.772304880439 8.25212710652e-19)
(1.77690003901 0.673087984616 5.04932090036e-19)
(1.73815154364 0.598537029169 1.49569592782e-19)
(-0.127056437521 -0.0933306491428 -3.2832102264e-19)
(0.333559700221 0.305079547575 0)
(0.88380512251 0.722978942507 -2.73685420257e-19)
(1.23185551664 0.936421041836 -2.99837008692e-19)
(1.40746561728 0.987703356845 1.61248408669e-18)
(1.48773430093 0.95304801805 3.56120836881e-20)
(1.52133800503 0.882029906398 -1.02880421805e-18)
(1.53111400322 0.800793629965 -7.77052510031e-19)
(1.53489542638 0.711784832941 3.86470357179e-19)
(1.48857826949 0.630027606369 8.71294210792e-19)
(-0.11143272601 -0.0974466404357 9.49192872244e-20)
(0.259101064892 0.284704559988 0)
(0.715881089686 0.691391808136 -6.98416079259e-19)
(1.01153618156 0.902747711487 4.83142763563e-19)
(1.16821843389 0.957865928666 8.12814578387e-19)
(1.24785142228 0.930112938822 1.91039214867e-19)
(1.28938233899 0.867228112205 -2.08760060662e-19)
(1.31130663203 0.793855425644 -8.33255051815e-19)
(1.32523349016 0.718213023001 -1.43798938071e-19)
(1.33524528728 0.644253432938 -3.16530587521e-19)
(-0.0938757042796 -0.0971279210246 -7.76204448558e-20)
(0.198110549516 0.259794195488 -1.14799157004e-19)
(0.570638365113 0.643811303346 2.79435408624e-21)
(0.818038050824 0.845255096044 1.43199720926e-19)
(0.956121662218 0.900050429691 -1.45557223379e-19)
(1.03329507773 0.877182329338 6.30643142756e-19)
(1.07965082788 0.821290903768 -7.57090233714e-19)
(1.10982969251 0.754543769998 2.74334644847e-19)
(1.12951359799 0.68762468987 4.66485613987e-19)
(1.16341975592 0.627165008067 -2.13173308955e-19)
(-0.0766364594513 -0.0935098211844 -1.38482028019e-21)
(0.146337644078 0.23085277653 2.7888863495e-20)
(0.443751955754 0.58320379986 3.73752500348e-19)
(0.647721776135 0.76905111881 -1.99827770351e-19)
(0.768376302492 0.820852314214 -4.56562143981e-19)
(0.842002005705 0.801972876473 1.5387619534e-19)
(0.890939427717 0.753150098106 2.53724037707e-19)
(0.926423302378 0.694134243236 9.95278687946e-20)
(0.95132349373 0.635233242934 -2.03573546415e-21)
(0.992461144621 0.587275038716 1.20942215933e-20)
(-0.0604795760956 -0.0871121711677 4.97847106713e-22)
(0.102446468999 0.198494356226 -2.70979976697e-20)
(0.33400885924 0.511761247129 -8.02963007568e-20)
(0.500137786154 0.677666556846 -8.35273732178e-20)
(0.605795343212 0.724715538426 1.68856712743e-19)
(0.676478310249 0.70944965145 -2.41350585641e-20)
(0.727879548137 0.66799779081 -6.87003160994e-21)
(0.768160601049 0.617706735724 1.42743630759e-19)
(0.799049325758 0.567417797551 1.36482757386e-19)
(0.842365581957 0.529288574591 -9.95666955126e-21)
(-0.045827719325 -0.0782709983988 -9.27280401219e-20)
(0.065982720177 0.163138210654 -1.90015528973e-20)
(0.241105368434 0.430801425928 8.02552105408e-20)
(0.375173338338 0.573012372222 1.01119029431e-19)
(0.468492309069 0.613773312734 -2.53644831257e-19)
(0.537091614308 0.601607730412 -4.94395729776e-23)
(0.591013066518 0.567361290546 2.57291700303e-19)
(0.635722485378 0.525783087634 -6.84739316974e-21)
(0.672372406402 0.484052402711 -2.94462939106e-20)
(0.716980302565 0.453774190265 -5.25945791736e-20)
(-0.0330599655085 -0.0673412126543 7.33770581893e-20)
(0.0366580176839 0.12514360531 2.56062939265e-19)
(0.164903834431 0.341476765385 6.09264540099e-20)
(0.272605126261 0.456689752532 -2.14417322239e-19)
(0.356043605485 0.489773859283 -1.24220522372e-19)
(0.423218835631 0.480162361587 2.82283278255e-19)
(0.479485553272 0.452831573674 -1.08071535601e-19)
(0.52807648217 0.419697954156 -1.75824787103e-19)
(0.569702038074 0.386329565492 4.13431961986e-20)
(0.615517721109 0.362869991214 2.17883824629e-20)
(-0.022486353739 -0.0547096762464 2.60199628173e-20)
(0.0143478251402 0.0849011486534 -1.58535006688e-19)
(0.105552338138 0.245091751932 -3.66757217459e-19)
(0.192562405722 0.330547595363 1.69864742655e-19)
(0.268399060709 0.354814136587 2.28489349549e-19)
(0.334628624675 0.347329295424 -4.82116802564e-22)
(0.392895892075 0.326726722731 -1.94658260701e-19)
(0.444667233308 0.301884352101 2.88078739532e-20)
(0.490288517885 0.276828305609 4.0605474265e-20)
(0.537172328077 0.259723004574 -1.06790197579e-20)
(-0.0143523959511 -0.0408205785729 -6.56810698554e-20)
(-0.000972697276928 0.0428223929716 -5.41047557317e-20)
(0.0633622143239 0.143123456634 3.04353262426e-19)
(0.135398146981 0.196701308422 6.97015439352e-20)
(0.205785575749 0.211298822489 -1.04585472111e-19)
(0.271399324245 0.205643965066 -3.59162356185e-20)
(0.331178819042 0.191670671876 0)
(0.385302519305 0.175062776116 5.72521786592e-22)
(0.433839139644 0.15835059302 -1.96876199994e-20)
(0.481529266954 0.147387375718 2.83890828104e-20)
(-0.00882798162307 -0.0261702763724 3.57568367785e-20)
(-0.00927115179046 -0.000662871021941 1.65439146919e-19)
(0.0386572989446 0.0372159251819 1.62897550893e-19)
(0.10148815901 0.0575121342068 -1.57658253899e-19)
(0.168500746214 0.0618929131358 -8.25729664892e-20)
(0.23371163491 0.0578975824453 1.25700736744e-20)
(0.294396595497 0.0505085595342 -5.58852610778e-21)
(0.349947015843 0.0421168462374 2.90908450189e-20)
(0.400252028104 0.0337902862712 -8.05801159623e-20)
(0.448387299379 0.0288450479049 -7.80686059266e-20)
(-0.00600120362355 -0.0113681321057 -3.60520720566e-20)
(-0.0104820068008 -0.0451550122201 -1.30853510762e-19)
(0.0317015141675 -0.0708899643633 -2.96113289198e-20)
(0.0911097181955 -0.0844732796064 -3.11583732813e-20)
(0.156755784904 -0.0905014809485 2.38739877703e-20)
(0.2216944706 -0.0928865957402 1.06281577997e-20)
(0.282599918207 -0.0937052834969 2.78097274263e-21)
(0.338578348953 -0.0938988528084 -4.25674038926e-21)
(0.389456513571 -0.0938407357779 4.00452934765e-20)
(0.437606040362 -0.0928582743942 5.42527269361e-20)
(1.09363206934 0.387382311695 -8.26429276284e-19)
(0.973942196892 0.170684412478 3.77605487316e-21)
(0.948415409221 0.0647684668954 4.30727644979e-20)
(0.94785105471 0.0154514329722 1.34615549392e-20)
(0.956662970402 -0.00391332941401 1.37898082707e-21)
(0.968131094093 -0.0100633757447 2.41658571828e-21)
(0.978714279273 -0.0104940529334 5.84174419817e-22)
(0.98729318468 -0.00868125076044 1.77262685631e-21)
(0.993337721005 -0.00631283608918 8.59462883091e-21)
(0.997898592866 -0.00263990351632 0)
(0.972087155759 0.363717654772 -3.61184319193e-19)
(0.929758936587 0.153119278692 4.91809260061e-21)
(0.933183761167 0.0526022086022 -4.38757069947e-22)
(0.943196064947 0.00819738740911 4.90926313625e-20)
(0.956100646931 -0.00861257938894 -4.36010377455e-21)
(0.968913227034 -0.0132381796054 -6.67065283866e-22)
(0.979832011538 -0.0127807634922 3.62051932305e-22)
(0.988361311394 -0.0103348748701 7.02565627085e-21)
(0.994254583871 -0.00746874929137 3.16892939986e-21)
(0.998686081658 -0.00312737229723 -4.6788167324e-21)
(0.878749231814 0.332446596721 4.00775579006e-19)
(0.896305561168 0.135721196488 5.89436391956e-20)
(0.919714907514 0.0430280923657 -3.57824327817e-20)
(0.938464135492 0.00249979824128 -1.43932265111e-20)
(0.95516645059 -0.012718720414 5.1088169943e-21)
(0.969566401759 -0.0163144183839 -1.37925169969e-21)
(0.98093716347 -0.0150695293057 1.06751506238e-21)
(0.98947811913 -0.0119892818272 7.17011883221e-21)
(0.995262820571 -0.00861802163164 -7.71982036358e-21)
(0.99959275844 -0.00360825044589 -1.7311874084e-21)
(0.803594960215 0.292906893578 2.57049551957e-19)
(0.866693815627 0.114392364973 -2.58943690066e-20)
(0.907017456939 0.0304115250363 1.49050861994e-20)
(0.933997650726 -0.00559303040352 -2.14028976988e-20)
(0.954567384802 -0.0177900282947 -4.21331963985e-21)
(0.970405671501 -0.0197370943595 -7.19446071146e-23)
(0.982174192639 -0.0174775171378 7.7557870403e-21)
(0.990719517663 -0.0136733261068 -3.64906151957e-22)
(0.996401343537 -0.00976550376295 -3.63783053866e-21)
(1.00062592812 -0.00408541961419 2.85808093032e-21)
(0.741845490186 0.242415403299 -1.73418869402e-19)
(0.84133839273 0.0874204635142 9.55450807171e-20)
(0.896330489862 0.0151945061304 -1.89545392302e-21)
(0.930686344057 -0.0144906469544 -6.76777047619e-21)
(0.95455188968 -0.0233166820316 -3.54040104432e-21)
(0.971556821034 -0.0233851760961 1.72671386666e-21)
(0.983614923427 -0.0199741326 -1.50308212136e-21)
(0.992122701042 -0.0153781717788 -3.12756469356e-21)
(0.99768627225 -0.0109084091647 -1.31247610395e-22)
(1.00179025115 -0.00455752030967 -2.95050961759e-22)
(0.692770836681 0.183285035892 -2.41511740155e-21)
(0.821027339483 0.0562371788098 4.26489949154e-20)
(0.888128108101 -0.00186859092333 3.30125966182e-21)
(0.928627099464 -0.0242684755112 6.21671519776e-21)
(0.955167490874 -0.0292843777206 2.75204314091e-21)
(0.973057547438 -0.0272320341055 -2.39070767339e-21)
(0.985286489973 -0.0225420740277 -5.39167437563e-21)
(0.993702606276 -0.0170953152763 9.31017600604e-22)
(0.999121509438 -0.0120427075937 -3.59553447242e-21)
(1.00308313772 -0.00502286850862 0)
(0.655916429012 0.117924699721 8.61572724246e-20)
(0.805969073971 0.021961746573 -9.11458252487e-20)
(0.882542812208 -0.0204842053474 3.44750407973e-21)
(0.927885799949 -0.0348027995051 -1.72158977953e-20)
(0.956461337899 -0.0356148442407 -3.76030685155e-21)
(0.974940874303 -0.0312363550219 2.1641426665e-21)
(0.987208182875 -0.0251613322375 2.64755216253e-21)
(0.995467994819 -0.0188151601171 -2.53408254763e-21)
(1.00071131375 -0.0131631854145 -2.79974676826e-22)
(1.00450330456 -0.00547934152223 2.45873389324e-21)
(0.630721883042 0.0479873214205 -5.58914107805e-20)
(0.796270596222 -0.014849753142 2.38734624715e-20)
(0.879666307224 -0.0403339044011 1.1051229979e-20)
(0.928519697851 -0.045922564379 5.17922610725e-21)
(0.958469718162 -0.0422271984431 2.93796469334e-22)
(0.977232163599 -0.0353570283013 5.49672408265e-21)
(0.989391697281 -0.0278104812956 4.53050690441e-21)
(0.997423181692 -0.020526566331 -3.12721793888e-21)
(1.00245355593 -0.0142633263193 2.09609967433e-21)
(1.00604317491 -0.00592427866675 3.07943965043e-21)
(0.616635346001 -0.0249310312362 2.96980249162e-20)
(0.79196761055 -0.0534711839365 -5.29232911589e-20)
(0.87960071597 -0.0610783336995 7.587200088e-21)
(0.93057251822 -0.0574722040381 -4.50939714685e-21)
(0.961217826419 -0.0490423773575 -7.55442393293e-22)
(0.979952646233 -0.0395514626554 3.07253319647e-22)
(0.991849874263 -0.0304663598298 -1.25539004825e-21)
(0.999571445172 -0.0222169659707 -3.10396880386e-21)
(1.00434804219 -0.0153358771532 -2.76159533394e-21)
(1.00770447917 -0.00635458669478 1.91821864843e-21)
(0.613383423766 -0.0994593063741 -3.42763395587e-20)
(0.793103928618 -0.093091181046 1.91392652724e-20)
(0.882377697401 -0.0823880046362 -1.83007250995e-20)
(0.934069176224 -0.0693032772205 1.91676572897e-21)
(0.964725867121 -0.0559802509263 1.47391256127e-20)
(0.983117749306 -0.0437755264783 3.15173048403e-21)
(0.994588830313 -0.0331047485178 2.43363045589e-21)
(1.00191299497 -0.0238725380728 -7.04322749661e-21)
(1.00638869919 -0.0163721552047 1.9972709428e-21)
(1.00947872926 -0.00676678558254 3.69211010002e-21)
(0.564528245035 -0.0213649065073 8.93105474483e-20)
(0.550030554331 -0.00464364642628 -4.29754844651e-20)
(0.539548306338 -0.000709257370017 -2.73798128629e-20)
(0.535875923744 -0.000470201484744 7.27418982348e-21)
(0.537871439406 -0.000561012452125 -3.55451545286e-21)
(0.543112536934 -0.000444482285428 -6.38872454295e-22)
(0.548722469038 -0.000350250536356 4.15484141697e-21)
(0.553475760137 -0.000258222591123 -2.33505042255e-22)
(0.556892761787 -0.00016272107567 -3.28298102909e-21)
(0.55940164731 -5.57074145908e-05 1.30343544117e-21)
(1.23779092255 0.0280818345659 -1.9704405752e-19)
(1.02148159552 0.0212442954298 -1.32594927069e-19)
(0.944149067765 0.0103459809174 -5.43337554411e-20)
(0.918582737606 0.00267371870217 5.15637244334e-21)
(0.914296640289 -0.00112666327623 -9.68160776094e-21)
(0.919496638359 -0.00222551916951 -2.88644385078e-21)
(0.927177120389 -0.00226953587268 -2.41679323245e-22)
(0.93439894959 -0.00186023261257 -8.22748172265e-23)
(0.939806434185 -0.00133085725292 7.87803883321e-22)
(0.943966418596 -0.000542947470912 4.19327560266e-22)
(1.32044584758 0.146358600256 -2.1035444749e-19)
(1.08086914264 0.0675256950176 9.87092127198e-21)
(0.994394434028 0.0270953999776 -2.34985334114e-21)
(0.9658049989 0.00737045654249 9.68327484644e-35)
(0.960912480499 -0.000892219134156 -7.87511674516e-22)
(0.966328213149 -0.00380847053607 0)
(0.97442809687 -0.00413568857606 1.66615251264e-21)
(0.982088276608 -0.0034553315291 -2.51562683411e-34)
(0.987848021421 -0.00250495484142 4.57837314368e-36)
(0.992328220346 -0.00103670702835 1.89124590247e-21)
(1.28398159671 0.240921538873 4.38717216383e-19)
(1.06708874702 0.108366240487 -6.7011714937e-21)
(0.989956436289 0.0428210880918 0)
(0.965592663094 0.011605355121 3.13673915185e-20)
(0.962933040044 -0.00130889634047 0)
(0.969453839873 -0.00564928572273 0)
(0.97816016594 -0.00618453213476 0)
(0.986097811633 -0.00519159568595 4.58219806609e-23)
(0.991983168456 -0.00378459330977 2.07671475968e-23)
(0.996525814986 -0.00157783170752 -2.88944814726e-22)
(1.24732802741 0.354932631358 -6.25324802489e-19)
(1.05232491281 0.158053209644 -5.51241869931e-21)
(0.980761069965 0.0613880210155 0)
(0.960326536577 0.0165793984076 -2.70267626588e-20)
(0.960667895756 -0.00170693687954 1.94597013323e-20)
(0.968791183954 -0.00759070644783 0)
(0.97827269795 -0.00830780938164 0)
(0.986581490393 -0.00696805369525 -1.93742621873e-21)
(0.992621147457 -0.00508226791234 -1.07996539671e-22)
(0.997231140257 -0.0021243293314 -9.55457962774e-23)
(0.257876651564 0.00221981968976 -2.04573306648e-21)
(0.229665150597 0.00480295368813 -2.2035636134e-21)
(0.201626606262 0.00978950285759 1.70351665233e-20)
(0.170698589062 0.0166705866652 5.66315086053e-19)
(0.152810709012 0.0198593426218 4.81402663424e-19)
(0.158748134874 0.0172457818589 1.5644023592e-19)
(0.222172704541 0.00364104136452 2.70606654068e-19)
(0.308703915577 -0.00750766474283 -8.3740858527e-20)
(0.418421656304 -0.0352492702005 4.6236726649e-20)
(0.558226710716 -0.0277930237996 1.679169219e-19)
(0.780066526922 0.016607862854 7.55676054258e-21)
(0.748573062009 0.0250670221096 -1.78731327641e-20)
(0.763098947634 0.0363409992338 4.00369016077e-20)
(0.832593480289 0.0473682090786 7.79881860274e-19)
(0.974880601828 0.0497683727538 -1.10809096183e-19)
(1.14866286373 0.0431446983972 9.68163917952e-21)
(1.35549282548 0.0185547701361 -9.40803977186e-20)
(1.46861608067 0.0248518653677 4.91793868452e-20)
(1.5522062705 -0.0145441498959 -2.09593607807e-19)
(1.54370997395 0.0419582501551 -2.57225601669e-19)
(1.33407581846 0.0358586184704 -2.44262650169e-19)
(1.33459475554 0.049433299752 4.86686732437e-22)
(1.42814401956 0.064796512219 1.44064198896e-20)
(1.60597526773 0.0792820271828 1.69091962734e-20)
(1.82521555703 0.0913775075501 -2.1820317044e-19)
(1.98038860501 0.102903943899 -4.14126018648e-19)
(2.05295465676 0.106819361116 -3.84029445128e-19)
(1.96596346235 0.150825167088 3.85159614977e-19)
(1.88035302458 0.138243222967 5.89136968105e-19)
(1.68340788357 0.23478408928 2.63068690578e-19)
(1.85192574526 0.0533027248185 2.62653960883e-19)
(1.89120664933 0.0729120025693 1.49405951919e-19)
(2.03109945105 0.0963885532452 -7.6363258553e-20)
(2.21404287393 0.124750163769 9.25010335727e-20)
(2.34233286131 0.158497004495 -3.75952614953e-19)
(2.34115413907 0.196145097766 -1.91847430721e-19)
(2.23692954109 0.233730475814 5.29579115425e-19)
(2.0310545444 0.296722755194 5.327942783e-19)
(1.87642973686 0.304923563892 -2.72455632577e-19)
(1.62526787963 0.396283246989 -4.12188902519e-19)
(2.26221624931 0.0645433267875 1.54809291305e-18)
(2.32707615243 0.0951466959033 -2.47534490085e-19)
(2.45761163358 0.132248032552 3.95970842171e-19)
(2.5615726666 0.17893501903 4.80073527283e-19)
(2.55654461219 0.234677665715 8.37651222699e-20)
(2.43570390251 0.297504340812 4.01084904148e-19)
(2.24135587628 0.364141760719 -9.21598667872e-19)
(2.0091242616 0.435481803108 7.40762013289e-20)
(1.81596602814 0.473298647767 3.28588914283e-19)
(1.53639460451 0.551412470228 -5.46752476113e-20)
(1.11611336986 -0.540128689945 5.68575297598e-20)
(1.11413959671 -0.596634346355 -2.02460079042e-20)
(1.128544016 -0.656423158413 -3.71490451067e-19)
(1.14132628647 -0.718537035253 -1.99564937208e-19)
(1.14491650387 -0.784609103844 8.46167842122e-19)
(1.13902207385 -0.85511351086 1.47780630794e-19)
(1.11526465669 -0.922477379971 -4.53241682408e-19)
(1.0318046398 -0.942206972862 4.65299767348e-19)
(0.795353812145 -0.78997158838 -1.38284794202e-19)
(0.336668560718 -0.350745159433 -3.62040669108e-19)
(1.05644212235 -0.509984841792 -8.264434394e-21)
(1.04334580065 -0.562749280456 7.82909804922e-20)
(1.03284225709 -0.616089321292 3.08887547944e-19)
(1.01946398789 -0.673156439793 -3.61351084227e-19)
(1.00097326294 -0.736198784513 -8.37633920385e-19)
(0.977365171755 -0.804269710143 7.19377085854e-20)
(0.940763687073 -0.868950904995 7.81718288432e-20)
(0.856364014037 -0.88755475848 -1.74541412685e-19)
(0.650290137465 -0.7432804144 4.90637071691e-19)
(0.271083305316 -0.329541638196 -1.98931768592e-19)
(0.925452028514 -0.479414823406 -4.49201984872e-20)
(0.902592779264 -0.526348914526 0)
(0.883516716766 -0.575826698314 4.24855534618e-20)
(0.863652958569 -0.628935149302 2.87489995741e-19)
(0.839957663084 -0.686287519818 -2.80418576916e-20)
(0.81116042861 -0.747071989506 -3.68871681651e-19)
(0.770177868064 -0.803839442785 4.30762624377e-19)
(0.689604481789 -0.817480874942 6.1208264482e-20)
(0.514511352006 -0.681670073517 -2.13952975073e-19)
(0.210432870723 -0.301223243586 2.137120195e-19)
(0.822792868448 -0.424542316704 -7.69508135952e-20)
(0.797912996556 -0.466463740069 -2.7951273017e-20)
(0.773340960738 -0.511308150689 1.57106779703e-21)
(0.745711718566 -0.55891560337 -1.2514002961e-20)
(0.713226770407 -0.609742801953 1.52294008593e-20)
(0.675298120586 -0.663448447037 -1.15502102409e-19)
(0.626630209919 -0.713583507768 7.26828238172e-20)
(0.546799405259 -0.725269719134 3.41703347268e-19)
(0.397392337805 -0.604039255543 0)
(0.157949768806 -0.266558690842 0)
(0.728282307266 -0.357624327852 1.36964862168e-19)
(0.699841111931 -0.393124119692 8.14550139385e-20)
(0.669442205207 -0.43176427086 4.85438841163e-20)
(0.63511987905 -0.47292839533 1.72713425671e-20)
(0.595960525724 -0.516717729215 0)
(0.551513343775 -0.562816007779 -7.69317124232e-20)
(0.497624618857 -0.605650752483 -9.41972643314e-20)
(0.419798406945 -0.615253462362 -1.1108303893e-19)
(0.293950516166 -0.511268896621 1.75490415466e-19)
(0.111765178219 -0.224897429328 4.65658411389e-20)
(0.648817769472 -0.279684738242 -1.42844129892e-19)
(0.617721014963 -0.308389946826 1.95909723976e-20)
(0.582923542308 -0.340191729634 1.38664712081e-19)
(0.543478560135 -0.374105152572 0)
(0.499013543015 -0.4100220042 0)
(0.449143278456 -0.447729250844 0)
(0.390763631117 -0.482726720101 -6.8157166271e-20)
(0.314576708617 -0.490614260579 2.96772870829e-20)
(0.208053498573 -0.406853571492 6.16753992087e-20)
(0.0734013551072 -0.178145451463 7.5397327019e-20)
(0.585979041948 -0.192405720273 2.95777028779e-19)
(0.552601947943 -0.213999994143 4.31525381738e-19)
(0.514136976063 -0.238305687731 6.53222885552e-22)
(0.470523820087 -0.264269150924 -5.31158930718e-20)
(0.421818245643 -0.291696233459 1.25741607483e-20)
(0.367678138029 -0.32045286415 -7.79727050639e-20)
(0.305843118427 -0.347170685749 -1.61121530392e-20)
(0.231065742801 -0.353633109074 1.04227976697e-19)
(0.139618342715 -0.292559413485 -8.93704928213e-20)
(0.0427207465114 -0.12673315306 -5.01957142631e-20)
(0.540676104638 -0.0977337311131 1.67343686586e-19)
(0.50557655365 -0.112177610217 -2.94366354452e-21)
(0.464394604326 -0.128660911235 -6.41469545154e-20)
(0.417739360815 -0.146274496664 5.35294246874e-20)
(0.365973292975 -0.164816560401 -6.00453580728e-20)
(0.308767187058 -0.184227498411 -1.47703786497e-19)
(0.24446468784 -0.202373512368 5.02075877419e-20)
(0.170726118624 -0.207678438354 6.7265406579e-20)
(0.0902826155026 -0.170860711366 -2.94778773863e-20)
(0.0206898320142 -0.0716761793533 -6.84498584172e-21)
(0.513348995192 0.0019335929027 -4.84059720705e-20)
(0.477174374465 -0.00527262588929 -1.51428535708e-21)
(0.434309643975 -0.0136967041823 5.63474909388e-20)
(0.385789564187 -0.0226883987532 1.55539721341e-19)
(0.332163656765 -0.0320903206548 9.37220983502e-22)
(0.273111039449 -0.0419095843459 5.08681042795e-21)
(0.207346848629 -0.0513106854768 1.01480983035e-19)
(0.134307402387 -0.0556537372534 -4.45429835315e-20)
(0.0607438591054 -0.0441677734422 -1.70058558672e-20)
(0.00777350767007 -0.014325064202 1.20900144518e-20)
(0.504520582516 0.104121396387 -1.9350397179e-19)
(0.467812851185 0.104178411568 3.34528858275e-22)
(0.424281522415 0.103928594902 2.02409590547e-19)
(0.375094969257 0.103674731228 0)
(0.320836226311 0.103512502327 4.15466886918e-20)
(0.26117835074 0.103371799289 5.16575190251e-21)
(0.194959863595 0.10275119571 6.02120069234e-20)
(0.122291516147 0.0992002422249 1.58883414887e-20)
(0.0513936534309 0.0847131773628 5.35552319744e-20)
(0.00416103355391 0.0438901346109 3.08101250933e-20)
(2.64356111351 0.0172820734045 1.30451967919e-18)
(2.82598765336 -0.00779165046211 -1.33453422948e-19)
(2.90409849328 -0.0401131641972 -1.16829982275e-18)
(2.95621508576 -0.0749691554434 1.14902814678e-18)
(3.0056748086 -0.111017110999 -4.0349763963e-20)
(3.04975201433 -0.148525982604 -4.00836800881e-18)
(3.04348720511 -0.187780320253 3.33869836009e-20)
(2.82876098156 -0.198663239854 2.77722066029e-18)
(2.09254835857 -0.177825888791 6.67158960683e-19)
(0.721928195256 -0.033553052626 3.64101115287e-19)
(2.61222943963 -0.0394911717886 9.71196459914e-19)
(2.7385150095 -0.08064654045 -1.13592236989e-18)
(2.79912502998 -0.128087054698 -2.54886077808e-19)
(2.84607956445 -0.178986167787 7.18244171184e-19)
(2.89347764088 -0.231634866481 2.28251547588e-18)
(2.93848952662 -0.286733095324 -4.93289727972e-19)
(2.94479142223 -0.338912292887 -3.50050801505e-18)
(2.77115787301 -0.354592565235 6.4714553984e-19)
(2.11731026003 -0.312224107779 -8.35109440775e-19)
(0.797308302934 -0.0988956292202 2.67543441475e-19)
(2.54131931585 -0.101467966098 5.01249626117e-19)
(2.61421647721 -0.156699042859 1.22755668888e-18)
(2.65899160299 -0.215793187544 -1.02690882837e-18)
(2.70114758574 -0.278702837735 -1.16323978409e-18)
(2.74587227503 -0.344133508077 2.17606756581e-19)
(2.78957915611 -0.412230800953 1.68806626663e-18)
(2.80204790896 -0.477801859594 2.80617964924e-19)
(2.6591206456 -0.513735307895 -1.74578646446e-18)
(2.0766731948 -0.442906395938 -2.27235783702e-19)
(0.835313814149 -0.160126789589 -5.14125109583e-20)
(2.41033785523 -0.169546383882 -7.49482182106e-20)
(2.45424809423 -0.235103559198 -2.71454279401e-19)
(2.49149705525 -0.302718322266 8.62035217915e-19)
(2.53042336841 -0.374299916463 -1.30529223159e-18)
(2.57186361504 -0.449221910413 6.39888159245e-19)
(2.61253782623 -0.527496556434 -6.0414640214e-19)
(2.62689597804 -0.604802386077 -1.2649399172e-18)
(2.50432078685 -0.648702821527 1.83435380932e-18)
(1.97900682684 -0.561884214797 -1.76277899957e-19)
(0.834919388127 -0.226923565251 -2.52102045199e-19)
(2.23814082053 -0.245956712688 1.45773889089e-19)
(2.27404010087 -0.316353658648 2.35118872993e-19)
(2.30825404913 -0.387960087942 1.20138422315e-19)
(2.34326719525 -0.464142144574 -2.71538453829e-19)
(2.37961036219 -0.544781724425 2.21747739994e-19)
(2.41489882469 -0.629878799763 1.64305184116e-18)
(2.42710484988 -0.714619738873 -2.10966293328e-18)
(2.31717775332 -0.762794648291 -2.4542284941e-18)
(1.84379278836 -0.66147302074 8.1568964682e-20)
(0.797995653101 -0.283841921631 -2.29079576147e-19)
(2.05780195448 -0.326523457003 -4.19913902291e-19)
(2.09125141016 -0.396406592675 -7.71161626128e-19)
(2.12055342979 -0.46727408898 -1.51184816395e-18)
(2.14853870183 -0.5440031825 -2.04268659537e-19)
(2.17707832856 -0.626789796992 7.46235348741e-19)
(2.20451969495 -0.715222607161 1.29107718704e-18)
(2.21128544 -0.803677277521 1.47617712507e-18)
(2.10897979391 -0.852550131632 2.97381495721e-19)
(1.68172322721 -0.738723989509 -1.12690685124e-18)
(0.737659559981 -0.327812970981 -6.29896330996e-19)
(1.88929495231 -0.399520406968 -1.0716776362e-19)
(1.91611509675 -0.465719579553 1.67557720888e-18)
(1.93490563397 -0.532652585612 1.18775514012e-18)
(1.95151167438 -0.607286724442 -1.99613270015e-18)
(1.96945099036 -0.68988296266 -1.01661036001e-18)
(1.98720124923 -0.7792494495 6.4845178751e-19)
(1.9865980202 -0.868593835833 2.10101680315e-19)
(1.88868898872 -0.915592856168 -1.14490036278e-18)
(1.50334667223 -0.790734701165 1.34854666366e-18)
(0.661715318157 -0.356832048718 -1.41121527896e-19)
(1.73498407447 -0.451869003027 5.2156195327e-19)
(1.7457687202 -0.513061543966 -8.87068092704e-20)
(1.74796487009 -0.575046293129 -2.08522529631e-19)
(1.75048251738 -0.647382100535 6.41156358615e-19)
(1.75732051387 -0.729632672366 1.12339626424e-18)
(1.76580652633 -0.819165327691 -5.49250413983e-20)
(1.75802160156 -0.907884460776 -3.53081480447e-19)
(1.66351586862 -0.951387905823 -3.25566523055e-19)
(1.31742962851 -0.81735233254 3.1075211726e-20)
(0.577176014386 -0.370506335835 6.77612374475e-19)
(1.57446858776 -0.476023647286 -7.61281781358e-20)
(1.55816464398 -0.533320660671 -4.20644068624e-19)
(1.54478171045 -0.593063104245 -5.90215330406e-21)
(1.53872721975 -0.665961790053 5.55410421753e-19)
(1.53977402571 -0.749604121156 -7.97746945457e-19)
(1.54286475332 -0.839486177544 1.52586581425e-18)
(1.53033611387 -0.926446303683 9.36259875081e-19)
(1.44012190928 -0.964932965114 -1.024967922e-18)
(1.13212013277 -0.822917378866 -3.05797593361e-19)
(0.490772286629 -0.371094530537 3.27265204385e-19)
(1.37372568023 -0.488952567682 -2.53270419292e-19)
(1.33354475776 -0.546074095631 -2.83439269925e-19)
(1.32186698201 -0.610321956183 1.66247984245e-20)
(1.32298939147 -0.68547751318 8.60772810624e-19)
(1.32700835699 -0.767769499458 1.46051688605e-19)
(1.32819603593 -0.853359200536 -1.15007428918e-18)
(1.31215455471 -0.933692765348 5.66742285694e-19)
(1.22663248317 -0.963588035443 3.3046081832e-19)
(0.955831496838 -0.814122495057 -4.0080359445e-19)
(0.409354823556 -0.36364260999 1.73771381592e-19)
(0.808243815842 0.0551575154235 -7.16514001201e-20)
(1.17903995575 0.0387852026064 -5.65237095119e-21)
(0.901624796744 0.0228352982594 2.0817748678e-20)
(1.04072618112 0.0238708217477 -7.14280611901e-21)
(0.982840383568 0.0170289056801 2.76183762832e-21)
(0.964622389963 0.0101030748795 -6.26277809195e-23)
(0.950724816104 -0.0086493571228 1.40140055462e-20)
(0.956272659149 -0.0477267918766 2.25325630684e-22)
(0.958749950659 -0.149033056337 -6.49217491838e-20)
(1.1567389531 -0.3605251289 -2.70349235835e-19)
(0.808992631253 0.0522816224396 3.97808254561e-20)
(1.17591524692 0.0394379262784 -3.20355320031e-20)
(0.902402903445 0.0255476319839 1.31935036588e-20)
(1.0388661932 0.0279666800082 2.62304563694e-20)
(0.984514304582 0.0208217635372 -7.57259254226e-21)
(0.964437555767 0.0151383739842 9.55524019433e-22)
(0.947337698518 -0.000894061580565 1.11955964266e-20)
(0.945504288854 -0.0342942104957 -3.34591816686e-20)
(0.926914192924 -0.132359692319 4.89670395663e-22)
(1.0690518182 -0.29523295621 -1.11014439801e-18)
(0.810039817417 0.0492712827311 6.12091240664e-20)
(1.17408511852 0.0399659795448 3.9314939976e-20)
(0.903013530818 0.0282111122491 1.83278942076e-20)
(1.0369361353 0.031711376723 3.18307869763e-20)
(0.985864473679 0.0249025358914 1.73078693464e-21)
(0.963897280473 0.0203104757883 -4.80506664093e-21)
(0.943474676065 0.00543260913632 8.5660567256e-21)
(0.9327883554 -0.023662023259 0)
(0.894350533673 -0.123022175092 -2.44842318105e-20)
(0.979771235251 -0.272871733938 -1.34219749908e-19)
(0.811016799539 0.0460343717999 -3.60687135995e-20)
(1.17249433081 0.0405022356902 2.74978981475e-20)
(0.90375311867 0.0308869033369 -2.46428606326e-20)
(1.03516963149 0.0351307662344 6.5178374366e-21)
(0.987013909001 0.0291811629633 2.84766252786e-20)
(0.963625148103 0.0258292752736 -1.14245250173e-20)
(0.940358090355 0.0136314774292 -5.13344744905e-21)
(0.92073291588 -0.0105723660659 1.46377442294e-20)
(0.869660644501 -0.103140055005 -5.12127955901e-20)
(0.894217752112 -0.230687941635 3.27428756759e-19)
(0.811861249408 0.0426737078901 2.81163566882e-21)
(1.17100642596 0.0410276800332 -1.87330621647e-21)
(0.904587500047 0.0335588007435 9.38954910984e-21)
(1.03371571256 0.0382458086041 -8.29135739842e-22)
(0.988115342167 0.033588782377 -1.86897966933e-21)
(0.963714128883 0.0317229513537 1.23868961674e-20)
(0.938405535819 0.0225515032774 4.2409439041e-21)
(0.910171523273 0.00367827597013 8.38310945343e-21)
(0.851519669159 -0.0770929167969 3.73585880996e-20)
(0.820381611505 -0.186405489007 2.92483701874e-19)
(0.812555365642 0.0392282196046 -3.95191999324e-21)
(1.16964922571 0.0414980635161 2.64700375318e-20)
(0.905461788894 0.0362259393132 -2.10999598562e-21)
(1.03263423846 0.041075859333 -3.93798024673e-22)
(0.989261982646 0.0380398300572 -2.10832220695e-20)
(0.96420429836 0.0378796913399 9.78844644887e-21)
(0.93758549752 0.0320568333445 3.0679161798e-21)
(0.901641314759 0.0189804726547 8.82673635457e-24)
(0.838671362485 -0.0461885186523 2.38517113996e-20)
(0.759507922967 -0.136973943217 7.51503095805e-20)
(0.81308277008 0.0357352390338 0)
(1.16845260648 0.0418872787177 -3.48078627881e-20)
(0.906327065775 0.0388768589399 -1.10662886404e-20)
(1.03197105201 0.0436414383779 -2.50441151987e-21)
(0.990530586794 0.0424651114209 -2.27098304293e-20)
(0.965134866027 0.0442207498882 -1.17313323937e-21)
(0.937881505398 0.0420642169767 -7.94311741763e-21)
(0.89552605925 0.0352430718576 1.03214757328e-20)
(0.830148317443 -0.0126444655988 4.53901295193e-21)
(0.71256639882 -0.0823054794255 -2.12377808545e-19)
(0.8134274324 0.0322320777053 0)
(1.16746149776 0.0421778265121 0)
(0.907145025547 0.041488505698 -1.12348368023e-20)
(1.03177149372 0.0459605580989 1.03283147838e-20)
(0.991986711159 0.0468136759821 -1.14726200331e-21)
(0.966562068933 0.050671425202 1.81546285668e-20)
(0.939238491784 0.0524924559768 -1.89890159416e-20)
(0.891998825373 0.0521387550251 -1.19270502826e-20)
(0.825639744415 0.0223574864389 -7.41787704105e-21)
(0.679595763739 -0.0223834504641 -2.58691705646e-21)
(0.813575706855 0.028753687463 0)
(1.16668250844 0.0423561039164 1.55970011279e-20)
(0.907887596317 0.0440293987677 1.23292432715e-20)
(1.03202483363 0.0480456803647 -3.75718566096e-21)
(0.993686033014 0.0510459756702 2.74479987086e-20)
(0.96854880099 0.0571595796344 -1.5470561989e-20)
(0.941606869817 0.0632270708776 -1.36080755869e-20)
(0.891223578317 0.0694661524418 -3.01368772854e-20)
(0.82502074726 0.0586188118779 1.28492786027e-20)
(0.660441974233 0.0404279626556 -3.67846567818e-21)
(0.813513935801 0.0253781373084 -2.50567361094e-21)
(1.16615559276 0.0424233977374 2.69914853255e-20)
(0.908536169603 0.0464631279221 -6.82369205793e-21)
(1.03277754179 0.0499042967003 -2.17066922448e-20)
(0.995674076189 0.0551301460242 8.39335566759e-22)
(0.971160424261 0.06361903594 -9.19561494611e-21)
(0.944946174536 0.0741336994196 8.84209773502e-21)
(0.89338728146 0.0870948908457 1.74269024898e-20)
(0.827798444155 0.0956491940062 -4.90772436596e-20)
(0.655726106321 0.104891851992 1.78948393294e-20)
(0.639625847836 0.0473045722719 1.09538583738e-19)
(0.721538678638 0.0185799151772 1.63402112378e-20)
(0.487746617131 -0.00150374601896 -7.70582733966e-21)
(0.605706515052 0.00261082825927 -1.73274812546e-20)
(0.550081985398 0.000431082987176 1.39935145097e-21)
(0.544523443299 -0.000121304869368 -2.06829733773e-22)
(0.547169550224 -0.000877790683533 2.95886485619e-21)
(0.580128694135 -0.00349145235272 -1.62371300132e-20)
(0.621114913793 -0.00813616288335 1.08004757933e-21)
(0.831401470717 -0.0140296563992 -1.90926052391e-20)
(0.799573556734 0.0906278392784 2.12289299325e-19)
(1.15168979541 0.0364645135293 2.67544873428e-20)
(0.857984110243 0.00894414900956 7.17490461523e-22)
(0.992147566459 0.00534251645308 -4.62068975871e-21)
(0.933740966814 0.00426366116271 1.42698170506e-21)
(0.922712251108 0.000682776380192 -6.87997375029e-21)
(0.922797671521 -0.00548004161425 1.2846867836e-20)
(0.963610836329 -0.0174794998757 -2.48143579743e-20)
(1.00896247798 -0.048920533883 -5.72513458657e-20)
(1.28269257029 -0.0909219791326 1.08063760808e-19)
(0.812200935706 0.0698595384443 -4.4826904555e-22)
(1.19802890683 0.0356255682623 9.79190380746e-22)
(0.903951076413 0.0111040673436 -9.08446529505e-21)
(1.04062909682 0.0106203022378 -5.51915829771e-21)
(0.981718565348 0.0070921273056 0)
(0.969001274814 0.00219019807248 0)
(0.966519346895 -0.00836419958412 0)
(1.00128160289 -0.0283593228321 0)
(1.04573494531 -0.0812687894926 1.00464243217e-20)
(1.27485672645 -0.166025765831 1.58538789803e-20)
(0.810848666191 0.0648511502387 3.03952856628e-21)
(1.19326345121 0.0371791320321 -1.1437093039e-20)
(0.904578267876 0.0163639787935 -8.85795026372e-21)
(1.04383797725 0.0153285105837 0)
(0.98439739101 0.0103642176313 0)
(0.97046773913 0.00415689387255 0)
(0.965563225114 -0.0103677294508 0)
(0.992567443215 -0.0384048468507 0)
(1.03570005456 -0.110852005896 0)
(1.21822540627 -0.245836859699 8.34934709973e-20)
(0.808270833032 0.0592852117197 -1.37664133442e-21)
(1.18580690313 0.038100282748 -1.1106856275e-20)
(0.901477676233 0.0197555196309 0)
(1.04298118327 0.0197092389516 -1.52427216003e-20)
(0.982780777688 0.01367654957 0)
(0.967400894578 0.00661790899337 0)
(0.959920533141 -0.0118158702893 -2.32888171739e-20)
(0.978172812466 -0.0475806968452 5.57542231823e-20)
(1.01203778319 -0.134747384394 0)
(1.15729349513 -0.337429122174 6.78083162269e-19)
(0.94169265119 -0.00246684286867 -9.77970049441e-20)
(0.917259414425 0.0144052927511 1.50698254896e-20)
(0.873664054758 0.0305698553752 3.09974253136e-19)
(0.79688223245 0.035509337155 4.72307071308e-19)
(0.672871918495 0.024106251627 1.97041388543e-19)
(0.544370106159 0.00719980373013 -4.33896850799e-19)
(0.453706116562 -0.00235567476711 -3.39872093984e-20)
(0.390441571772 -0.00223284326941 -5.50570529373e-20)
(0.336760368742 0.000374549629006 -1.2358865458e-19)
(0.292263985519 0.00141840032205 8.76908682409e-20)
(1.45576934751 -0.0962649491193 -2.08698558666e-19)
(1.49749487594 -0.0857400227485 -1.85461209474e-19)
(1.54738686609 -0.0569196289688 -6.16783945095e-20)
(1.5933057339 -0.0169315339325 -3.35170234093e-19)
(1.58052364977 0.0113510545092 3.50919773441e-19)
(1.47794183066 0.0150085059429 4.28576393564e-19)
(1.30762015748 0.00442875139459 3.09064369316e-19)
(1.12409184842 0.000953948501052 2.67198506718e-19)
(0.967184601386 0.00593436376779 -2.59877948506e-19)
(0.852383291006 0.0112989391033 1.77664520778e-21)
(1.51702854055 -0.18740298294 -1.20597792267e-19)
(1.59759122811 -0.187834123398 -3.6853565754e-19)
(1.7002737862 -0.161414948881 3.80733632616e-21)
(1.823200721 -0.114733099758 2.00566160447e-19)
(1.92713423572 -0.0681301243293 -5.92778073873e-19)
(1.96484810458 -0.0338192949378 -1.14776663353e-19)
(1.89936663593 -0.0143222480703 -3.99605567329e-19)
(1.74374863333 -0.00126850369961 2.69001799709e-19)
(1.5610426057 0.0119247793473 1.14935335256e-19)
(1.4141480069 0.0240673940126 1.44887056469e-19)
(1.48815663966 -0.295871063099 -1.33052717976e-19)
(1.58889540728 -0.305055351762 2.0429657896e-19)
(1.71704190543 -0.276470602797 9.5372436489e-21)
(1.86931092205 -0.219102897783 -1.71100894914e-19)
(2.02555575547 -0.156022710337 -1.47155519028e-20)
(2.15545997532 -0.0986942701421 -1.28941164596e-19)
(2.20986174977 -0.0532463935226 -2.09756454585e-19)
(2.15728674651 -0.0178277218744 -2.29220929874e-19)
(2.03249178568 0.0112678788389 -2.35765487199e-20)
(1.91051280148 0.0339207289317 -4.95628499334e-19)
(1.4712393357 -0.382018808321 -2.51666875687e-19)
(1.58337624214 -0.387295284472 -2.00482638819e-19)
(1.70849553929 -0.371355296283 2.24308321216e-19)
(1.85513611496 -0.32147077347 -4.43239653585e-19)
(2.02332069985 -0.251097768464 2.55424810461e-19)
(2.19705131344 -0.175711610771 -1.727294044e-19)
(2.33674476841 -0.107805064806 6.14154454549e-19)
(2.39129292597 -0.0510609147916 -2.53050880635e-19)
(2.35460862041 -0.00413052516731 1.25842939755e-19)
(2.28619532594 0.0331688718167 -1.48178353957e-18)
)
;

boundaryField
{
    left
    {
        type            fixedValue;
        value           uniform (1 0 0);
    }
    right
    {
        type            zeroGradient;
    }
    down
    {
        type            noSlip;
    }
    up
    {
        type            noSlip;
    }
    cylinder
    {
        type            noSlip;
    }
    defaultFaces
    {
        type            empty;
    }
}


// ************************************************************************* //
