/*--------------------------------*- C++ -*----------------------------------*\
  =========                 |
  \\      /  F ield         | OpenFOAM: The Open Source CFD Toolbox
   \\    /   O peration     | Website:  https://openfoam.org
    \\  /    A nd           | Version:  13
     \\/     M anipulation  |
\*---------------------------------------------------------------------------*/
FoamFile
{
    format      ascii;
    class       volVectorField;
    location    "0.0275";
    object      U;
}
// * * * * * * * * * * * * * * * * * * * * * * * * * * * * * * * * * * * * * //

dimensions      [0 1 -1 0 0 0 0];

internalField   nonuniform List<vector> 
1800
(
(1.0341 -0.900513 8.73246e-20)
(1.3443 -1.13631 3.22168e-20)
(1.36737 -1.08641 -8.69239e-19)
(1.36157 -1.0149 5.46507e-19)
(1.35405 -0.948028 1.02485e-18)
(1.34679 -0.887236 4.02505e-19)
(1.33992 -0.83183 -1.99749e-19)
(1.33341 -0.781145 -6.03285e-19)
(1.32761 -0.733966 -2.84586e-19)
(1.31129 -0.688663 -2.13675e-19)
(1.17603 -0.87306 -1.14853e-19)
(1.51809 -1.10609 -1.72335e-18)
(1.53427 -1.05561 8.01845e-21)
(1.5179 -0.985433 -3.38712e-19)
(1.50061 -0.919898 4.94352e-20)
(1.48453 -0.860349 9.87322e-19)
(1.46972 -0.806108 -7.75695e-19)
(1.45605 -0.756508 3.74698e-19)
(1.44354 -0.710495 6.31057e-19)
(1.42356 -0.66921 -3.06577e-19)
(1.31343 -0.824934 1.78623e-19)
(1.68653 -1.05054 4.95331e-19)
(1.69586 -1.00031 7.13506e-19)
(1.66923 -0.933129 -3.31369e-19)
(1.64248 -0.870498 -1.23755e-18)
(1.61791 -0.813576 2.76626e-19)
(1.59545 -0.761703 4.79713e-19)
(1.57488 -0.714226 -1.35629e-20)
(1.55604 -0.670211 -4.08718e-21)
(1.53173 -0.630932 -6.82916e-21)
(1.44301 -0.756975 -1.97732e-19)
(1.84559 -0.970647 -5.39718e-19)
(1.84816 -0.921543 -4.25643e-19)
(1.81178 -0.859075 1.89073e-20)
(1.77611 -0.800957 3.57364e-19)
(1.74355 -0.748142 1.48868e-20)
(1.71392 -0.700013 -1.95425e-20)
(1.6869 -0.655954 4.42822e-19)
(1.66218 -0.615139 3.80606e-19)
(1.634 -0.57916 -1.50863e-19)
(1.56156 -0.670492 2.56011e-19)
(1.99131 -0.867934 5.9554e-19)
(1.98727 -0.820826 -2.55996e-20)
(1.94189 -0.764754 -2.00897e-20)
(1.89804 -0.712667 -1.01653e-18)
(1.85817 -0.665333 7.38632e-21)
(1.82199 -0.622203 8.07266e-19)
(1.78907 -0.582715 2.20263e-19)
(1.759 -0.546183 -6.65369e-21)
(1.72739 -0.51432 -1.84688e-19)
(1.66601 -0.567295 -2.71297e-20)
(2.11999 -0.744501 1.75123e-18)
(2.10954 -0.700234 1.4088e-18)
(2.05612 -0.652192 -8.70245e-19)
(2.00506 -0.607533 -7.36211e-19)
(1.95876 -0.56694 1.25397e-18)
(1.91682 -0.529955 -8.37498e-19)
(1.87872 -0.496091 -1.00794e-18)
(1.84397 -0.464807 6.60467e-19)
(1.8094 -0.437787 9.58389e-21)
(1.75353 -0.449715 9.96593e-19)
(2.22825 -0.603005 -2.44801e-18)
(2.21163 -0.562333 -3.9158e-18)
(2.1514 -0.523929 1.33194e-18)
(2.0943 -0.487916 1.87585e-18)
(2.04263 -0.455161 -5.15774e-21)
(1.99587 -0.425315 -2.33429e-18)
(1.95346 -0.397986 4.18702e-20)
(1.91483 -0.372775 2.08461e-18)
(1.87784 -0.351222 5.295e-19)
(1.82176 -0.32062 -5.45765e-19)
(2.31319 -0.446604 1.16244e-18)
(2.29066 -0.410082 3.0156e-18)
(2.22507 -0.382982 6.31619e-20)
(2.16332 -0.356611 -1.21363e-18)
(2.1075 -0.332586 -3.89525e-19)
(2.05703 -0.310691 0)
(2.01128 -0.290637 8.15159e-19)
(1.96968 -0.272169 -4.66846e-20)
(1.93084 -0.256599 -6.91411e-19)
(1.86905 -0.183181 -6.38509e-20)
(2.37205 -0.278603 3.26725e-18)
(2.34422 -0.24679 2.38513e-18)
(2.27513 -0.232866 -1.95136e-18)
(2.21025 -0.216806 -1.35402e-18)
(2.15162 -0.202145 3.64257e-19)
(2.09863 -0.188785 -1.4564e-18)
(2.05062 -0.176546 -1.13057e-18)
(2.00702 -0.165303 1.19256e-18)
(1.96695 -0.156108 9.97201e-19)
(1.89414 -0.0399727 7.29085e-19)
(2.40205 -0.10232 2.04497e-18)
(2.37117 -0.0770183 4.06731e-19)
(2.30037 -0.0775933 -2.71519e-18)
(2.2339 -0.0718998 -5.25649e-20)
(2.17384 -0.0669471 3.40603e-18)
(2.11958 -0.0624712 -1.86538e-18)
(2.07043 -0.0583736 -8.83003e-19)
(2.02582 -0.0546465 3.65801e-19)
(1.98518 -0.0520677 -7.62903e-19)
(0.0266953 -0.165699 9.00901e-20)
(0.118078 -0.209089 1.94329e-19)
(0.191264 -0.204469 -2.89042e-21)
(0.259529 -0.195536 4.55118e-22)
(0.321242 -0.187059 -2.1515e-21)
(0.376795 -0.17935 -7.1427e-20)
(0.426955 -0.172329 -2.15356e-20)
(0.472279 -0.165908 4.34389e-20)
(0.51357 -0.159986 -1.22458e-21)
(0.544263 -0.155302 3.98939e-21)
(0.0561105 -0.295687 9.74567e-20)
(0.153504 -0.370339 1.64733e-19)
(0.22519 -0.358621 -1.59283e-19)
(0.291335 -0.339186 -5.59529e-20)
(0.351078 -0.320811 -2.40995e-20)
(0.404866 -0.304062 -9.09971e-20)
(0.453453 -0.288779 6.8624e-20)
(0.497379 -0.274787 4.80021e-20)
(0.537403 -0.261877 -4.26762e-20)
(0.567146 -0.252246 5.37381e-21)
(0.106207 -0.419851 4.38371e-20)
(0.214181 -0.524515 3.95854e-19)
(0.28338 -0.506007 9.89021e-20)
(0.345968 -0.476538 3.22425e-19)
(0.402387 -0.448723 5.10007e-20)
(0.45318 -0.423367 -3.12838e-19)
(0.499078 -0.400227 2.30575e-20)
(0.540594 -0.379046 1.08285e-19)
(0.578418 -0.359522 -8.04721e-20)
(0.606525 -0.345215 -2.6954e-20)
(0.175911 -0.535275 -8.02401e-20)
(0.298772 -0.668106 -1.02866e-19)
(0.364482 -0.643263 1.83251e-20)
(0.422115 -0.604435 -7.32074e-20)
(0.4739 -0.567841 -2.12523e-20)
(0.520508 -0.534499 1.65853e-19)
(0.562639 -0.504084 6.77712e-20)
(0.600766 -0.47626 -4.49409e-20)
(0.635494 -0.450657 1.01385e-20)
(0.661301 -0.432051 -2.10786e-21)
(0.263671 -0.639148 0)
(0.405376 -0.797742 6.01918e-20)
(0.46665 -0.767152 6.6225e-19)
(0.517995 -0.719849 -3.0704e-19)
(0.563898 -0.675333 -4.81051e-19)
(0.605189 -0.634807 1.81077e-19)
(0.642524 -0.597867 -3.68296e-20)
(0.67633 -0.564105 -5.29415e-20)
(0.707111 -0.533115 0)
(0.729967 -0.510678 -6.18401e-21)
(0.367478 -0.728873 -6.71842e-20)
(0.53155 -0.910283 4.88377e-19)
(0.587556 -0.87464 2.3848e-19)
(0.631372 -0.819937 1.2799e-19)
(0.670238 -0.768536 -1.06737e-19)
(0.705155 -0.721793 -2.43422e-19)
(0.736731 -0.67923 4.07804e-19)
(0.765337 -0.640377 2.81735e-20)
(0.791362 -0.604832 -2.54567e-19)
(0.810613 -0.579104 -4.53506e-21)
(0.484918 -0.802159 6.64711e-20)
(0.674377 -1.00293 7.27368e-19)
(0.724432 -0.962978 -5.03956e-20)
(0.759617 -0.902112 6.3773e-21)
(0.790408 -0.845011 2.20496e-19)
(0.817997 -0.793147 -3.16358e-19)
(0.842928 -0.745982 -2.9253e-19)
(0.865511 -0.702994 -2.64877e-19)
(0.886013 -0.663841 1.82924e-19)
(0.900968 -0.635396 1.97513e-19)
(0.613259 -0.857111 -9.37814e-20)
(0.83058 -1.07331 -3.72782e-19)
(0.874175 -1.02981 2.68891e-20)
(0.899802 -0.96413 -9.49738e-20)
(0.921633 -0.902599 2.34633e-19)
(0.941057 -0.846773 6.18153e-19)
(0.958539 -0.796073 4.42139e-19)
(0.97432 -0.749946 -2.97132e-19)
(0.988536 -0.708172 -1.43231e-19)
(0.998399 -0.677544 1.93806e-19)
(0.749575 -0.892323 -4.53019e-19)
(0.99669 -1.11965 -1.73739e-18)
(1.03351 -1.07331 1.25545e-18)
(1.0489 -1.0042 8.34598e-19)
(1.0611 -0.939525 -5.97341e-19)
(1.0717 -0.880865 6.82139e-19)
(1.08104 -0.827614 5.79195e-20)
(1.08927 -0.779206 -7.73175e-19)
(1.09633 -0.735612 -1.72549e-19)
(1.09999 -0.702911 1.96846e-19)
(0.890877 -0.906926 -1.93359e-19)
(1.16917 -1.14082 -1.46131e-18)
(1.19911 -1.09233 -4.40041e-19)
(1.20393 -1.02122 6.53052e-19)
(1.20624 -0.954697 5.68849e-19)
(1.2078 -0.894299 -5.79931e-19)
(1.20884 -0.839376 -4.75246e-19)
(1.20932 -0.789347 2.74811e-19)
(1.20893 -0.744246 -2.4753e-19)
(1.20484 -0.707657 -1.80191e-19)
(0.652427 -0.126443 -8.86841e-20)
(0.823711 -0.0976128 1.76449e-19)
(0.894456 -0.0770326 3.02388e-20)
(0.935533 -0.0606926 -2.62149e-20)
(0.959175 -0.0471148 1.3228e-20)
(0.973174 -0.0356783 1.64124e-20)
(0.981642 -0.025989 1.40343e-20)
(0.986759 -0.0176761 -3.35518e-21)
(0.989687 -0.0103657 -6.69241e-21)
(0.991331 -0.00343348 3.42261e-21)
(0.669148 -0.186389 -1.20984e-20)
(0.831835 -0.128233 -7.82881e-20)
(0.900484 -0.093385 1.45e-21)
(0.940208 -0.0698015 3.09653e-20)
(0.96298 -0.0523845 6.94346e-20)
(0.976325 -0.0388079 0)
(0.984286 -0.0278658 1.46066e-20)
(0.989025 -0.0187774 9.64853e-22)
(0.991696 -0.0109488 6.01244e-22)
(0.993166 -0.00361451 -1.54124e-21)
(0.697313 -0.244576 8.32893e-21)
(0.843981 -0.158388 4.7926e-20)
(0.908612 -0.109653 -3.16016e-20)
(0.94596 -0.0788929 -5.76979e-21)
(0.967375 -0.0576256 -3.93823e-21)
(0.979821 -0.0418954 5.87209e-21)
(0.987145 -0.0296977 0)
(0.991434 -0.0198403 0)
(0.993811 -0.0115064 6.48422e-21)
(0.995086 -0.0037876 0)
(0.736407 -0.299893 -1.24903e-20)
(0.860216 -0.18771 -1.07131e-19)
(0.918799 -0.125687 5.74552e-21)
(0.952788 -0.0878938 0)
(0.97236 -0.0627963 -6.12739e-20)
(0.983658 -0.0449147 1.45809e-20)
(0.990209 -0.0314677 0)
(0.993975 -0.0208543 -2.05965e-20)
(0.996021 -0.0120326 0)
(0.997082 -0.00395089 -2.50315e-21)
(0.785704 -0.351284 -1.38312e-20)
(0.880639 -0.215925 -7.73333e-20)
(0.931002 -0.141359 -4.25567e-21)
(0.960688 -0.0967378 0)
(0.977932 -0.0678573 -2.35721e-20)
(0.987829 -0.0478401 -3.18921e-20)
(0.993471 -0.0331586 7.25333e-21)
(0.996638 -0.0218082 1.91162e-21)
(0.998313 -0.0125211 2.68277e-21)
(0.999143 -0.00410216 3.66179e-21)
(0.844209 -0.397695 -3.01865e-19)
(0.905352 -0.242923 1.04103e-19)
(0.945206 -0.15658 2.37129e-21)
(0.969654 -0.105369 -5.69647e-20)
(0.984087 -0.0727726 4.00579e-20)
(0.992326 -0.0506469 -1.51859e-20)
(0.996919 -0.0347529 -4.05084e-20)
(0.999411 -0.0226902 3.35113e-20)
(1.00067 -0.0129648 -3.98953e-22)
(1.00125 -0.0042388 6.89399e-21)
(0.910633 -0.438109 1.95566e-20)
(0.934392 -0.268756 -2.86049e-20)
(0.96145 -0.171315 6.80938e-21)
(0.979689 -0.113747 1.7801e-21)
(0.990821 -0.0775119 4.12322e-20)
(0.997141 -0.0533117 5.24424e-21)
(1.00054 -0.0362334 1.45787e-20)
(1.00228 -0.0234882 -6.56575e-21)
(1.00309 -0.0133565 -4.95401e-21)
(1.0034 -0.0043578 -2.77604e-21)
(0.983308 -0.471826 9.5316e-20)
(0.967586 -0.292891 -1.70662e-20)
(0.979807 -0.185465 0)
(0.990806 -0.121835 -1.0178e-20)
(0.998129 -0.0820483 -3.4264e-20)
(1.00226 -0.055814 3.65082e-21)
(1.00433 -0.0375845 4.26526e-20)
(1.00523 -0.0241909 -1.17292e-20)
(1.00555 -0.0136888 2.61813e-22)
(1.00558 -0.00445596 2.73712e-21)
(1.05863 -0.49704 -1.31342e-19)
(1.00379 -0.312936 -3.71996e-21)
(0.999793 -0.198079 -3.29808e-20)
(1.00283 -0.129196 6.61131e-21)
(1.00594 -0.0861847 -9.20499e-22)
(1.00766 -0.0580675 3.8326e-20)
(1.00825 -0.0387684 -1.58039e-20)
(1.00824 -0.0247811 8.49401e-22)
(1.00803 -0.0139538 -5.1565e-21)
(1.00776 -0.00453168 -9.10452e-21)
(1.12457 -0.51639 5.46961e-20)
(1.03265 -0.333115 6.89972e-22)
(1.0154 -0.211158 3.00909e-20)
(1.01266 -0.136465 5.93218e-20)
(1.01273 -0.0899648 4.30073e-20)
(1.01262 -0.0599308 2.17136e-20)
(1.01202 -0.0396339 5.27192e-21)
(1.0112 -0.0251521 0)
(1.01049 -0.0140936 8.32127e-21)
(1.00993 -0.00456451 -2.77322e-21)
(1.24432 -0.495183 -4.4331e-20)
(1.10029 -0.326187 -5.9373e-20)
(1.05371 -0.210711 8.49755e-20)
(1.03494 -0.137314 -1.06499e-20)
(1.02626 -0.0906227 -1.15433e-20)
(1.02125 -0.0601945 1.72843e-20)
(1.01781 -0.0396265 1.75354e-20)
(1.01535 -0.0250283 -4.37862e-21)
(1.01373 -0.0139675 -5.51057e-22)
(1.01268 -0.00450322 3.33453e-21)
(1.29488 -0.435244 2.23505e-20)
(1.14429 -0.298275 -2.00061e-20)
(1.08595 -0.199051 -2.3359e-20)
(1.05655 -0.131888 4.99149e-21)
(1.04044 -0.0875759 -2.7595e-20)
(1.0307 -0.0581872 -2.23586e-20)
(1.02433 -0.0382134 -1.27464e-20)
(1.02011 -0.024062 1.87851e-21)
(1.01748 -0.0133931 -4.51873e-21)
(1.01588 -0.00430637 4.04882e-21)
(1.33534 -0.370701 -4.35022e-20)
(1.18382 -0.264847 -4.23609e-21)
(1.11502 -0.181866 -4.23682e-21)
(1.07652 -0.122521 -2.61353e-36)
(1.05385 -0.0820114 6.48435e-21)
(1.03974 -0.0546347 5.55591e-35)
(1.0306 -0.0358718 -7.73338e-21)
(1.02467 -0.0225558 -4.18882e-34)
(1.02106 -0.0125351 1.81261e-21)
(1.01891 -0.00402283 -5.19564e-21)
(1.36145 -0.308419 -1.28785e-34)
(1.21483 -0.229278 1.40591e-20)
(1.13956 -0.161545 5.90171e-21)
(1.09416 -0.110546 0)
(1.06601 -0.0746049 7.90659e-21)
(1.04807 -0.0498665 7.12412e-21)
(1.03641 -0.0327589 9.46919e-21)
(1.0289 -0.0205832 -7.22205e-34)
(1.02437 -0.0114267 4.11818e-21)
(1.02171 -0.00366241 5.28452e-21)
(1.37771 -0.250353 2.87919e-21)
(1.23858 -0.192838 4.18364e-22)
(1.15973 -0.138977 0)
(1.10927 -0.0964579 0)
(1.0767 -0.0656116 0)
(1.0555 -0.0440139 0)
(1.04163 -0.0289442 -2.02905e-21)
(1.0327 -0.0181818 -8.16781e-34)
(1.02735 -0.0100868 1.86985e-21)
(1.02422 -0.0032301 6.645e-34)
(1.3874 -0.196979 3.47812e-20)
(1.25631 -0.156408 0)
(1.17585 -0.114917 0)
(1.12179 -0.0807418 0)
(1.08576 -0.0553123 0)
(1.06188 -0.037235 0)
(1.04614 -0.024517 3.93614e-21)
(1.036 -0.0154016 -2.2256e-21)
(1.02993 -0.00854096 1.88911e-21)
(1.02639 -0.00273343 4.9617e-21)
(1.39287 -0.14796 0)
(1.26912 -0.120449 6.91431e-21)
(1.18823 -0.0899051 7.99498e-23)
(1.13172 -0.0638103 0)
(1.09308 -0.0439768 7.53022e-22)
(1.0671 -0.0296964 1.1883e-21)
(1.04985 -0.0195777 5.13258e-21)
(1.03872 -0.0123014 9.17036e-22)
(1.03206 -0.00682012 7.79565e-22)
(1.02818 -0.00218173 5.65232e-21)
(1.39573 -0.102539 -5.73966e-21)
(1.2779 -0.0851409 -2.61599e-21)
(1.19718 -0.0643329 3.60925e-21)
(1.13909 -0.0460171 7.43239e-36)
(1.0986 -0.0318627 -4.18723e-21)
(1.07107 -0.0215698 2.66e-36)
(1.05269 -0.0142353 3.95063e-21)
(1.0408 -0.00894671 1.13881e-20)
(1.03369 -0.00495923 1.76658e-21)
(1.02955 -0.00158561 -5.47498e-21)
(1.39663 -0.0606521 3.63246e-20)
(1.28307 -0.0513282 -6.30736e-21)
(1.20274 -0.0391701 -2.69362e-21)
(1.14374 -0.0281937 0)
(1.1021 -0.0195952 -1.61897e-21)
(1.07356 -0.0132923 -1.40487e-21)
(1.05443 -0.00878052 2.82695e-21)
(1.04205 -0.0055202 -7.78937e-22)
(1.03464 -0.00306034 2.81635e-21)
(1.03032 -0.000979056 5.32505e-21)
(1.36338 -0.012983 0)
(1.25536 -0.0113403 0)
(1.17731 -0.00874107 0)
(1.11932 -0.00632008 0)
(1.0781 -0.00440493 0)
(1.04972 -0.00299303 0)
(1.03067 -0.00197888 3.9797e-21)
(1.01831 -0.00124475 -1.77881e-35)
(1.01092 -0.000688395 1.92459e-21)
(1.00661 -0.000219062 5.5178e-21)
(1.91571 -0.0454924 7.28957e-19)
(1.90021 -0.13561 4.56256e-20)
(1.86934 -0.222922 -6.9766e-20)
(1.82399 -0.30566 -3.03882e-19)
(1.76543 -0.382133 -6.19478e-20)
(1.69523 -0.450784 -1.20813e-19)
(1.61527 -0.510286 -4.07764e-19)
(1.52719 -0.559581 9.20968e-20)
(1.43638 -0.596565 0)
(1.3344 -0.638063 8.02295e-20)
(1.83772 -0.034268 2.80906e-19)
(1.82626 -0.102817 -2.46511e-19)
(1.80356 -0.169521 -9.78778e-20)
(1.77021 -0.23317 -1.24983e-19)
(1.72712 -0.292627 1.20766e-19)
(1.67534 -0.34687 1.74391e-19)
(1.61627 -0.39502 -2.06709e-19)
(1.55047 -0.436564 -7.14876e-21)
(1.48393 -0.468382 -9.41873e-21)
(1.40344 -0.512321 3.8989e-20)
(1.77572 -0.0265667 -9.47248e-20)
(1.76666 -0.0802645 2.72526e-19)
(1.74864 -0.132704 1.2438e-19)
(1.72218 -0.183077 -2.61951e-19)
(1.68802 -0.230606 -9.29258e-20)
(1.64701 -0.27457 3.8854e-19)
(1.60026 -0.314304 8.29342e-20)
(1.54828 -0.349491 -7.81868e-20)
(1.49546 -0.377358 -4.67879e-20)
(1.43535 -0.415088 -4.70309e-20)
(1.72682 -0.0206301 -3.5056e-19)
(1.71939 -0.062461 -1.38769e-19)
(1.70461 -0.103423 1.31869e-19)
(1.68292 -0.142951 2.4482e-20)
(1.65495 -0.180497 -3.03163e-19)
(1.62146 -0.215551 -5.5189e-20)
(1.58338 -0.247621 1.97471e-19)
(1.54134 -0.276494 -1.75336e-20)
(1.49813 -0.300025 4.05476e-20)
(1.45213 -0.33089 1.43794e-20)
(1.68848 -0.0158777 -6.0696e-22)
(1.68218 -0.0481502 1.82623e-19)
(1.66964 -0.0798197 2.87712e-20)
(1.65127 -0.110489 7.76892e-20)
(1.62762 -0.13977 -8.05428e-20)
(1.59938 -0.167292 -1.95611e-19)
(1.56735 -0.192688 2.92252e-20)
(1.53231 -0.21579 -5.1672e-20)
(1.49581 -0.235046 -2.89948e-20)
(1.45952 -0.259504 -2.8896e-20)
(1.65884 -0.0119903 -1.78618e-19)
(1.65334 -0.0363731 -5.08737e-20)
(1.64237 -0.0603484 -5.58167e-20)
(1.62631 -0.0836429 8.18847e-20)
(1.60567 -0.105983 3.12023e-19)
(1.58108 -0.127098 -4.96584e-20)
(1.55326 -0.146714 4.48946e-21)
(1.52306 -0.164696 -9.17133e-20)
(1.49123 -0.179945 -1.34665e-19)
(1.4615 -0.198764 -7.28172e-21)
(1.63661 -0.00872128 -3.65572e-20)
(1.63166 -0.0264138 -1.10963e-19)
(1.62178 -0.0438468 -1.86221e-19)
(1.60732 -0.0608425 -2.7859e-19)
(1.58876 -0.0772155 1.20584e-19)
(1.56668 -0.0927764 8.00612e-20)
(1.54173 -0.107329 -3.76062e-20)
(1.51481 -0.120764 8.061e-20)
(1.48615 -0.132323 -4.68454e-20)
(1.46078 -0.146249 -4.12316e-20)
(1.62084 -0.00588716 7.25831e-20)
(1.61627 -0.0177189 -1.22614e-20)
(1.60714 -0.0294055 1.06542e-20)
(1.59377 -0.0408448 -2.49801e-20)
(1.5766 -0.0519248 -2.38929e-20)
(1.55619 -0.0625252 -1.00873e-19)
(1.53312 -0.0725185 -4.47297e-20)
(1.5083 -0.0818277 1.24735e-19)
(1.48167 -0.0899675 -4.0233e-20)
(1.45904 -0.0996272 -2.93401e-20)
(1.61013 -0.0033114 -1.11692e-19)
(1.60587 -0.00988061 -3.98218e-20)
(1.59732 -0.0164023 1.69016e-19)
(1.58474 -0.0228415 -4.25962e-20)
(1.56855 -0.0291487 -4.46349e-20)
(1.54925 -0.0352616 8.55323e-20)
(1.52737 -0.0411072 -6.91453e-20)
(1.50378 -0.0466443 6.05094e-20)
(1.47825 -0.0515741 -5.19426e-20)
(1.45715 -0.0577302 -1.45983e-19)
(1.53661 -0.000597583 6.85552e-20)
(1.53341 -0.001586 6.30686e-20)
(1.5272 -0.00260156 6.32853e-20)
(1.51806 -0.00365875 1.06052e-19)
(1.50615 -0.00476196 -5.0722e-20)
(1.49169 -0.00590437 -8.14345e-20)
(1.47489 -0.00707286 3.54201e-20)
(1.45642 -0.00824338 3.90867e-22)
(1.43534 -0.00935359 -9.79583e-22)
(1.41974 -0.0115551 4.42822e-22)
(1.3128 0.685342 -3.70334e-20)
(1.32234 0.727304 3.21887e-20)
(1.32934 0.775697 -2.38401e-19)
(1.33603 0.827824 2.7193e-19)
(1.34321 0.883929 4.4821e-19)
(1.35079 0.945026 -1.7211e-19)
(1.35876 1.01199 -6.44886e-19)
(1.3662 1.08463 -1.22463e-19)
(1.35416 1.1409 -6.9891e-19)
(1.03154 0.965361 -9.27795e-20)
(1.42697 0.663743 0)
(1.44186 0.705618 4.12139e-19)
(1.45443 0.752195 8.83231e-19)
(1.46758 0.802511 -4.75166e-19)
(1.48204 0.857148 -1.19018e-18)
(1.49786 0.916923 -1.49869e-19)
(1.51515 0.982565 -1.8836e-19)
(1.53289 1.0538 6.97833e-19)
(1.5293 1.1079 1.68076e-18)
(1.17483 0.942144 7.57911e-19)
(1.53446 0.628303 7.19696e-20)
(1.55483 0.668397 0)
(1.5737 0.712367 -7.85388e-20)
(1.59375 0.759919 4.96277e-19)
(1.61573 0.811753 5.85951e-20)
(1.63987 0.868623 -1.46686e-18)
(1.66642 0.931199 9.30753e-19)
(1.69429 0.999157 7.81919e-19)
(1.69888 1.04927 -1.56526e-18)
(1.31395 0.897637 -3.53638e-19)
(1.63522 0.577671 -4.46336e-20)
(1.66054 0.614923 -5.24645e-20)
(1.68537 0.655592 1.79255e-19)
(1.71202 0.69957 -2.23945e-19)
(1.74124 0.747557 -1.15037e-18)
(1.7734 0.800247 -8.46994e-19)
(1.80882 0.858273 1.03275e-18)
(1.84633 0.921307 7.25296e-19)
(1.85857 0.965713 0)
(1.4453 0.832336 0)
(1.72752 0.513485 -7.34851e-19)
(1.7571 0.546936 -1.06758e-18)
(1.78724 0.583382 -4.58011e-19)
(1.81989 0.622785 -4.35918e-20)
(1.85574 0.665796 0)
(1.89524 0.713034 1.78492e-19)
(1.93883 0.765083 2.09792e-19)
(1.98518 0.821665 2.61906e-19)
(2.00418 0.85874 -4.06426e-19)
(1.56541 0.747379 -1.09318e-19)
(1.80891 0.437468 8.00199e-19)
(1.84208 0.466232 -6.45888e-20)
(1.87683 0.497524 -9.42796e-19)
(1.91471 0.531354 0)
(1.95638 0.568292 0)
(2.00236 0.608872 0)
(2.05315 0.653616 1.37003e-18)
(2.10725 0.702394 -1.87376e-18)
(2.13179 0.730598 -2.39508e-18)
(1.67105 0.644498 4.5956e-19)
(1.8771 0.351388 -1.12488e-18)
(1.91318 0.374715 -2.29714e-18)
(1.95176 0.400021 -3.83004e-21)
(1.994 0.427376 4.17968e-19)
(2.04054 0.457259 -5.50147e-20)
(2.09196 0.490104 1.06729e-18)
(2.14881 0.526393 -5.94509e-19)
(2.20931 0.566347 -2.38615e-18)
(2.23783 0.584201 1.64609e-19)
(1.7593 0.52593 1.66363e-19)
(1.93014 0.257185 -9.57754e-19)
(1.96842 0.274484 2.95092e-20)
(2.00997 0.29311 3.6173e-19)
(2.0556 0.313235 -3.26511e-19)
(2.10594 0.335229 4.62005e-19)
(2.16161 0.359427 1.53057e-18)
(2.22322 0.386332 -3.27106e-19)
(2.28868 0.417053 -1.38111e-18)
(2.31924 0.423196 7.02531e-19)
(1.82759 0.394318 2.69935e-19)
(1.96647 0.156996 3.26361e-19)
(2.00624 0.167842 1.39002e-19)
(2.04982 0.179267 -4.16917e-19)
(2.09778 0.191586 -7.73574e-19)
(2.15072 0.205044 1.54983e-19)
(2.20932 0.219827 1.83252e-19)
(2.27424 0.236487 -1.70836e-18)
(2.34342 0.258385 7.43691e-19)
(2.37424 0.25197 5.64702e-19)
(1.87335 0.25279 -5.2133e-19)
(1.98501 0.0531219 7.09089e-19)
(2.02556 0.0572625 -1.00504e-18)
(2.07017 0.0611651 2.44289e-19)
(2.11931 0.0653323 2.04069e-18)
(2.17357 0.0698809 1.16656e-18)
(2.23364 0.074823 -2.54881e-18)
(2.3002 0.0799313 -3.164e-18)
(2.37121 0.0928298 1.93006e-18)
(2.40222 0.0763929 -1.87375e-20)
(1.89562 0.106686 -3.13112e-19)
(0.545558 0.157677 -3.08687e-19)
(0.517816 0.162681 -2.7846e-19)
(0.477227 0.168484 1.86808e-19)
(0.431243 0.174879 -6.41963e-19)
(0.381078 0.181862 -1.01901e-19)
(0.325658 0.18954 5.80551e-19)
(0.264124 0.198025 2.08743e-19)
(0.195795 0.207293 -1.82441e-19)
(0.12228 0.214022 -5.58185e-20)
(0.0284025 0.175114 6.1888e-20)
(0.568244 0.254065 2.50337e-19)
(0.541448 0.264637 3.87367e-19)
(0.502135 0.277247 4.24984e-20)
(0.457576 0.291203 -1.96583e-19)
(0.409001 0.306401 -6.23098e-19)
(0.355366 0.323064 7.29706e-20)
(0.295838 0.341416 5.13276e-19)
(0.229727 0.361421 -6.39051e-20)
(0.157958 0.376964 4.0153e-20)
(0.0573352 0.311089 1.36535e-20)
(0.607255 0.34645 -2.95496e-19)
(0.582125 0.362311 -3.48055e-19)
(0.545019 0.381359 2.92946e-19)
(0.502902 0.402484 2.99453e-19)
(0.45703 0.425484 -7.27391e-20)
(0.40641 0.45069 -3.18421e-19)
(0.350247 0.478438 -9.84402e-20)
(0.28784 0.508679 2.11393e-19)
(0.218974 0.532631 2.92131e-21)
(0.106785 0.441181 1.44853e-20)
(0.661476 0.432685 1.84482e-19)
(0.638701 0.453445 4.49735e-20)
(0.604698 0.478405 -2.32221e-19)
(0.566005 0.506141 2.73912e-19)
(0.523911 0.53635 -1.59037e-19)
(0.477494 0.569468 1.06648e-19)
(0.426013 0.605932 5.20477e-20)
(0.368749 0.645686 -2.35215e-19)
(0.303942 0.677453 -1.71994e-19)
(0.175691 0.562506 6.76199e-20)
(0.729387 0.510718 -7.19551e-20)
(0.709622 0.53588 -3.99986e-20)
(0.679577 0.566071 -4.96382e-20)
(0.645246 0.5997 -6.9729e-20)
(0.607957 0.636357 2.02561e-20)
(0.566873 0.676573 -2.81566e-19)
(0.521322 0.720878 3.80201e-19)
(0.470565 0.769203 2.49847e-19)
(0.410949 0.807995 2.68668e-19)
(0.262568 0.67227 2.5684e-19)
(0.80908 0.57859 7.72499e-20)
(0.792952 0.607566 3.63776e-20)
(0.767673 0.642169 3.48839e-19)
(0.738595 0.680824 1.0209e-19)
(0.707074 0.723018 5.45109e-20)
(0.672379 0.769356 -9.03912e-20)
(0.633916 0.820449 1.50583e-19)
(0.590922 0.87621 1.37706e-19)
(0.53757 0.921043 2.22706e-19)
(0.365504 0.767843 2.05331e-19)
(0.898311 0.634458 -1.06045e-19)
(0.886421 0.666565 7.58046e-20)
(0.866673 0.704641 -2.99447e-20)
(0.84369 0.747336 1.68051e-19)
(0.818838 0.794035 7.32949e-20)
(0.791497 0.845395 2.98708e-19)
(0.761161 0.902086 -1.13371e-19)
(0.727043 0.963988 -1.47352e-19)
(0.680918 1.01371 -6.14989e-20)
(0.482197 0.846858 2.97674e-19)
(0.99443 0.676529 1.16618e-19)
(0.987382 0.710965 6.29142e-20)
(0.973955 0.751492 -4.54988e-19)
(0.957916 0.797186 -6.67239e-20)
(0.940587 0.847311 9.7272e-20)
(0.921468 0.902537 -2.08981e-19)
(0.900157 0.963561 4.84014e-21)
(0.875841 1.03022 -8.86994e-20)
(0.837745 1.08355 1.83524e-20)
(0.610016 0.90733 -2.61638e-19)
(1.09445 0.702718 3.18546e-20)
(1.0932 0.738874 -3.2027e-19)
(1.0871 0.780835 -1.61901e-21)
(1.07886 0.828505 1.60454e-19)
(1.06979 0.88102 -1.09694e-19)
(1.05958 0.938984 2.70401e-19)
(1.04796 1.00308 2.52354e-19)
(1.03411 1.07308 -5.90894e-19)
(1.00459 1.12871 -9.12717e-20)
(0.746125 0.947766 -3.98565e-19)
(1.19183 0.708709 -1.32383e-19)
(1.19954 0.746618 -1.40894e-19)
(1.20284 0.789879 2.21304e-19)
(1.20368 0.839225 2.51645e-19)
(1.20373 0.893531 1.55469e-19)
(1.20302 0.953353 -2.13835e-19)
(1.20154 1.01939 -8.95245e-20)
(1.19853 1.09137 1.14892e-19)
(1.17787 1.14798 -3.91e-19)
(0.887588 0.967234 -3.17715e-19)
(0.519813 0.0238493 1.34972e-19)
(1.2005 0.0270272 -5.43308e-20)
(0.978307 0.0313491 5.1999e-20)
(0.985272 0.0362079 0)
(0.97661 0.0434231 3.24833e-20)
(0.961731 0.0530152 3.94519e-20)
(0.937668 0.0652014 5.04692e-20)
(0.895973 0.0804793 1.02727e-19)
(0.827499 0.100397 -1.39825e-19)
(0.654388 0.12881 -1.61825e-19)
(0.519798 0.0235638 4.19071e-20)
(1.20126 0.0269314 -2.42198e-19)
(0.979365 0.0336467 -9.4399e-21)
(0.987042 0.0385543 -3.05139e-20)
(0.979106 0.0467908 1.52298e-20)
(0.965039 0.0584033 -1.98597e-20)
(0.941955 0.0743234 -1.21981e-19)
(0.901759 0.0966981 0)
(0.835347 0.130901 3.22481e-19)
(0.671628 0.188536 -3.01513e-19)
(0.519685 0.0231789 -2.70495e-19)
(1.20218 0.0267527 -3.56745e-20)
(0.98036 0.0357747 3.43288e-20)
(0.988944 0.040742 1.21758e-20)
(0.981903 0.0500319 -3.50427e-20)
(0.968908 0.0637007 7.21641e-22)
(0.947285 0.0833861 -8.59622e-20)
(0.909654 0.112818 -1.02556e-20)
(0.847126 0.160946 5.63508e-23)
(0.70069 0.246453 7.49579e-19)
(0.519471 0.0227695 1.65968e-19)
(1.20323 0.0265215 1.70208e-19)
(0.981287 0.0376946 6.58582e-20)
(0.990992 0.0427363 2.80511e-20)
(0.985015 0.0531146 -1.70259e-20)
(0.973353 0.0688655 -2.2244e-20)
(0.953675 0.0923214 1.27e-19)
(0.919622 0.128703 -3.44321e-21)
(0.862943 0.190196 -3.93097e-19)
(0.740981 0.301432 7.61351e-20)
(0.519152 0.0224194 -1.01134e-19)
(1.20437 0.026262 -4.78842e-20)
(0.982135 0.039361 -6.5927e-20)
(0.993204 0.0445071 1.56987e-20)
(0.988457 0.0560118 0)
(0.978386 0.0738613 0)
(0.961139 0.101071 1.07938e-19)
(0.931632 0.144245 1.51876e-21)
(0.882946 0.218427 -1.85749e-19)
(0.791674 0.352385 1.11224e-19)
(0.518713 0.0222181 -6.20015e-20)
(1.20553 0.0259886 1.71864e-19)
(0.982893 0.0407174 -1.0794e-19)
(0.995601 0.0460307 -2.47794e-20)
(0.992243 0.0587032 -1.0918e-21)
(0.984018 0.0786584 9.03253e-20)
(0.969693 0.109588 1.668e-19)
(0.945681 0.159373 -4.04727e-22)
(0.907279 0.245612 3.01866e-19)
(0.851655 0.398199 -2.34192e-19)
(0.518133 0.0222573 -2.52791e-20)
(1.20663 0.0257015 -3.85916e-20)
(0.983551 0.0416948 1.73936e-20)
(0.998212 0.0472947 -5.28096e-20)
(0.996387 0.0611751 3.41105e-21)
(0.990261 0.0832338 -1.69242e-21)
(0.979358 0.117838 -8.73422e-21)
(0.961834 0.174034 -2.90083e-19)
(0.935978 0.271695 2.3044e-19)
(0.91952 0.43791 -5.17808e-19)
(0.517381 0.0226255 1.27386e-19)
(1.20757 0.0253815 -2.81285e-19)
(0.984106 0.04221 1.72287e-20)
(1.00107 0.0483021 2.77063e-20)
(1.00089 0.063418 1.76329e-21)
(0.997123 0.0875654 -1.05397e-19)
(0.990164 0.125791 -9.05729e-20)
(0.980161 0.188146 5.17895e-19)
(0.968995 0.296068 9.72086e-21)
(0.993564 0.471333 8.20248e-19)
(0.516416 0.0234171 -1.53768e-19)
(1.20823 0.0249933 1.75994e-19)
(0.984568 0.0421673 -1.29175e-19)
(1.00422 0.0490602 -3.31563e-20)
(1.00576 0.0653679 -1.15688e-19)
(1.00458 0.0914617 2.26896e-21)
(1.00207 0.132949 -1.25534e-19)
(1.00053 0.20044 6.69402e-19)
(1.00628 0.315267 -6.35969e-21)
(1.07161 0.495647 -1.1292e-18)
(0.51518 0.0246519 5.92846e-20)
(1.20865 0.0245953 3.60515e-19)
(0.985032 0.0414927 6.32459e-20)
(1.00752 0.0494655 -7.62127e-20)
(1.01038 0.0668708 -1.10002e-19)
(1.01117 0.0949417 -9.01e-20)
(1.01179 0.140033 -2.25483e-19)
(1.01607 0.213632 -6.42718e-19)
(1.03507 0.336279 -3.59606e-19)
(1.13605 0.519828 -1.37565e-18)
(0.518613 0.0248052 -1.6594e-19)
(1.20981 0.0243835 -8.00731e-20)
(0.987505 0.0394645 -3.43325e-20)
(1.01227 0.0489509 4.25738e-20)
(1.01823 0.0667573 7.48995e-20)
(1.02402 0.0952891 -6.21214e-20)
(1.03326 0.140569 2.07426e-19)
(1.05292 0.212651 -6.39435e-19)
(1.0981 0.32715 -2.51123e-19)
(1.24306 0.494829 7.83113e-19)
(0.518529 0.0230176 1.41084e-19)
(1.21203 0.0241491 1.02172e-20)
(0.991816 0.0363397 7.43828e-20)
(1.01747 0.0468337 8.95372e-20)
(1.02684 0.0643632 1.18837e-19)
(1.03769 0.092102 1.80104e-19)
(1.0547 0.135333 4.30726e-20)
(1.0857 0.201854 3.39555e-19)
(1.1439 0.300642 4.35043e-19)
(1.297 0.438755 -4.61137e-20)
(0.518507 0.0209004 -1.63023e-19)
(1.2141 0.0230192 -1.52275e-19)
(0.995905 0.0331288 -9.46104e-20)
(1.02272 0.0436515 5.51144e-21)
(1.03516 0.0603085 3.35385e-34)
(1.05061 0.0862296 -1.23471e-20)
(1.07437 0.125789 -7.54215e-34)
(1.11452 0.18456 2.64041e-20)
(1.18282 0.266717 -6.1323e-20)
(1.33668 0.373174 -5.00096e-20)
(0.518589 0.0183884 1.92552e-19)
(1.21601 0.0211026 -1.4132e-33)
(0.999601 0.0296201 9.35182e-20)
(1.0277 0.0395989 -3.78692e-20)
(1.04287 0.0549397 -4.955e-20)
(1.06234 0.0784218 -6.02611e-20)
(1.09172 0.11353 -9.50214e-34)
(1.13877 0.163994 -1.43141e-19)
(1.21344 0.230712 -1.80294e-19)
(1.36221 0.310456 1.00348e-19)
(0.518745 0.0154779 0)
(1.21776 0.0185296 -6.85987e-35)
(1.00288 0.0257499 0)
(1.03225 0.0347855 0)
(1.04978 0.0484134 0)
(1.07267 0.0689588 0)
(1.10658 0.0990936 -5.81931e-34)
(1.15866 0.141124 0)
(1.23691 0.193968 -2.52655e-20)
(1.37787 0.252088 6.25254e-20)
(0.518956 0.0121795 1.68529e-19)
(1.21938 0.0154206 -1.13173e-20)
(1.00573 0.0215206 9.14198e-20)
(1.03624 0.0293202 0)
(1.05574 0.0409026 0)
(1.08143 0.0581301 1.03165e-20)
(1.11889 0.0829713 4.18443e-20)
(1.1745 0.116712 -1.94107e-20)
(1.25445 0.157296 -3.85847e-20)
(1.38703 0.198403 2.23253e-19)
(0.519215 0.00850072 9.12689e-20)
(1.22087 0.011893 1.03815e-20)
(1.00813 0.0169818 9.04641e-20)
(1.03955 0.0233181 -1.26242e-20)
(1.06063 0.0325882 -1.77069e-20)
(1.08851 0.0462182 -1.33353e-20)
(1.12864 0.0655912 -3.13597e-20)
(1.18665 0.0913276 -5.7267e-20)
(1.26713 0.121136 -7.57799e-20)
(1.39205 0.149075 1.40748e-19)
(0.519527 0.00445955 -2.23359e-19)
(1.22225 0.00806051 -2.68196e-19)
(1.01004 0.0122187 8.72969e-20)
(1.04211 0.0169021 -4.89092e-21)
(1.06436 0.0236558 1.04845e-34)
(1.09385 0.0334931 1.10455e-20)
(1.13587 0.0473183 -1.36745e-33)
(1.19542 0.0653671 -1.97227e-20)
(1.27583 0.0856385 2.52904e-20)
(1.39457 0.103345 3.30818e-20)
(0.519853 -0.000342625 3.07005e-19)
(1.22341 0.00454862 -1.07579e-20)
(1.01131 0.0073812 8.87742e-20)
(1.04371 0.0103864 5.96355e-21)
(1.06672 0.0145542 8.77195e-21)
(1.09727 0.0205778 2.31518e-20)
(1.14048 0.0289685 1.53202e-20)
(1.20093 0.0397742 -1.72119e-21)
(1.28105 0.0516139 -2.11562e-20)
(1.39541 0.0611698 1.53363e-19)
(0.510828 -0.00296758 1.71917e-19)
(1.19817 -0.00065989 -7.5858e-34)
(0.987946 0.00199501 8.81643e-20)
(1.02017 0.0023279 0)
(1.04305 0.00327702 0)
(1.07344 0.00463343 1.13827e-20)
(1.11628 0.00651275 -1.08621e-35)
(1.17576 0.00892006 -1.97895e-20)
(1.2538 0.0114927 -3.79163e-20)
(1.36272 0.0132836 7.43023e-20)
(1.34899 0.618273 -2.1579e-19)
(1.43494 0.598313 -3.33535e-19)
(1.52643 0.560976 0)
(1.61302 0.511654 5.60616e-20)
(1.69266 0.451878 3.36287e-19)
(1.76302 0.382927 -2.16894e-19)
(1.822 0.306196 1.17691e-18)
(1.86789 0.223246 -5.82289e-21)
(1.89935 0.135781 -4.21999e-19)
(1.91543 0.0456049 3.17174e-19)
(1.40691 0.499859 6.76444e-20)
(1.4768 0.473731 1.39896e-19)
(1.54914 0.437734 8.24689e-21)
(1.61522 0.395556 1.37774e-19)
(1.67456 0.347158 -1.46663e-19)
(1.72635 0.292905 -4.30655e-19)
(1.76951 0.233534 -1.51679e-20)
(1.80299 0.169994 6.47086e-19)
(1.82589 0.103376 -1.52171e-20)
(1.83759 0.0348617 -5.02887e-19)
(1.43694 0.403398 1.36826e-19)
(1.48962 0.381107 2.32988e-19)
(1.54594 0.350951 -4.64175e-19)
(1.59816 0.315809 8.58938e-20)
(1.64526 0.275963 7.53675e-19)
(1.68652 0.231895 -1.78053e-19)
(1.72099 0.184264 -6.2733e-19)
(1.74777 0.133804 -2.50536e-19)
(1.76613 0.0813009 4.17233e-19)
(1.77554 0.0275693 -2.42182e-19)
(1.45266 0.321897 5.28363e-20)
(1.49397 0.302471 0)
(1.53913 0.277253 -9.12075e-21)
(1.58156 0.248462 3.13928e-19)
(1.61993 0.216366 4.22647e-19)
(1.65362 0.181324 7.93884e-20)
(1.68183 0.143791 -1.54691e-19)
(1.70381 0.104275 -2.51763e-19)
(1.7189 0.0633215 1.6328e-19)
(1.72666 0.021495 9.91471e-20)
(1.45948 0.253125 4.83954e-20)
(1.49283 0.236775 -1.03858e-19)
(1.53013 0.216341 -2.02016e-19)
(1.56567 0.193335 9.07525e-20)
(1.59793 0.167947 1.87921e-21)
(1.62636 0.14045 4.02678e-20)
(1.65024 0.111186 2.59517e-19)
(1.66888 0.0805288 -2.58112e-19)
(1.68171 0.0488663 -1.11452e-21)
(1.68832 0.016597 2.75261e-19)
(1.46122 0.194432 -2.78053e-19)
(1.48906 0.181163 -3.71145e-19)
(1.52094 0.165087 9.08628e-20)
(1.5517 0.147185 3.64137e-19)
(1.57971 0.127583 -5.16373e-21)
(1.60448 0.106491 -3.86486e-20)
(1.62534 0.0841666 1.90224e-19)
(1.64165 0.060881 -1.29395e-19)
(1.6529 0.03691 -1.59258e-19)
(1.65869 0.0125287 -1.02196e-19)
(1.4604 0.14344 2.72685e-20)
(1.48449 0.133176 -1.55397e-21)
(1.51275 0.12104 1.58006e-24)
(1.54026 0.107655 2.62865e-19)
(1.56537 0.0931105 2.87109e-19)
(1.58761 0.0775589 -3.34786e-19)
(1.60638 0.061188 -2.08013e-19)
(1.62108 0.0441902 1.91385e-19)
(1.63122 0.0267534 1.69919e-19)
(1.63646 0.00905828 6.41491e-20)
(1.45863 0.0979789 -1.6554e-19)
(1.48031 0.0905602 -8.45536e-21)
(1.50627 0.0820141 4.20823e-19)
(1.53169 0.0727158 1.08513e-20)
(1.5549 0.0627094 -1.50894e-19)
(1.57547 0.0520944 -4.68342e-20)
(1.59283 0.0409953 -1.72831e-19)
(1.60644 0.0295368 8.17192e-20)
(1.61584 0.0178349 1.483e-19)
(1.62069 0.0059948 1.59418e-19)
(1.45645 0.0569619 -3.33773e-19)
(1.4767 0.0520839 -1.50126e-20)
(1.50143 0.0468655 2.5164e-19)
(1.52564 0.0413218 -1.5173e-19)
(1.54766 0.0354399 -2.53397e-19)
(1.56714 0.0292812 -2.23046e-20)
(1.58356 0.0229219 2.34667e-19)
(1.59643 0.0164331 1.43401e-19)
(1.60532 0.00987219 -1.21184e-20)
(1.60994 0.00328114 -4.79962e-20)
(1.42069 0.0114055 3.2827e-20)
(1.43621 0.00949526 -1.43624e-21)
(1.45635 0.00816584 6.8591e-22)
(1.47552 0.00697305 0)
(1.49239 0.0057945 3.42182e-19)
(1.50686 0.00463139 5.84879e-21)
(1.51872 0.00350325 -2.42462e-19)
(1.52773 0.00242131 1.61932e-19)
(1.53376 0.00138575 -2.34899e-19)
(1.53673 0.000385886 -2.17376e-19)
(2.25638 0.036694 1.69933e-19)
(2.86274 0.115561 1.72139e-18)
(2.8339 0.0795774 -2.64261e-20)
(2.76129 0.0755452 -1.42553e-19)
(2.69722 0.0657787 3.58647e-19)
(2.64362 0.0564074 2.36897e-19)
(2.59955 0.0474415 0)
(2.5641 0.0386944 7.02805e-19)
(2.53651 0.0298915 -1.30434e-18)
(2.51606 0.0205977 -7.41454e-20)
(2.20702 0.200932 -3.69717e-20)
(2.80874 0.308058 7.29987e-19)
(2.78546 0.259692 4.39588e-20)
(2.71551 0.229783 2.25228e-20)
(2.653 0.199557 3.83808e-19)
(2.60026 0.17107 -5.35452e-19)
(2.55641 0.143903 -4.07317e-19)
(2.52057 0.117614 -1.849e-19)
(2.49197 0.0916638 6.8423e-19)
(2.4693 0.0648851 -7.73712e-19)
(2.11914 0.355333 2.96581e-19)
(2.70339 0.487407 -8.62818e-20)
(2.68889 0.429121 -6.06233e-19)
(2.62412 0.377969 5.68482e-19)
(2.56499 0.32942 2.38239e-18)
(2.51435 0.28393 1.23416e-18)
(2.47143 0.240773 -1.2952e-18)
(2.43539 0.19926 -1.17386e-18)
(2.40543 0.158683 -8.58031e-21)
(2.37892 0.117324 2.58538e-19)
(1.99818 0.494313 6.04149e-19)
(2.55663 0.648456 1.49034e-18)
(2.5507 0.5825 -1.7846e-18)
(2.49327 0.515002 -9.90919e-19)
(2.43943 0.451536 -3.71645e-21)
(2.39237 0.392341 -3.50795e-19)
(2.35147 0.336517 9.37507e-19)
(2.31601 0.283215 -6.16327e-21)
(2.28525 0.231622 -1.14295e-18)
(2.25464 0.17981 -3.46558e-19)
(1.85187 0.613076 1.02164e-18)
(2.37788 0.786467 2.13332e-18)
(2.38004 0.715696 -1.85888e-18)
(2.3316 0.636436 -8.72534e-19)
(2.28474 0.561974 1.11096e-18)
(2.2428 0.492823 -7.37706e-21)
(2.20539 0.428014 -6.94027e-19)
(2.1719 0.366642 -5.01086e-20)
(2.14177 0.3078 1.44298e-19)
(2.10837 0.249616 -4.36781e-20)
(1.68842 0.708905 1.32191e-18)
(2.17685 0.898175 -8.41551e-19)
(2.18664 0.825359 -7.28059e-19)
(2.14835 0.738572 1.83761e-18)
(2.10987 0.656971 -1.00613e-18)
(2.07453 0.581467 1.65118e-19)
(2.04215 0.511103 5.50077e-20)
(2.01231 0.444989 -4.29933e-19)
(1.98473 0.382112 -3.28746e-20)
(1.95078 0.320735 3.22427e-19)
(1.51524 0.780706 8.01504e-20)
(1.96272 0.981895 -8.16292e-19)
(1.97965 0.909348 1.72304e-18)
(1.95219 0.818704 1.42963e-18)
(1.9231 0.733384 -1.10584e-18)
(1.89557 0.654663 3.69671e-20)
(1.86961 0.581636 1.38663e-18)
(1.84497 0.513469 -9.18785e-19)
(1.82175 0.449048 -4.25144e-19)
(1.78958 0.386676 3.36051e-19)
(1.33841 0.828503 2.42619e-19)
(1.74334 1.03721 2.5078e-18)
(1.76695 0.96668 5.83471e-19)
(1.75059 0.875189 -2.24404e-18)
(1.73149 0.788991 -7.27588e-20)
(1.71257 0.709623 2.49934e-19)
(1.69405 0.636256 -3.74765e-19)
(1.67581 0.568118 -2.40236e-19)
(1.65826 0.504045 4.49474e-20)
(1.62982 0.44217 -1.7249e-19)
(1.16273 0.852998 -4.713e-19)
(1.52501 1.06457 -3.32626e-20)
(1.55489 0.997289 7.12374e-20)
(1.54961 0.907352 -7.08517e-19)
(1.54072 0.822566 -2.28979e-19)
(1.53089 0.74464 -7.16802e-19)
(1.52043 0.672819 -5.15709e-19)
(1.50937 0.606404 4.50282e-19)
(1.49839 0.544126 2.70223e-19)
(1.47493 0.484456 7.75678e-20)
(0.991866 0.85521 -2.51645e-19)
(1.3126 1.06491 0)
(1.34848 1.00168 -1.73667e-19)
(1.35402 0.915135 -1.7917e-19)
(1.35533 0.833518 1.09175e-18)
(1.35473 0.758601 2.18053e-20)
(1.35264 0.689695 -5.74814e-19)
(1.34915 0.626172 -4.25724e-19)
(1.34531 0.5669 2.18632e-19)
(1.32681 0.505588 4.88108e-19)
(0.828611 0.836291 7.63839e-20)
(1.10986 1.03947 0)
(1.15154 0.980821 -9.48847e-19)
(1.16751 0.899158 4.52513e-19)
(1.17875 0.822182 5.85722e-19)
(1.18724 0.751688 1.07203e-19)
(1.19345 0.687085 -1.21946e-19)
(1.19748 0.62788 -4.79749e-19)
(1.19925 0.574124 -4.51117e-20)
(1.1963 0.530211 -1.79565e-19)
(0.675251 0.797383 -1.55497e-19)
(0.919794 0.989538 -9.84049e-19)
(0.967183 0.935798 5.01664e-21)
(0.993164 0.860115 6.58522e-20)
(1.01408 0.788819 -1.06537e-19)
(1.03161 0.72364 4.01431e-19)
(1.04635 0.664059 -4.8688e-19)
(1.05856 0.609611 1.609e-19)
(1.06845 0.560169 2.55875e-19)
(1.07426 0.523491 -1.05421e-19)
(0.533734 0.739673 6.69197e-20)
(0.744795 0.916522 2.05736e-19)
(0.797739 0.86794 5.09458e-19)
(0.833092 0.799099 -1.93546e-19)
(0.863091 0.734243 -3.50997e-19)
(0.889172 0.674966 1.06718e-19)
(0.911976 0.620789 1.66016e-19)
(0.931861 0.571265 8.80072e-20)
(0.949198 0.526083 -1.22347e-21)
(0.961531 0.493359 1.69197e-20)
(0.405929 0.664557 -5.03986e-20)
(0.58703 0.822196 -1.64951e-19)
(0.645168 0.779086 -1.52978e-19)
(0.688981 0.717902 -7.36266e-20)
(0.727146 0.660234 1.41963e-19)
(0.760845 0.607497 -2.28404e-20)
(0.790755 0.559258 -4.94867e-21)
(0.817281 0.515099 1.0236e-19)
(0.84089 0.474623 1.01264e-19)
(0.858316 0.445641 -8.50272e-21)
(0.293708 0.573777 -6.61306e-20)
(0.448656 0.708767 8.58852e-20)
(0.511438 0.671534 7.72005e-20)
(0.562638 0.618815 9.7504e-20)
(0.607904 0.569103 -2.25905e-19)
(0.64819 0.523611 -3.87645e-22)
(0.6842 0.481963 2.31111e-19)
(0.716382 0.443791 -1.82691e-20)
(0.745292 0.408679 -3.41534e-20)
(0.766837 0.383754 -5.39574e-20)
(0.198843 0.469429 8.82225e-20)
(0.331734 0.578834 5.08104e-19)
(0.39845 0.547915 1.99971e-19)
(0.455854 0.504409 -2.46116e-19)
(0.507071 0.463373 -1.20974e-19)
(0.55286 0.425799 2.83605e-19)
(0.593948 0.391376 -1.09745e-19)
(0.63082 0.359798 -2.10867e-19)
(0.664115 0.330675 5.82495e-20)
(0.688976 0.310174 2.98204e-20)
(0.122872 0.353912 1.05214e-19)
(0.238064 0.435311 -4.00212e-19)
(0.307882 0.411106 -6.89537e-19)
(0.370222 0.377452 2.1305e-19)
(0.426171 0.345709 2.49876e-19)
(0.476328 0.316629 -5.52146e-22)
(0.521442 0.289971 -2.73928e-19)
(0.562029 0.265501 4.11138e-20)
(0.5988 0.242893 1.83454e-19)
(0.626242 0.227138 2.73652e-20)
(0.0670041 0.229846 -1.23003e-19)
(0.169073 0.281358 -1.96934e-20)
(0.241101 0.264181 5.34909e-19)
(0.307041 0.240872 1.0106e-19)
(0.366444 0.218898 -1.30245e-19)
(0.419794 0.198754 -5.44424e-20)
(0.467851 0.180277 0)
(0.511159 0.163307 5.5941e-20)
(0.550486 0.147606 -3.63846e-20)
(0.579801 0.136843 -4.09962e-20)
(0.0320842 0.0999854 8.86443e-20)
(0.125766 0.120319 3.71154e-19)
(0.1991 0.110367 2.94507e-19)
(0.267249 0.097729 -2.32956e-19)
(0.328784 0.0858372 -1.20004e-19)
(0.384112 0.0749182 2.43786e-20)
(0.434003 0.0648882 -8.36446e-20)
(0.479017 0.0556683 -4.64552e-20)
(0.519956 0.0471264 2.39265e-20)
(0.550436 0.0415032 -7.09586e-21)
(0.0186043 -0.0328301 -8.5941e-20)
(0.108722 -0.0443441 -2.43228e-19)
(0.182448 -0.0469897 -8.35013e-20)
(0.251379 -0.0488151 -5.85557e-20)
(0.31369 -0.0504932 3.97867e-20)
(0.369757 -0.052068 2.88997e-20)
(0.420352 -0.0535425 -1.32898e-20)
(0.466039 -0.0549123 2.20165e-20)
(0.507634 -0.0561933 -6.01226e-21)
(0.538575 -0.0566302 -5.33272e-21)
(1.09757 0.313717 -7.77958e-19)
(0.973403 0.14653 1.20321e-20)
(0.946735 0.0550191 3.26175e-20)
(0.944357 0.0141648 1.63587e-20)
(0.950593 -0.00216287 -3.1482e-21)
(0.958901 -0.00748281 1.35197e-21)
(0.966517 -0.00785352 -5.88273e-22)
(0.972468 -0.00626616 1.42283e-21)
(0.976472 -0.0039678 3.9341e-21)
(0.978987 -0.00137365 0)
(1.02192 0.294299 -3.80577e-19)
(0.944839 0.130377 3.06021e-20)
(0.93564 0.0453733 4.30387e-21)
(0.94061 0.00865587 5.05185e-20)
(0.950007 -0.00575668 -1.24379e-20)
(0.959453 -0.00981156 -3.89775e-22)
(0.967393 -0.00948911 2.17914e-22)
(0.973338 -0.00737811 3.64271e-21)
(0.977251 -0.0046275 1.22097e-21)
(0.979697 -0.00159672 -3.89707e-21)
(0.940973 0.272604 5.27037e-19)
(0.912427 0.115125 7.42873e-20)
(0.922503 0.0364527 -2.85335e-20)
(0.936016 0.00327492 -1.38824e-20)
(0.94898 -0.00920014 7.15839e-21)
(0.959836 -0.0121721 2.69884e-21)
(0.968215 -0.0111305 -6.67363e-22)
(0.974236 -0.00848209 9.80297e-22)
(0.978117 -0.00527826 -1.98667e-21)
(0.980522 -0.00181503 -2.51753e-21)
(0.866762 0.241669 3.94932e-19)
(0.884772 0.0948268 -1.7793e-20)
(0.91147 0.0254417 9.84652e-21)
(0.932359 -0.00318296 -2.46269e-20)
(0.948423 -0.0131213 -7.63612e-21)
(0.960454 -0.0147397 2.18978e-21)
(0.969195 -0.012854 1.84316e-21)
(0.975266 -0.0096093 -4.66523e-22)
(0.979107 -0.00592959 -4.87973e-22)
(0.981464 -0.00202994 2.12613e-21)
(0.802023 0.203151 -3.17068e-19)
(0.862219 0.0720291 6.91713e-20)
(0.902729 0.0132631 1.17902e-22)
(0.92973 -0.0101533 -1.14921e-20)
(0.948354 -0.0173564 -1.49609e-20)
(0.96134 -0.0174575 -4.02121e-21)
(0.970354 -0.0146378 2.9778e-21)
(0.97644 -0.0107525 -2.64512e-21)
(0.980225 -0.00658002 -1.06793e-22)
(0.982527 -0.00224146 8.23399e-22)
(0.747817 0.157864 -1.27311e-20)
(0.84466 0.0473677 4.21716e-20)
(0.896141 -9.48245e-06 -7.06751e-21)
(0.928103 -0.0176735 1.46936e-21)
(0.94879 -0.0218723 2.41985e-20)
(0.962511 -0.0203048 -4.54026e-21)
(0.971706 -0.0164719 1.34596e-20)
(0.977764 -0.0119078 7.01293e-22)
(0.981474 -0.00722847 -2.13635e-21)
(0.983708 -0.00244966 0)
(0.704893 0.10707 2.28803e-19)
(0.831852 0.0208297 -6.423e-20)
(0.891611 -0.0142281 4.81728e-22)
(0.927501 -0.0256675 -2.74655e-20)
(0.949753 -0.0266249 1.70022e-20)
(0.963987 -0.0232594 -1.28186e-20)
(0.97326 -0.0183457 -9.28849e-21)
(0.979245 -0.0130707 6.21943e-21)
(0.982857 -0.00787337 -2.46667e-22)
(0.985008 -0.00265449 7.08214e-22)
(0.673722 0.0520179 -2.23079e-19)
(0.823524 -0.0073032 2.14768e-20)
(0.889164 -0.0291876 1.71405e-21)
(0.92793 -0.0340478 1.19443e-21)
(0.951258 -0.03157 -5.11857e-21)
(0.965781 -0.0262984 3.60344e-21)
(0.975027 -0.0202475 -1.25143e-20)
(0.980884 -0.0142358 -2.97553e-21)
(0.984372 -0.00851256 4.92002e-21)
(0.986425 -0.00285577 3.23818e-21)
(0.654559 -0.00603437 2.60887e-20)
(0.819501 -0.0366766 -9.01363e-20)
(0.888799 -0.044755 1.3212e-21)
(0.929403 -0.0427344 6.94297e-20)
(0.953322 -0.0366632 -1.33069e-20)
(0.967905 -0.0293978 4.42514e-21)
(0.977011 -0.0221647 -9.89975e-22)
(0.982684 -0.0153967 -3.05223e-21)
(0.986018 -0.00914334 3.70297e-21)
(0.987954 -0.00305312 4.27704e-21)
(0.647498 -0.0659089 1.05888e-19)
(0.819589 -0.0669453 -1.63345e-21)
(0.890558 -0.0607634 -3.82714e-21)
(0.931934 -0.0516434 -2.53147e-20)
(0.955958 -0.0418596 -2.6057e-20)
(0.970367 -0.032533 2.37483e-21)
(0.979216 -0.0240834 -1.37424e-20)
(0.984644 -0.0165462 -4.41164e-21)
(0.987792 -0.00976237 -4.87153e-21)
(0.989591 -0.00324597 1.78253e-21)
(1.2459 0.019931 9.71073e-20)
(1.03231 0.0103943 -3.2364e-21)
(0.95229 0.00443451 -1.6528e-20)
(0.920086 0.00142731 1.59312e-21)
(0.911612 0.000130577 -9.85424e-22)
(0.912995 -0.000331054 -6.08296e-22)
(0.917465 -0.000422228 2.62743e-21)
(0.922046 -0.000356469 2.70401e-22)
(0.925478 -0.000229017 -3.23331e-21)
(0.927757 -7.90892e-05 1.08631e-21)
(1.30547 0.0995351 -7.253e-20)
(1.08067 0.0489867 -7.57636e-20)
(0.998862 0.0203977 -2.52684e-20)
(0.966774 0.00652641 2.30411e-21)
(0.958829 0.000578066 -4.73562e-21)
(0.960751 -0.0015426 -2.45922e-21)
(0.965661 -0.00195827 -1.31659e-21)
(0.970568 -0.00165076 2.00783e-22)
(0.974213 -0.00106741 -3.26327e-22)
(0.976623 -0.000372841 -1.6502e-22)
(1.28565 0.165764 -2.00289e-19)
(1.06821 0.0796838 2.14818e-20)
(0.992541 0.0326328 -4.40691e-21)
(0.964191 0.0101669 6.48585e-35)
(0.958183 0.000652147 -1.35374e-22)
(0.961019 -0.00269905 0)
(0.966334 -0.00330806 1.21701e-21)
(0.971411 -0.00276088 -2.01998e-34)
(0.97512 -0.00177775 3.93314e-36)
(0.977553 -0.000619347 1.70406e-21)
(1.25137 0.230475 4.72109e-19)
(1.04798 0.109417 -1.52067e-20)
(0.981998 0.0438978 0)
(0.959358 0.0131933 1.7255e-20)
(0.956244 0.000395423 0)
(0.960426 -0.00405067 0)
(0.966334 -0.00476513 0)
(0.971653 -0.00392895 1.52737e-21)
(0.975449 -0.00251768 -3.80262e-23)
(0.977911 -0.000875536 1.60056e-22)
(1.21469 0.284201 -5.68981e-19)
(1.02777 0.134049 -1.26485e-20)
(0.969883 0.052347 0)
(0.953319 0.0149393 -1.32259e-20)
(0.953555 -0.000380594 1.30891e-20)
(0.959398 -0.00566855 0)
(0.966152 -0.00632096 0)
(0.97187 -0.00513021 -6.24144e-23)
(0.975844 -0.00326646 -4.30858e-23)
(0.97838 -0.00113197 -8.74096e-23)
(1.03629 -0.00702859 -1.18078e-19)
(1.11294 -0.0247481 -3.43259e-20)
(1.24361 -0.0366823 -8.12293e-20)
(1.38108 -0.0381832 -3.12476e-19)
(1.48675 -0.0307707 1.28499e-19)
(1.54131 -0.0195648 1.32802e-19)
(1.54545 -0.00776607 1.46753e-19)
(1.51282 0.00297572 -6.91894e-20)
(1.45447 0.0112602 7.27742e-20)
(1.40595 0.024045 7.94475e-20)
(2.08749 -0.00187857 -4.7784e-19)
(2.113 -0.0113195 1.82383e-19)
(2.13356 -0.0122655 -5.35464e-20)
(2.11678 -0.00119249 -3.38739e-19)
(2.05116 0.0204099 1.78244e-20)
(1.94793 0.0467195 3.57359e-19)
(1.82618 0.0731724 -4.64958e-20)
(1.70185 0.0971772 -3.1445e-20)
(1.58313 0.11446 -3.78e-20)
(1.48667 0.138885 -7.1283e-20)
(2.41223 0.00707772 -4.12874e-19)
(2.39257 0.0199678 2.09494e-20)
(2.33529 0.0359382 -2.69606e-19)
(2.23656 0.0575315 -1.35257e-21)
(2.10837 0.0858999 -1.83204e-19)
(1.96746 0.119236 -3.36397e-19)
(1.82624 0.15347 -2.5876e-19)
(1.69153 0.185125 2.70805e-19)
(1.56879 0.208251 3.45142e-19)
(1.46151 0.241454 1.78131e-19)
(2.48699 0.0105302 1.28227e-19)
(2.44645 0.0304221 9.82272e-20)
(2.36213 0.0563789 -1.09704e-19)
(2.2428 0.0917166 -2.41254e-20)
(2.10309 0.135905 -1.298e-19)
(1.95592 0.184478 -2.96059e-20)
(1.80992 0.231724 2.15063e-19)
(1.6696 0.273374 2.39948e-19)
(1.54217 0.303161 -1.1188e-19)
(1.41859 0.343464 -2.73227e-19)
(2.50393 0.0143026 1.04122e-18)
(2.45607 0.0443492 -2.99415e-20)
(2.36321 0.0831404 3.60813e-19)
(2.23687 0.133453 3.90303e-19)
(2.09071 0.193264 4.14414e-20)
(1.93612 0.256886 1.57402e-19)
(1.78077 0.317887 -4.14494e-19)
(1.62888 0.370966 3.42652e-20)
(1.48596 0.411435 1.37566e-19)
(1.34229 0.454265 -9.64134e-21)
(1.17843 -0.530721 7.06962e-20)
(1.1871 -0.575178 -2.48153e-20)
(1.18902 -0.626181 -3.17446e-19)
(1.18656 -0.684267 -2.3173e-19)
(1.1817 -0.747823 6.81885e-19)
(1.17431 -0.817337 1.65744e-19)
(1.1642 -0.893476 -2.96519e-19)
(1.15052 -0.97611 4.74519e-19)
(1.11851 -1.04623 -2.82424e-19)
(0.833152 -0.897302 -6.22573e-19)
(1.06701 -0.520872 -1.02406e-20)
(1.06514 -0.561615 8.6416e-20)
(1.0563 -0.608801 1.9498e-19)
(1.04384 -0.66223 -2.35796e-19)
(1.02932 -0.720761 -5.09679e-19)
(1.01221 -0.78496 8.6998e-20)
(0.991998 -0.855454 9.88871e-20)
(0.967757 -0.932099 -2.43051e-19)
(0.927566 -0.997094 7.26817e-19)
(0.678418 -0.850162 -1.35637e-19)
(0.957012 -0.489104 -4.6679e-20)
(0.94872 -0.526175 0)
(0.932122 -0.569792 4.51238e-20)
(0.911675 -0.618801 1.35204e-19)
(0.888887 -0.67226 -3.1914e-20)
(0.863055 -0.7308 -4.25721e-20)
(0.833569 -0.795052 2.04572e-19)
(0.799524 -0.864918 -3.40567e-20)
(0.75175 -0.924096 -2.84406e-19)
(0.536114 -0.784476 2.50405e-19)
(0.855656 -0.440928 -6.10727e-20)
(0.842257 -0.473954 -1.48266e-20)
(0.819324 -0.513215 -3.05599e-20)
(0.792111 -0.557101 3.53214e-20)
(0.762121 -0.604839 2.22094e-19)
(0.728563 -0.657034 6.68267e-20)
(0.690762 -0.714276 -1.12162e-19)
(0.647864 -0.776495 1.9593e-19)
(0.593277 -0.829149 0)
(0.407979 -0.70166 0)
(0.765541 -0.379067 2.02232e-19)
(0.74784 -0.407466 2.45173e-19)
(0.719591 -0.441599 1.27209e-19)
(0.686688 -0.479637 1.72167e-20)
(0.650577 -0.52094 0)
(0.610387 -0.566046 -7.8156e-20)
(0.565386 -0.615473 -9.63186e-20)
(0.514771 -0.669171 -1.17969e-19)
(0.454293 -0.714602 1.89101e-19)
(0.295722 -0.603478 5.26596e-20)
(0.688702 -0.305703 -2.25604e-19)
(0.667454 -0.329048 1.66827e-20)
(0.634809 -0.357387 3.05624e-19)
(0.597206 -0.388909 0)
(0.556022 -0.423099 0)
(0.510311 -0.460404 0)
(0.459294 -0.501254 -2.87609e-19)
(0.402207 -0.545613 3.07695e-19)
(0.336844 -0.583188 2.24324e-19)
(0.20096 -0.492038 6.60937e-20)
(0.626696 -0.222974 4.74008e-19)
(0.602651 -0.240931 7.45549e-19)
(0.566529 -0.26294 1.39749e-21)
(0.525213 -0.287397 -1.55899e-19)
(0.480017 -0.313901 1.1998e-20)
(0.429934 -0.3428 -2.81084e-19)
(0.374145 -0.374423 1.28574e-19)
(0.311919 -0.408745 4.66162e-19)
(0.242726 -0.437941 -7.63953e-20)
(0.125102 -0.369716 -5.28504e-20)
(0.580741 -0.133046 2.46977e-19)
(0.554643 -0.145375 -4.0908e-22)
(0.515975 -0.160656 -1.1908e-19)
(0.471947 -0.177635 1.18758e-19)
(0.423825 -0.196019 -1.7874e-19)
(0.370556 -0.216047 -4.31714e-19)
(0.311294 -0.237943 3.92504e-20)
(0.245331 -0.261692 2.95736e-19)
(0.173392 -0.28212 -8.89656e-20)
(0.0692783 -0.239087 -2.04808e-20)
(0.551657 -0.0381275 -8.06884e-20)
(0.524261 -0.0446853 1.19145e-20)
(0.483995 -0.0529871 1.12846e-19)
(0.438279 -0.0622261 3.41213e-19)
(0.388342 -0.0722105 5.3774e-21)
(0.333109 -0.0830664 1.39383e-20)
(0.271714 -0.094907 3.30948e-19)
(0.203468 -0.107732 -2.02348e-19)
(0.129884 -0.119148 -7.51285e-20)
(0.0343001 -0.10286 2.27835e-20)
(0.539907 0.0595268 -3.33097e-19)
(0.51196 0.0587855 1.26403e-22)
(0.471056 0.0575654 4.13034e-19)
(0.424687 0.0561735 0)
(0.374068 0.054703 6.41158e-20)
(0.318115 0.0531444 7.46345e-21)
(0.255958 0.051497 1.58925e-19)
(0.186917 0.0497487 2.57424e-20)
(0.112803 0.0474371 1.41079e-19)
(0.0206371 0.036163 7.38436e-20)
(2.51382 -0.0196911 1.00655e-18)
(2.53443 -0.0293017 -2.04531e-19)
(2.56191 -0.0387167 -8.47547e-19)
(2.5972 -0.0483926 9.00104e-19)
(2.64111 -0.058458 -7.21585e-20)
(2.69457 -0.0690289 -3.46219e-18)
(2.75858 -0.0805854 6.5789e-20)
(2.83111 -0.0997893 2.72165e-18)
(2.86089 -0.0830876 1.7563e-18)
(2.26281 -0.135089 1.66225e-18)
(2.46211 -0.0614417 7.55945e-19)
(2.48546 -0.0896452 -9.72566e-19)
(2.51404 -0.116674 -4.0139e-19)
(2.54952 -0.144033 6.30772e-19)
(2.59292 -0.172382 2.023e-18)
(2.64515 -0.202224 -4.328e-19)
(2.70717 -0.234452 -3.57809e-18)
(2.77717 -0.27074 5.95103e-19)
(2.80756 -0.278469 -1.8742e-18)
(2.22297 -0.306519 -6.17486e-19)
(2.36691 -0.111811 6.76471e-19)
(2.39466 -0.155474 1.3692e-18)
(2.42511 -0.19737 -1.13524e-18)
(2.46086 -0.239787 -1.20086e-18)
(2.5032 -0.283852 3.01191e-19)
(2.55308 -0.330307 1.61824e-18)
(2.61135 -0.379994 3.73634e-19)
(2.67654 -0.433434 -1.6826e-18)
(2.70685 -0.464454 -6.07182e-19)
(2.13965 -0.465286 -3.39108e-19)
(2.24002 -0.174067 -6.86541e-20)
(2.27169 -0.228323 -3.25539e-19)
(2.30357 -0.280987 1.03409e-18)
(2.33892 -0.3347 -1.37132e-18)
(2.37927 -0.390887 7.07078e-19)
(2.42556 -0.450413 -5.98751e-19)
(2.47858 -0.514178 -1.05862e-18)
(2.53717 -0.582539 1.90634e-18)
(2.56368 -0.631905 -8.28198e-19)
(2.02026 -0.604363 -7.73026e-19)
(2.09428 -0.244424 1.71071e-19)
(2.12755 -0.304856 2.99814e-19)
(2.15922 -0.364334 1.53412e-19)
(2.1927 -0.425585 -2.07757e-19)
(2.22965 -0.490194 1.81635e-19)
(2.2709 -0.559087 1.6659e-18)
(2.31713 -0.633195 -2.15367e-18)
(2.36732 -0.712843 -2.58543e-18)
(2.38742 -0.775508 6.02697e-19)
(1.87365 -0.720199 4.45258e-19)
(1.93944 -0.315964 -5.08613e-19)
(1.97156 -0.379277 -9.52171e-19)
(2.00087 -0.442435 -1.77157e-18)
(2.03073 -0.508068 -2.5035e-19)
(2.0627 -0.577827 7.02076e-19)
(2.09747 -0.652664 1.25385e-18)
(2.13556 -0.733499 1.29822e-18)
(2.17596 -0.820594 2.71234e-19)
(2.18805 -0.891985 -1.76276e-18)
(1.70837 -0.810859 -1.24123e-18)
(1.78203 -0.382151 -2.29359e-19)
(1.81062 -0.445905 2.03153e-18)
(1.83563 -0.51036 1.34882e-18)
(1.86022 -0.577885 -2.16815e-18)
(1.8858 -0.650102 -1.04852e-18)
(1.91288 -0.727963 5.2527e-19)
(1.94179 -0.812349 2.39789e-19)
(1.97152 -0.903439 -1.18161e-18)
(1.97473 -0.979669 2.18645e-18)
(1.53224 -0.875832 2.35865e-19)
(1.62662 -0.437769 6.64972e-19)
(1.64981 -0.500008 -9.67663e-20)
(1.6689 -0.563981 -2.36916e-19)
(1.6869 -0.631526 6.87707e-19)
(1.70501 -0.704107 1.11646e-18)
(1.72355 -0.782649 -2.29596e-21)
(1.74265 -0.867978 -3.38581e-19)
(1.76127 -0.960184 -3.2878e-19)
(1.75529 -1.03812 5.8235e-20)
(1.35189 -0.91563 1.14742e-18)
(1.47604 -0.478567 -7.51225e-20)
(1.49231 -0.537379 -5.01644e-19)
(1.50431 -0.59985 -6.01744e-21)
(1.51489 -0.666351 5.34771e-19)
(1.52498 -0.737901 -7.47338e-19)
(1.5346 -0.815393 1.3572e-18)
(1.5437 -0.89963 8.10691e-19)
(1.5512 -0.990643 -9.65032e-19)
(1.53615 -1.06784 -4.76405e-19)
(1.17263 -0.931421 3.146e-19)
(1.32928 -0.503097 -4.15679e-19)
(1.33787 -0.556378 -2.94099e-19)
(1.34331 -0.617121 -2.38002e-20)
(1.34679 -0.682131 7.35314e-19)
(1.34915 -0.751544 9.75859e-20)
(1.35012 -0.826442 -9.88528e-19)
(1.34947 -0.907768 5.38881e-19)
(1.34621 -0.995588 3.16262e-19)
(1.32248 -1.07007 -6.38259e-19)
(0.998648 -0.924773 1.4102e-19)
(0.514123 0.0155297 -1.61311e-19)
(1.19731 0.0175939 -8.62439e-22)
(0.961886 0.00863548 -1.43144e-19)
(0.973867 0.011566 3.06736e-20)
(0.965197 0.0105498 -1.19677e-21)
(0.955114 0.00473297 -1.15025e-22)
(0.947631 -0.0120105 1.60532e-20)
(0.950114 -0.0527454 4.58355e-21)
(0.976517 -0.145838 -7.74835e-20)
(1.11071 -0.31398 -3.00573e-19)
(0.515287 0.0183775 1.31463e-19)
(1.19816 0.0195652 2.18296e-19)
(0.964292 0.00992246 -7.66218e-20)
(0.974577 0.0138647 -4.93868e-20)
(0.965786 0.0134102 -1.34664e-20)
(0.954584 0.00865974 4.79988e-21)
(0.943937 -0.00614816 9.07866e-21)
(0.938969 -0.0428809 -4.62816e-20)
(0.948044 -0.129252 -1.91441e-21)
(1.03718 -0.289487 -1.01993e-18)
(0.516286 0.0204007 -1.53087e-19)
(1.19866 0.0213102 -2.16795e-19)
(0.966456 0.0116293 -7.21575e-20)
(0.975219 0.0161294 -1.0497e-19)
(0.966088 0.0163056 7.68355e-21)
(0.953563 0.012543 -1.23451e-20)
(0.939344 -0.000387654 6.73947e-21)
(0.925625 -0.0336768 0)
(0.915156 -0.114175 -5.17669e-20)
(0.95323 -0.268499 -1.10336e-19)
(0.517116 0.0218837 6.31493e-20)
(1.1989 0.0228438 -1.59841e-19)
(0.968433 0.0137096 1.44016e-19)
(0.976039 0.0184776 -2.43049e-21)
(0.966575 0.0193993 5.98681e-20)
(0.952954 0.0168771 -2.61664e-20)
(0.935696 0.00637462 -3.19805e-21)
(0.914433 -0.0223488 1.69209e-20)
(0.887622 -0.0933074 -9.3777e-20)
(0.876698 -0.237546 2.58157e-19)
(0.51781 0.0229187 -9.87078e-20)
(1.19899 0.0241343 3.9545e-20)
(0.970232 0.0160506 -5.53042e-20)
(0.977014 0.0209102 6.5725e-20)
(0.967279 0.0226346 -9.82779e-21)
(0.952781 0.0215169 2.56944e-20)
(0.933044 0.0136619 2.70204e-20)
(0.905526 -0.00990232 9.1318e-21)
(0.865326 -0.0698978 6.57783e-20)
(0.809803 -0.199451 1.94899e-19)
(0.518387 0.0235907 1.32363e-19)
(1.19902 0.0251694 -1.03313e-19)
(0.971866 0.0185587 1.08487e-19)
(0.978117 0.0234219 -4.77631e-20)
(0.968212 0.0259866 -4.98172e-20)
(0.953057 0.0264132 2.06174e-20)
(0.931363 0.0214541 8.03629e-21)
(0.898771 0.00354308 2.54074e-21)
(0.848036 -0.044773 4.48331e-20)
(0.753681 -0.154532 3.80515e-20)
(0.518862 0.0239732 0)
(1.19907 0.0259535 1.42583e-19)
(0.973357 0.0211565 6.73395e-20)
(0.979335 0.0259931 -1.72206e-21)
(0.969382 0.0294286 -5.2068e-20)
(0.953798 0.0315186 -1.52575e-21)
(0.930653 0.0296777 -1.87137e-20)
(0.894063 0.0178405 1.96653e-20)
(0.835486 -0.0180712 7.01942e-21)
(0.709146 -0.103989 -1.58956e-19)
(0.519243 0.0241319 0)
(1.19921 0.0265035 0)
(0.974726 0.023781 -3.90561e-20)
(0.980659 0.0285939 1.08799e-19)
(0.970797 0.0329294 -8.63894e-22)
(0.955019 0.0367829 3.74022e-20)
(0.930917 0.0382488 -3.99145e-20)
(0.89139 0.0328291 -2.00896e-20)
(0.827383 0.0101641 -1.032e-20)
(0.676759 -0.0491137 8.1046e-20)
(0.51953 0.0241285 0)
(1.19948 0.0268449 7.07058e-21)
(0.975997 0.0263813 -7.37128e-20)
(0.982088 0.0311889 1.2896e-21)
(0.972467 0.036454 5.80595e-20)
(0.956737 0.0421548 -3.0711e-20)
(0.932165 0.0470826 -2.65793e-20)
(0.8908 0.0483759 -5.30333e-20)
(0.823463 0.0396159 1.66631e-20)
(0.656781 0.00877007 -8.844e-20)
(0.519722 0.0240263 7.54494e-20)
(1.19991 0.0270088 3.30333e-20)
(0.977186 0.028916 4.07684e-20)
(0.983623 0.0337399 -5.7812e-20)
(0.974401 0.0399648 2.01524e-22)
(0.958969 0.0475826 -1.75173e-20)
(0.93441 0.0560946 1.6719e-20)
(0.89232 0.0643163 2.68052e-20)
(0.82353 0.0698274 -8.5044e-20)
(0.649367 0.0684639 4.90183e-20)
(0.497951 0.0065807 1.36144e-19)
(1.14464 0.00369944 2.12352e-19)
(0.913294 0.00015508 2.99414e-20)
(0.924854 0.000654862 -2.17483e-21)
(0.919308 0.000513968 9.42375e-22)
(0.916187 9.15348e-06 2.30182e-21)
(0.923514 -0.00131483 4.22979e-21)
(0.956347 -0.0043935 -2.29441e-20)
(1.03515 -0.0105921 -9.75482e-21)
(1.25779 -0.0212315 -1.2649e-20)
(0.518045 0.0114793 2.14008e-19)
(1.19919 0.0062346 4.82998e-20)
(0.962027 0.00300184 7.78695e-23)
(0.973424 0.00296004 6.34427e-21)
(0.96738 0.00238237 3.81047e-21)
(0.963588 8.0368e-05 -2.76758e-21)
(0.970199 -0.00598304 1.5085e-20)
(1.00258 -0.0200072 -3.37259e-20)
(1.08223 -0.0490836 -6.23042e-20)
(1.31359 -0.100812 6.82677e-20)
(0.517995 0.0118449 8.63785e-20)
(1.19894 0.009515 7.96918e-20)
(0.962202 0.00465569 4.9854e-20)
(0.974053 0.00496396 -1.46167e-21)
(0.967603 0.00408901 0)
(0.962891 0.000454171 0)
(0.967537 -0.00926734 0)
(0.996036 -0.0319495 0)
(1.06952 -0.0797826 6.31443e-21)
(1.29251 -0.167077 1.18744e-20)
(0.517838 0.0126087 3.34817e-21)
(1.19802 0.0123212 -3.49621e-20)
(0.961577 0.00629844 1.04949e-20)
(0.973985 0.0070905 0)
(0.966929 0.00600972 0)
(0.960878 0.00121047 0)
(0.962641 -0.0118729 0)
(0.985333 -0.042758 0)
(1.0495 -0.109247 0)
(1.25773 -0.232368 1.52222e-19)
(0.517646 0.0135103 -4.30003e-21)
(1.19711 0.0151779 3.31176e-20)
(0.960748 0.00762928 0)
(0.973678 0.00934392 2.76038e-20)
(0.965707 0.00820589 0)
(0.95798 0.00253788 0)
(0.956403 -0.0131505 -3.14441e-20)
(0.97259 -0.05044 8.62322e-20)
(1.02768 -0.132733 0)
(1.21782 -0.28267 8.87055e-19)
(1.42146 -0.0239541 -7.37409e-20)
(1.47013 -0.0146048 3.43954e-20)
(1.53781 -0.00531259 3.68102e-19)
(1.58823 0.00520668 4.53887e-19)
(1.60232 0.0174404 1.93232e-20)
(1.56369 0.0303471 -5.26818e-19)
(1.46256 0.0407106 -4.62812e-20)
(1.31212 0.0421667 -1.06975e-19)
(1.15532 0.0309536 -4.25113e-19)
(1.04991 0.0122395 1.55602e-19)
(1.48949 -0.135581 -1.65962e-19)
(1.5717 -0.12235 -1.70662e-19)
(1.68796 -0.102716 -1.67837e-19)
(1.81174 -0.0790062 -4.58203e-19)
(1.93193 -0.051306 -1.16331e-20)
(2.0364 -0.021495 4.34277e-19)
(2.10664 0.00550363 3.59176e-19)
(2.12827 0.0213412 1.01106e-18)
(2.11023 0.0216897 -1.79535e-18)
(2.08644 0.0112568 -2.12069e-19)
(1.46735 -0.233665 -1.62061e-19)
(1.55834 -0.216337 -4.44806e-19)
(1.68155 -0.188715 8.4633e-20)
(1.81519 -0.156352 2.90412e-19)
(1.95352 -0.120241 -1.27663e-19)
(2.09129 -0.0835243 -1.36617e-19)
(2.21771 -0.0512703 -1.84411e-19)
(2.31731 -0.027949 4.70032e-19)
(2.37898 -0.0137845 -4.05798e-20)
(2.40703 -0.00369684 -2.03216e-19)
(1.42856 -0.334328 -1.14214e-19)
(1.53367 -0.310933 2.53375e-19)
(1.66492 -0.274484 1.16265e-19)
(1.80409 -0.23194 -1.16677e-19)
(1.94777 -0.183876 4.05624e-20)
(2.09215 -0.133564 1.87341e-19)
(2.22994 -0.0867932 -1.63512e-20)
(2.34941 -0.0496844 -1.91757e-19)
(2.43669 -0.0244773 2.68942e-19)
(2.48323 -0.00656812 -3.92162e-19)
(1.36229 -0.436872 -2.49672e-19)
(1.47883 -0.415287 -1.80833e-19)
(1.6182 -0.37305 1.38632e-19)
(1.76636 -0.319195 -6.26102e-19)
(1.91929 -0.257177 3.91826e-19)
(2.07243 -0.191668 -3.57492e-19)
(2.21914 -0.129299 6.80365e-19)
(2.34886 -0.0773344 -3.93111e-19)
(2.44716 -0.039507 4.27272e-19)
(2.50098 -0.0116679 -6.61038e-19)
)
;

boundaryField
{
    left
    {
        type            fixedValue;
        value           uniform (1 0 0);
    }
    right
    {
        type            zeroGradient;
    }
    down
    {
        type            noSlip;
    }
    up
    {
        type            noSlip;
    }
    cylinder
    {
        type            noSlip;
    }
    defaultFaces
    {
        type            empty;
    }
}


// ************************************************************************* //
