/*--------------------------------*- C++ -*----------------------------------*\
  =========                 |
  \\      /  F ield         | OpenFOAM: The Open Source CFD Toolbox
   \\    /   O peration     | Website:  https://openfoam.org
    \\  /    A nd           | Version:  13
     \\/     M anipulation  |
\*---------------------------------------------------------------------------*/
FoamFile
{
    format      ascii;
    class       volVectorField;
    location    "0.2975";
    object      U;
}
// * * * * * * * * * * * * * * * * * * * * * * * * * * * * * * * * * * * * * //

dimensions      [0 1 -1 0 0 0 0];

internalField   nonuniform List<vector> 
1800
(
(0.177146 -0.162999 1.31789e-19)
(0.662107 -0.56524 6.02177e-20)
(1.0592 -0.856399 -4.58827e-19)
(1.29754 -1.00273 4.96816e-19)
(1.41253 -1.04229 1.22036e-18)
(1.45671 -1.02314 5.28628e-19)
(1.46711 -0.978277 -2.7535e-19)
(1.46317 -0.925275 -7.02233e-19)
(1.45434 -0.869102 -3.68765e-19)
(1.42455 -0.820759 -3.00849e-19)
(0.219748 -0.172321 4.07469e-20)
(0.779256 -0.566853 -4.79291e-19)
(1.21929 -0.84203 4.96744e-21)
(1.47245 -0.975104 -4.24426e-19)
(1.58653 -1.00666 1.07731e-19)
(1.62361 -0.983858 1.21727e-18)
(1.62581 -0.937763 -8.87462e-19)
(1.61485 -0.88431 4.51417e-19)
(1.60009 -0.829443 7.42774e-19)
(1.57666 -0.786498 -3.79934e-19)
(0.267684 -0.177755 2.2776e-20)
(0.901881 -0.554534 1.41127e-19)
(1.38024 -0.806796 3.62627e-19)
(1.64348 -0.923658 -2.86918e-19)
(1.75326 -0.947133 -1.44518e-18)
(1.78103 -0.922306 3.27856e-19)
(1.77321 -0.877764 5.82736e-19)
(1.75274 -0.827918 -6.64111e-20)
(1.7291 -0.77818 -4.92446e-21)
(1.69721 -0.738083 -2.96487e-20)
(0.32049 -0.178057 -2.78784e-20)
(1.02758 -0.526639 -1.59379e-19)
(1.53847 -0.749677 -2.82991e-19)
(1.80701 -0.847975 6.16718e-20)
(1.91013 -0.863287 3.80178e-19)
(1.92826 -0.837127 3.28017e-20)
(1.91132 -0.79464 -2.36563e-20)
(1.88305 -0.748027 5.36356e-19)
(1.85269 -0.701864 4.4663e-19)
(1.81768 -0.665883 -1.52422e-19)
(0.377363 -0.172204 1.20536e-19)
(1.15336 -0.482656 2.21135e-19)
(1.6895 -0.671718 -7.29002e-20)
(1.95786 -0.75062 -8.37469e-20)
(2.05155 -0.759005 -1.14151e-18)
(2.05917 -0.73355 1.00444e-20)
(2.0332 -0.695423 9.17859e-19)
(1.99751 -0.65458 3.08007e-19)
(1.96086 -0.614922 1.76829e-20)
(1.92183 -0.583903 -2.00056e-19)
(0.436871 -0.158975 -7.16191e-20)
(1.27538 -0.421693 4.19834e-19)
(1.82868 -0.573191 1.0923e-18)
(2.09179 -0.632652 -7.96569e-19)
(2.17414 -0.63541 -8.30513e-19)
(2.17134 -0.612041 1.40573e-18)
(2.13724 -0.579294 -1.01016e-18)
(2.09522 -0.544818 -1.13216e-18)
(2.0534 -0.511694 8.08651e-19)
(2.01137 -0.486236 -2.46322e-20)
(0.497281 -0.137594 1.66194e-19)
(1.38978 -0.34422 -8.01951e-19)
(1.95172 -0.456362 -2.95033e-18)
(2.20487 -0.497614 1.3143e-18)
(2.27451 -0.496793 2.10492e-18)
(2.26175 -0.477388 -6.1157e-21)
(2.22067 -0.451559 -2.74238e-18)
(2.17358 -0.424744 5.82981e-21)
(2.1278 -0.399287 2.46511e-18)
(2.0834 -0.380001 6.45683e-19)
(0.556288 -0.107501 -5.07391e-20)
(1.49216 -0.251046 5.47678e-19)
(2.05426 -0.323499 2.29645e-18)
(2.29365 -0.348496 -5.45981e-20)
(2.35007 -0.346182 -1.35855e-18)
(2.32833 -0.332252 -4.26531e-19)
(2.28162 -0.314323 0)
(2.23075 -0.295839 9.63551e-19)
(2.18214 -0.278471 -1.71317e-22)
(2.13619 -0.265845 -7.88727e-19)
(0.61139 -0.0687381 -3.47224e-21)
(1.57854 -0.144128 1.25385e-18)
(2.13294 -0.178062 2.03812e-18)
(2.35576 -0.189412 -1.93951e-18)
(2.39922 -0.187779 -1.40291e-18)
(2.36991 -0.180694 4.30871e-19)
(2.31913 -0.171484 -1.80922e-18)
(2.26591 -0.161852 -1.25745e-18)
(2.21573 -0.152883 1.46892e-18)
(2.16904 -0.147091 1.24763e-18)
(0.659987 -0.0219102 1.62891e-19)
(1.6453 -0.0260736 8.34711e-19)
(2.18498 -0.0237515 3.80604e-19)
(2.38952 -0.0243519 -2.80526e-18)
(2.42094 -0.0253937 2.31301e-20)
(2.38571 -0.0261802 4.10455e-18)
(2.33246 -0.0261775 -2.19389e-18)
(2.27824 -0.0256473 -1.20396e-18)
(2.22766 -0.0251368 4.0665e-19)
(2.18113 -0.0261197 -9.12286e-19)
(0.00028706 -0.0264619 1.09026e-19)
(0.0182224 -0.106027 9.22806e-20)
(0.0644885 -0.172361 -1.88964e-21)
(0.123235 -0.212219 -7.29304e-21)
(0.18636 -0.229665 -2.26174e-21)
(0.24876 -0.233173 -6.02763e-20)
(0.307675 -0.22952 5.93131e-21)
(0.362044 -0.222795 -4.91506e-21)
(0.411685 -0.215128 2.51622e-21)
(0.457065 -0.208673 -6.39663e-21)
(0.00382231 -0.0379975 5.07893e-20)
(0.0347874 -0.168236 9.86818e-20)
(0.0923357 -0.278777 -1.13107e-19)
(0.157829 -0.344758 -4.83956e-20)
(0.223654 -0.372315 -6.77333e-20)
(0.286287 -0.375867 -9.47514e-20)
(0.344208 -0.367144 4.93192e-20)
(0.397073 -0.35326 2.63103e-21)
(0.444966 -0.337969 -1.52844e-20)
(0.489362 -0.326013 -3.7165e-21)
(0.00937791 -0.0500533 -2.06872e-20)
(0.0617187 -0.229351 2.22071e-19)
(0.137878 -0.381858 7.50457e-20)
(0.2145 -0.472199 2.7914e-19)
(0.284788 -0.50885 5.18934e-20)
(0.347799 -0.512019 -3.18594e-19)
(0.404069 -0.498171 -1.43209e-20)
(0.454444 -0.477276 1.08747e-19)
(0.499462 -0.45466 -5.82252e-20)
(0.542325 -0.437361 -1.5361e-20)
(0.0172399 -0.0627343 -1.06968e-19)
(0.0992234 -0.288586 -4.31135e-20)
(0.200938 -0.479735 2.94406e-20)
(0.292677 -0.591874 -1.23732e-19)
(0.36892 -0.636183 5.22653e-20)
(0.432301 -0.6384 1.96206e-19)
(0.486196 -0.619386 6.4415e-20)
(0.533089 -0.591727 -2.63204e-20)
(0.574154 -0.562227 1.94921e-20)
(0.614941 -0.539787 -2.73712e-21)
(0.0278035 -0.0761581 0)
(0.147541 -0.345163 8.25872e-20)
(0.281185 -0.570553 3.0484e-19)
(0.391453 -0.701163 -2.69536e-19)
(0.474764 -0.751304 -5.60389e-19)
(0.538312 -0.751893 2.03544e-19)
(0.589048 -0.727731 -3.37724e-20)
(0.63149 -0.693679 -9.25737e-20)
(0.667627 -0.657889 0)
(0.705802 -0.63053 -8.95598e-21)
(0.0415834 -0.0904065 2.41701e-20)
(0.206924 -0.398243 1.676e-19)
(0.378075 -0.652444 6.39746e-20)
(0.509506 -0.797512 2.22491e-19)
(0.600492 -0.85135 -1.77123e-19)
(0.663765 -0.8496 -2.92878e-19)
(0.710503 -0.820416 5.21498e-19)
(0.747585 -0.780517 5.03009e-20)
(0.777979 -0.739181 -3.23027e-19)
(0.81295 -0.707086 -6.96481e-21)
(0.0591975 -0.105454 1.3698e-20)
(0.277552 -0.446845 1.49052e-19)
(0.490737 -0.723501 1.08107e-19)
(0.64499 -0.878499 2.35528e-20)
(0.743643 -0.933751 3.02417e-19)
(0.80592 -0.929047 -3.95985e-19)
(0.847777 -0.895198 -4.02389e-19)
(0.878664 -0.850281 -3.50379e-19)
(0.902702 -0.804327 2.56079e-19)
(0.933539 -0.76757 2.80866e-19)
(0.0812627 -0.121037 -1.20677e-19)
(0.359282 -0.489713 -2.11694e-20)
(0.61765 -0.781735 2.59125e-19)
(0.795209 -0.941867 -1.62638e-19)
(0.900825 -0.996315 3.14428e-19)
(0.961105 -0.988329 7.73524e-19)
(0.997177 -0.950587 5.51774e-19)
(1.02112 -0.901984 -4.24343e-19)
(1.03836 -0.852674 -2.04862e-19)
(1.0631 -0.811314 2.93217e-19)
(0.108164 -0.136486 -2.40565e-19)
(0.451301 -0.525138 -5.43023e-19)
(0.756306 -0.824911 7.01544e-19)
(0.956267 -0.985281 7.24228e-19)
(1.06726 -1.03681 -7.10013e-19)
(1.12405 -1.0254 8.09229e-19)
(1.15317 -0.984809 1.23934e-19)
(1.16925 -0.934195 -9.99941e-19)
(1.17917 -0.882893 -2.43625e-19)
(1.1938 -0.837194 3.22504e-19)
(0.140039 -0.150797 2.89779e-20)
(0.55247 -0.550965 -5.04622e-19)
(0.904054 -0.850485 -4.26381e-19)
(1.12438 -1.00618 7.20145e-19)
(1.23838 -1.05265 5.85277e-19)
(1.28954 -1.03753 -7.22318e-19)
(1.3098 -0.994702 -6.0697e-19)
(1.3163 -0.942976 3.63276e-19)
(1.31745 -0.889786 -3.73197e-19)
(1.31526 -0.840646 -2.30894e-19)
(0.622161 -0.169288 1.94388e-20)
(0.802198 -0.128732 -3.55715e-20)
(0.888657 -0.100769 1.0016e-20)
(0.93857 -0.0788855 6.07709e-21)
(0.967832 -0.0611439 -2.70273e-21)
(0.985142 -0.0465876 3.95904e-22)
(0.995743 -0.0346153 -1.40005e-21)
(1.00238 -0.0246114 -3.14336e-21)
(1.00637 -0.0166784 5.21174e-21)
(1.00907 -0.00685259 2.99282e-21)
(0.639852 -0.242293 8.50832e-20)
(0.813673 -0.167231 2.24586e-21)
(0.896801 -0.121683 4.02247e-21)
(0.944778 -0.0905193 -7.98801e-22)
(0.972746 -0.0678927 -1.67555e-21)
(0.989103 -0.0506177 0)
(0.998965 -0.0370659 -1.51578e-21)
(1.00504 -0.026101 3.32444e-21)
(1.00865 -0.0175778 4.9276e-22)
(1.01101 -0.00720082 -3.19754e-21)
(0.668234 -0.312781 -5.15648e-20)
(0.830218 -0.204889 -2.79599e-20)
(0.90764 -0.142333 1.01356e-20)
(0.952399 -0.102036 -8.55208e-21)
(0.978421 -0.074541 -3.89368e-21)
(0.993504 -0.0545506 6.09852e-21)
(1.00245 -0.039426 0)
(1.00787 -0.0275134 0)
(1.01104 -0.0184152 -6.39268e-22)
(1.01305 -0.0075203 0)
(0.707364 -0.379336 -2.92566e-20)
(0.851631 -0.241182 5.05272e-20)
(0.921108 -0.162471 7.91844e-21)
(0.961421 -0.113317 0)
(0.984855 -0.0810204 8.33911e-21)
(0.998338 -0.0583451 -3.97688e-22)
(1.0062 -0.0416698 0)
(1.01086 -0.0288322 1.14666e-23)
(1.01354 -0.0191802 0)
(1.01515 -0.00780692 7.66991e-23)
(0.757245 -0.440546 -3.00041e-20)
(0.877664 -0.275663 7.70805e-20)
(0.937113 -0.181864 -4.40589e-21)
(0.971819 -0.124247 0)
(0.992038 -0.0872665 1.6894e-22)
(1.00359 -0.0619612 2.74912e-22)
(1.01019 -0.043772 6.12801e-21)
(1.014 -0.0300411 1.21957e-21)
(1.01613 -0.0198623 -1.35495e-21)
(1.01732 -0.00805652 2.82453e-21)
(0.817564 -0.4949 -6.17416e-19)
(0.907966 -0.307943 -1.43112e-19)
(0.955526 -0.200341 1.83776e-21)
(0.983551 -0.134729 1.80906e-20)
(0.999955 -0.0932223 2.68967e-22)
(1.00926 -0.065362 1.53807e-21)
(1.01442 -0.0457077 -2.7273e-21)
(1.01727 -0.0311234 -1.92966e-21)
(1.01879 -0.0204512 -2.40214e-22)
(1.01955 -0.00826496 1.28687e-21)
(0.887431 -0.540775 -7.83802e-21)
(0.941755 -0.337357 5.69851e-20)
(0.976035 -0.217696 3.79083e-21)
(0.996524 -0.144668 -4.80649e-22)
(1.00857 -0.0988365 -1.32442e-20)
(1.01531 -0.0685145 5.28297e-21)
(1.01886 -0.0474544 -4.0177e-22)
(1.02065 -0.0320635 -4.62576e-21)
(1.02152 -0.0209365 5.22206e-23)
(1.0218 -0.00842823 -1.9985e-21)
(0.966177 -0.577846 2.59922e-19)
(0.977779 -0.363468 6.67452e-20)
(0.997761 -0.233687 0)
(1.01038 -0.153907 -1.99418e-21)
(1.01774 -0.104025 1.03449e-20)
(1.02168 -0.0713745 1.5569e-21)
(1.02348 -0.0489875 -5.45574e-21)
(1.02413 -0.0328465 1.54955e-21)
(1.02429 -0.0213094 1.1023e-23)
(1.02408 -0.00854335 2.14786e-22)
(1.05535 -0.608525 -3.83114e-19)
(1.01706 -0.388066 -1.78977e-19)
(1.02005 -0.249509 3.77094e-20)
(1.02446 -0.162963 8.88174e-22)
(1.02709 -0.108965 -2.04762e-21)
(1.02818 -0.0739868 -5.79801e-21)
(1.02818 -0.0503099 5.38613e-22)
(1.02765 -0.0334651 5.77429e-22)
(1.02708 -0.0215625 -3.50973e-21)
(1.02637 -0.00861027 -3.81719e-21)
(1.15547 -0.630848 2.65849e-19)
(1.06582 -0.409295 -1.75729e-19)
(1.04542 -0.265539 -2.72831e-20)
(1.03937 -0.172701 -2.45959e-20)
(1.03662 -0.114284 -1.21265e-20)
(1.03472 -0.0766927 -5.77914e-21)
(1.0329 -0.0515771 -3.66828e-21)
(1.03118 -0.0339772 0)
(1.02985 -0.0217146 1.09375e-21)
(1.02865 -0.00862038 1.23172e-21)
(1.30726 -0.614373 4.22477e-19)
(1.16106 -0.408765 1.1801e-19)
(1.0994 -0.267143 -7.89138e-20)
(1.07042 -0.174366 4.27873e-21)
(1.05492 -0.115227 5.5314e-21)
(1.04603 -0.07698 -1.38617e-21)
(1.04026 -0.0514705 3.24078e-21)
(1.03624 -0.0337073 2.96278e-21)
(1.03358 -0.0214213 -2.6771e-21)
(1.03157 -0.00848373 6.40516e-22)
(1.35921 -0.508667 -6.45199e-21)
(1.19672 -0.350698 1.19585e-19)
(1.12836 -0.237956 9.12454e-20)
(1.09291 -0.160219 -1.06956e-20)
(1.07095 -0.107791 4.06619e-20)
(1.0571 -0.0726262 2.56071e-20)
(1.04797 -0.0487212 1.79205e-20)
(1.04175 -0.031938 -1.6612e-21)
(1.03776 -0.0203011 6.25697e-21)
(1.03488 -0.00803043 3.83736e-21)
(1.41428 -0.435776 -1.25433e-19)
(1.24684 -0.312723 -9.74014e-21)
(1.16334 -0.216383 4.0414e-21)
(1.11665 -0.147551 -6.79241e-38)
(1.08693 -0.0999646 1.74773e-21)
(1.06789 -0.0675495 -7.10491e-35)
(1.0554 -0.0453409 -3.71181e-21)
(1.04702 -0.0297042 -2.45991e-34)
(1.04173 -0.0188667 1.00658e-21)
(1.03798 -0.00745796 -2.96107e-21)
(1.44821 -0.358889 -1.91977e-34)
(1.28264 -0.266761 -3.09013e-20)
(1.19131 -0.18895 -3.20591e-20)
(1.1369 -0.131077 0)
(1.10111 -0.0897097 -1.76833e-20)
(1.07767 -0.0609149 -1.18943e-20)
(1.06219 -0.0409611 -6.01524e-21)
(1.05186 -0.0268406 -3.37956e-34)
(1.04537 -0.0170464 -1.65024e-21)
(1.04081 -0.00673813 2.87038e-21)
(1.46975 -0.289114 -7.27569e-20)
(1.3101 -0.221918 3.86053e-21)
(1.21419 -0.160187 0)
(1.154 -0.112623 0)
(1.11336 -0.07774 0)
(1.08625 -0.053027 0)
(1.06821 -0.0357277 -8.15861e-22)
(1.05616 -0.0234235 -3.79445e-34)
(1.04861 -0.0148803 9.34239e-22)
(1.04331 -0.00588356 3.48855e-34)
(1.48289 -0.224904 -2.47293e-20)
(1.33049 -0.177329 0)
(1.23227 -0.130132 0)
(1.16793 -0.0925463 0)
(1.12356 -0.0643653 0)
(1.09349 -0.0440903 0)
(1.07332 -0.0297666 1.45984e-21)
(1.05983 -0.0195285 4.34136e-21)
(1.05138 -0.0124111 9.00509e-22)
(1.04544 -0.00490903 3.48222e-21)
(1.49045 -0.165735 0)
(1.34499 -0.133543 -9.43841e-21)
(1.24587 -0.0993216 -1.37012e-20)
(1.1787 -0.0712976 0)
(1.13158 -0.0499039 -8.7174e-21)
(1.09925 -0.0343129 -6.12629e-21)
(1.07742 -0.0232097 -2.74476e-21)
(1.06277 -0.0152376 -2.61458e-21)
(1.05359 -0.00968723 3.83988e-21)
(1.04713 -0.00383268 2.0973e-21)
(1.4933 -0.110566 6.71005e-21)
(1.35325 -0.090625 5.41428e-21)
(1.25416 -0.06795 -2.71009e-21)
(1.18538 -0.0490924 3.64693e-36)
(1.13653 -0.0345237 -2.17746e-22)
(1.10271 -0.0238058 -4.9989e-35)
(1.07973 -0.016126 1.27232e-21)
(1.06429 -0.0105914 4.51556e-21)
(1.0546 -0.00672675 7.78839e-22)
(1.04777 -0.00265416 -2.53284e-21)
(1.47205 -0.0552735 -3.21344e-20)
(1.33567 -0.0500507 9.17952e-21)
(1.23916 -0.0386979 1.05569e-20)
(1.17153 -0.0283301 0)
(1.12319 -0.0200551 6.21561e-21)
(1.08953 -0.013874 4.35329e-21)
(1.06659 -0.00941246 4.12683e-21)
(1.05115 -0.00618522 1.89386e-21)
(1.04146 -0.00392271 -1.44497e-21)
(1.03464 -0.00154082 2.87873e-21)
(1.13568 -0.00393776 0)
(1.04688 -0.00722551 0)
(0.978163 -0.00634984 0)
(0.927981 -0.00482629 0)
(0.89148 -0.00345789 0)
(0.86588 -0.00240929 0)
(0.84835 -0.00164095 1.13975e-21)
(0.836529 -0.00108361 -5.93307e-36)
(0.829081 -0.000669963 7.99714e-22)
(0.823903 -0.000249749 2.40447e-21)
(2.09881 -0.0253004 8.44596e-19)
(2.0891 -0.1295 5.77324e-20)
(2.06212 -0.231479 -1.20006e-19)
(2.01784 -0.32937 -3.34661e-19)
(1.95881 -0.42055 -1.10483e-19)
(1.88225 -0.506269 -1.68305e-19)
(1.80158 -0.57508 -4.16555e-19)
(1.69121 -0.649579 1.28085e-19)
(1.61174 -0.675282 0)
(1.45915 -0.754593 4.36697e-20)
(2.01367 -0.0186802 2.2664e-19)
(2.00604 -0.0968974 -3.20284e-19)
(1.98591 -0.173917 -1.70903e-20)
(1.95108 -0.249402 -1.32408e-19)
(1.90844 -0.318578 3.31568e-20)
(1.84635 -0.390673 1.27363e-19)
(1.79111 -0.438824 -9.66477e-21)
(1.70086 -0.514625 8.06917e-20)
(1.64495 -0.524279 -1.01401e-19)
(1.53675 -0.609345 2.55757e-20)
(1.94153 -0.0139577 -1.11221e-19)
(1.93569 -0.0759315 2.17451e-19)
(1.9203 -0.13661 1.79006e-19)
(1.89225 -0.196786 -2.28782e-19)
(1.85941 -0.250491 7.33711e-20)
(1.80925 -0.310437 1.55718e-19)
(1.76599 -0.345678 -4.37616e-20)
(1.69615 -0.41276 5.5636e-20)
(1.64733 -0.419177 6.08986e-20)
(1.56798 -0.493404 8.02869e-20)
(1.88582 -0.012885 -2.15662e-19)
(1.88121 -0.0605363 1.98256e-20)
(1.86851 -0.107187 -7.16795e-20)
(1.8453 -0.154177 -5.18731e-20)
(1.81784 -0.195787 -1.94592e-20)
(1.77713 -0.244049 -9.59658e-20)
(1.73971 -0.271577 9.62599e-20)
(1.68536 -0.326708 2.23988e-20)
(1.64122 -0.333141 -7.29226e-21)
(1.58104 -0.393543 9.50506e-21)
(1.84236 -0.0110747 4.60051e-20)
(1.83858 -0.0474457 6.76612e-20)
(1.82765 -0.0830161 -4.87556e-20)
(1.8081 -0.119048 2.03904e-19)
(1.78401 -0.150984 5.81117e-22)
(1.75032 -0.188335 -1.42737e-19)
(1.71671 -0.210151 2.14651e-20)
(1.67301 -0.252919 -8.03186e-20)
(1.63322 -0.259592 9.21658e-20)
(1.58531 -0.306187 6.57188e-20)
(1.80932 -0.0105158 -1.14545e-19)
(1.80625 -0.0372575 -5.66533e-20)
(1.79653 -0.0634058 2.15961e-20)
(1.77957 -0.0899814 7.96116e-20)
(1.75772 -0.113763 8.01813e-20)
(1.72884 -0.141479 -4.11424e-20)
(1.69798 -0.158463 3.30069e-21)
(1.66108 -0.190252 3.25075e-20)
(1.62472 -0.196742 6.69418e-20)
(1.58426 -0.231489 -4.54882e-20)
(1.78497 -0.0103569 -4.19136e-20)
(1.78253 -0.0288036 -8.38446e-20)
(1.77376 -0.0467946 -7.09727e-20)
(1.75864 -0.065128 -1.27797e-19)
(1.7384 -0.0817497 6.28798e-22)
(1.71267 -0.101121 7.88534e-21)
(1.68376 -0.113593 3.35469e-20)
(1.65098 -0.13611 -2.04011e-21)
(1.61719 -0.141781 -3.34221e-20)
(1.58103 -0.166732 2.83762e-21)
(1.76337 -0.0100571 4.06672e-20)
(1.76203 -0.0210395 2.73702e-20)
(1.75468 -0.0317118 1.22408e-20)
(1.74159 -0.0425527 -2.23387e-20)
(1.72326 -0.0524415 -1.85225e-20)
(1.70024 -0.064316 1.39381e-20)
(1.67326 -0.0721618 -8.07776e-21)
(1.64321 -0.0869685 -2.07714e-20)
(1.61133 -0.09097 3.39372e-21)
(1.57772 -0.108724 3.66446e-20)
(1.69185 -0.0138711 -3.8088e-20)
(1.69126 -0.0172045 -2.01101e-21)
(1.68712 -0.0201417 5.99713e-20)
(1.67923 -0.0231172 -4.10561e-21)
(1.6672 -0.0255049 -8.86356e-21)
(1.65176 -0.0294223 7.08502e-21)
(1.63192 -0.030976 5.81861e-21)
(1.61045 -0.0377543 -1.49911e-20)
(1.58327 -0.0382756 2.11632e-20)
(1.55994 -0.0482481 7.56763e-20)
(1.18099 -0.00768802 3.59744e-20)
(1.17276 -0.00564389 2.59509e-20)
(1.16659 -0.00357099 2.28427e-20)
(1.16275 -0.00160899 3.06198e-20)
(1.16056 0.000271035 -9.80524e-21)
(1.1608 0.00173278 -8.12203e-21)
(1.15995 0.00351962 -2.03571e-21)
(1.16421 0.00332646 2.193e-21)
(1.15861 0.00565318 -3.58498e-21)
(1.17024 0.00218431 3.99142e-21)
(1.36927 0.746407 -5.3641e-20)
(1.35812 0.793489 2.50105e-20)
(1.36349 0.847211 -4.38315e-19)
(1.37391 0.907819 2.18969e-19)
(1.38419 0.972718 8.27478e-19)
(1.38986 1.03889 -1.39439e-19)
(1.37644 1.09447 -8.3231e-19)
(1.29929 1.09602 -4.21146e-20)
(1.06075 0.93836 -4.63058e-19)
(0.508675 0.468514 1.22305e-19)
(1.52493 0.716677 0)
(1.52056 0.763714 5.34917e-19)
(1.52341 0.815234 1.20054e-18)
(1.53263 0.874231 -7.2124e-19)
(1.54548 0.93871 -1.734e-18)
(1.55616 1.00513 -1.40209e-19)
(1.54653 1.06087 -1.79847e-19)
(1.46401 1.06235 6.61567e-19)
(1.19571 0.906642 9.85618e-19)
(0.57128 0.449132 4.24924e-19)
(1.662 0.687167 6.44577e-20)
(1.66902 0.732995 0)
(1.67686 0.781447 -6.70809e-20)
(1.68919 0.835928 7.34588e-19)
(1.70578 0.895899 5.31649e-20)
(1.72091 0.958404 -1.83875e-18)
(1.71388 1.01075 1.18573e-18)
(1.62454 1.01013 7.8192e-19)
(1.32534 0.858012 -8.95045e-19)
(0.629801 0.420651 -2.88754e-19)
(1.77713 0.648227 -1.12951e-19)
(1.79476 0.690602 -9.22492e-20)
(1.81161 0.734867 2.20012e-19)
(1.83143 0.784087 -2.76424e-19)
(1.85468 0.838483 -1.33835e-18)
(1.87567 0.895506 -1.0375e-18)
(1.87128 0.942532 1.1658e-18)
(1.77413 0.93834 7.81295e-19)
(1.44314 0.79125 0)
(0.679825 0.381884 0)
(1.87501 0.592238 -7.76372e-19)
(1.90142 0.630002 -1.34199e-18)
(1.92769 0.669548 -5.38014e-19)
(1.95648 0.713342 -3.49914e-20)
(1.9879 0.76179 0)
(2.0156 0.812501 1.46341e-19)
(2.0136 0.853066 1.73697e-19)
(1.90724 0.844607 2.22126e-19)
(1.54354 0.705225 -3.37279e-19)
(0.717506 0.333061 -8.53214e-20)
(1.96084 0.517317 9.2923e-19)
(1.99392 0.550168 -4.4994e-20)
(2.02818 0.584783 -1.11061e-18)
(2.06525 0.622952 0)
(2.10451 0.665008 0)
(2.13836 0.708674 0)
(2.13742 0.741984 1.48939e-18)
(2.01986 0.729278 -1.83223e-18)
(1.62233 0.601715 -1.2759e-18)
(0.740904 0.276804 6.04516e-21)
(2.03577 0.426347 -1.25968e-18)
(2.07368 0.453965 -2.6491e-18)
(2.1141 0.483102 -4.63565e-21)
(2.15786 0.515043 5.4272e-19)
(2.20355 0.550006 -4.26005e-20)
(2.24195 0.585748 1.2634e-18)
(2.23997 0.611365 -7.3744e-19)
(2.10857 0.595786 -2.30688e-18)
(1.67653 0.48465 1.75947e-19)
(0.750303 0.21593 1.31112e-19)
(2.09769 0.323404 -1.02709e-18)
(2.13914 0.345074 1.77325e-20)
(2.18413 0.367837 4.03157e-19)
(2.23288 0.392691 -3.93386e-19)
(2.28319 0.419793 6.15935e-19)
(2.32417 0.44692 1.79903e-18)
(2.31858 0.464319 -2.33882e-19)
(2.1705 0.449336 -1.33645e-18)
(1.70572 0.35968 3.46547e-19)
(0.746154 0.152971 6.46427e-20)
(2.14366 0.211814 3.90031e-19)
(2.18777 0.226924 8.80574e-20)
(2.236 0.24249 -4.33047e-19)
(2.28815 0.259476 -1.00506e-18)
(2.34131 0.277827 9.96746e-20)
(2.3826 0.29592 1.04957e-19)
(2.37056 0.306771 -1.69709e-18)
(2.20388 0.294538 7.63038e-19)
(1.7101 0.22994 2.54328e-19)
(0.728969 0.0907713 -1.96538e-19)
(2.17199 0.0942226 7.79361e-19)
(2.21777 0.102011 -1.18972e-18)
(2.2678 0.109881 1.93338e-19)
(2.32176 0.118437 2.52184e-18)
(2.37589 0.127785 1.33133e-18)
(2.41518 0.13709 -3.0789e-18)
(2.39439 0.142475 -3.31926e-18)
(2.20879 0.135304 1.76318e-18)
(1.68974 0.0998724 8.877e-22)
(0.699796 0.0318049 2.89519e-20)
(0.519863 0.200716 -1.90971e-19)
(0.484778 0.207597 -1.71587e-19)
(0.442081 0.215088 1.01237e-19)
(0.393822 0.223178 -3.35291e-19)
(0.340822 0.231878 -4.50861e-20)
(0.282458 0.241006 2.81248e-19)
(0.217587 0.24887 7.79601e-20)
(0.146068 0.247986 -4.77932e-20)
(0.0742075 0.21713 -6.28082e-21)
(0.0130291 0.115926 2.38484e-20)
(0.546973 0.300891 1.54358e-19)
(0.512678 0.314413 2.204e-19)
(0.471315 0.329399 3.5268e-20)
(0.424643 0.345656 -9.39431e-20)
(0.373366 0.3631 -3.14646e-19)
(0.316824 0.381403 1.67881e-20)
(0.253558 0.397651 1.81342e-19)
(0.182214 0.399019 2.59695e-21)
(0.106118 0.349871 -5.00943e-20)
(0.0301356 0.185478 -1.57119e-20)
(0.591199 0.396819 -1.66645e-19)
(0.55831 0.416767 -1.76764e-19)
(0.51925 0.438877 1.52956e-19)
(0.475276 0.462879 1.39776e-19)
(0.426894 0.488626 -6.26453e-20)
(0.373383 0.51564 -1.15323e-19)
(0.312752 0.539801 -8.59462e-20)
(0.241581 0.543119 1.75847e-20)
(0.158216 0.476108 -3.46835e-20)
(0.0577361 0.251163 5.25252e-21)
(0.651516 0.486353 9.01796e-20)
(0.62061 0.51241 -7.06343e-21)
(0.584742 0.541096 -1.246e-19)
(0.5445 0.57222 7.28274e-20)
(0.500115 0.605627 -8.90205e-20)
(0.450779 0.640682 3.29603e-20)
(0.39377 0.672082 -1.31256e-19)
(0.322779 0.676938 -3.95703e-20)
(0.229146 0.592822 -2.19139e-19)
(0.0949589 0.311255 4.96405e-20)
(0.726417 0.567541 -2.77106e-20)
(0.698034 0.599263 -9.55191e-21)
(0.666207 0.633833 -4.25799e-20)
(0.63072 0.671303 -1.56357e-19)
(0.591428 0.711565 6.90396e-20)
(0.54738 0.753814 -7.56989e-20)
(0.494922 0.791595 1.4508e-19)
(0.424123 0.797459 -1.8875e-20)
(0.31721 0.697286 2.84631e-19)
(0.140745 0.364295 2.18361e-19)
(0.813752 0.63886 -2.43699e-21)
(0.788265 0.675515 -6.54651e-20)
(0.761101 0.714895 1.4977e-19)
(0.73116 0.757598 8.76162e-20)
(0.6979 0.803665 2.02249e-19)
(0.660171 0.852067 1.07261e-19)
(0.613156 0.895164 3.97598e-19)
(0.542585 0.901291 1.89378e-19)
(0.419864 0.786212 1.68759e-19)
(0.193689 0.408464 1.91741e-19)
(0.911786 0.697424 -9.30434e-20)
(0.890357 0.738367 2.82379e-19)
(0.869259 0.781731 1.69687e-19)
(0.846168 0.828656 -1.84158e-19)
(0.819953 0.879414 -1.01739e-19)
(0.789257 0.932848 4.57421e-19)
(0.748017 0.980263 -9.5671e-20)
(0.677094 0.986227 -2.95941e-19)
(0.535652 0.857895 -4.93606e-20)
(0.252621 0.442802 2.11061e-19)
(1.01125 0.745438 1.59612e-19)
(0.99288 0.788938 5.26819e-20)
(0.978168 0.834431 -5.37874e-19)
(0.96339 0.884219 5.66499e-20)
(0.946406 0.938499 3.36017e-19)
(0.925088 0.9956 -2.45396e-19)
(0.891517 1.04565 -5.45374e-20)
(0.820899 1.05002 -1.3247e-19)
(0.659173 0.909579 1.40783e-20)
(0.314739 0.46575 -2.81285e-19)
(1.12929 0.766631 2.21588e-20)
(1.11841 0.813286 -3.62453e-19)
(1.11092 0.860501 -2.84662e-21)
(1.10263 0.912318 3.01608e-19)
(1.0921 0.96975 -3.00429e-19)
(1.07757 1.03073 6.23446e-19)
(1.04954 1.0841 4.52875e-19)
(0.976934 1.08842 -7.37225e-19)
(0.791224 0.939953 -4.87625e-20)
(0.379647 0.477576 -2.99124e-19)
(1.20993 0.783263 -2.0669e-19)
(1.21112 0.830944 -2.08364e-19)
(1.22129 0.879637 2.31712e-19)
(1.22953 0.932587 5.12029e-19)
(1.233 0.990488 2.0712e-19)
(1.23017 1.05159 -5.24749e-19)
(1.21032 1.10443 3.16328e-20)
(1.13635 1.106 1.6243e-19)
(0.92544 0.950459 -2.3811e-19)
(0.44464 0.478588 -2.16871e-19)
(0.769166 0.0217512 1.09195e-20)
(1.17263 0.0397279 -1.87962e-20)
(0.923339 0.0464538 -9.32297e-21)
(1.0221 0.0497369 0)
(0.99403 0.0571097 1.88924e-20)
(0.972556 0.0678435 2.39651e-20)
(0.947981 0.0825088 3.0815e-20)
(0.898812 0.101771 6.29861e-20)
(0.833837 0.128596 -9.24464e-20)
(0.664064 0.165174 -1.04744e-19)
(0.768733 0.0190983 3.69366e-20)
(1.17261 0.0394386 -6.2985e-20)
(0.923823 0.0485747 -6.29774e-22)
(1.02382 0.0513877 -1.25496e-20)
(0.996657 0.0607045 9.70089e-21)
(0.976451 0.0738594 -1.22198e-20)
(0.953163 0.0930677 -7.67154e-20)
(0.90666 0.119261 0)
(0.843422 0.16452 2.0073e-19)
(0.685899 0.229211 -2.46024e-19)
(0.768092 0.0165508 -4.54379e-20)
(1.17279 0.0390257 1.74966e-20)
(0.924207 0.0504568 3.26623e-20)
(1.02598 0.0528149 1.43081e-20)
(0.999637 0.0640939 -2.34592e-20)
(0.98105 0.0797032 5.99981e-22)
(0.959409 0.103418 -5.47045e-20)
(0.917334 0.136675 -4.93619e-21)
(0.856676 0.199924 2.63477e-22)
(0.720598 0.291041 6.13041e-19)
(0.767241 0.0142071 -1.55933e-20)
(1.17312 0.0384927 3.27842e-21)
(0.924503 0.0520527 2.73556e-20)
(1.02858 0.0540117 1.60239e-20)
(1.00298 0.0672586 -1.10605e-20)
(0.986353 0.0853336 -1.39683e-20)
(0.966801 0.113464 8.18805e-20)
(0.930737 0.153887 -1.45525e-21)
(0.873748 0.234401 -2.46275e-19)
(0.76752 0.349515 6.56502e-20)
(0.766174 0.0121227 1.21294e-20)
(1.17352 0.0378227 -3.50796e-20)
(0.924729 0.0533114 -2.11797e-20)
(1.03165 0.0549742 7.82019e-21)
(1.0067 0.0701814 0)
(0.992351 0.0907134 0)
(0.975428 0.123137 6.99955e-20)
(0.946712 0.170756 2.61008e-22)
(0.894889 0.267239 -1.17978e-19)
(0.825797 0.403874 8.95266e-20)
(0.764888 0.0103597 9.04638e-22)
(1.17393 0.0369898 2.92001e-20)
(0.924912 0.0541807 -4.82514e-20)
(1.03517 0.0557035 -3.04649e-20)
(1.01079 0.0728468 6.60948e-23)
(0.999037 0.0958109 5.75756e-20)
(0.985373 0.132409 1.09371e-19)
(0.965008 0.187143 -7.36865e-22)
(0.920512 0.297533 1.95314e-19)
(0.894306 0.454215 -1.97446e-19)
(0.763376 0.00900113 -2.30763e-20)
(1.17423 0.0359572 1.54124e-20)
(0.925091 0.0546091 -9.10922e-21)
(1.03918 0.0562067 -5.33477e-20)
(1.01523 0.0752375 1.04609e-22)
(1.00641 0.100596 -1.13254e-21)
(0.996691 0.141239 -6.53158e-21)
(0.985307 0.203007 -1.94774e-19)
(0.951206 0.324091 1.47236e-19)
(0.970757 0.498753 -4.62446e-19)
(0.761622 0.00813334 5.96071e-21)
(1.17435 0.0346609 -4.49053e-20)
(0.925315 0.0545462 2.12099e-20)
(1.04365 0.0564957 3.81961e-20)
(1.02002 0.0773282 1.55403e-22)
(1.01448 0.105029 -6.74548e-20)
(1.00943 0.1495 -6.01731e-20)
(1.0073 0.218421 3.50871e-19)
(0.987434 0.34739 1.13585e-20)
(1.05354 0.544236 7.43996e-19)
(0.759603 0.00782924 1.95074e-21)
(1.17429 0.0330321 1.99083e-20)
(0.925662 0.0539197 1.52076e-20)
(1.04861 0.0565825 -4.02257e-20)
(1.02511 0.0790857 -6.98306e-20)
(1.02317 0.109019 1.45134e-21)
(1.02351 0.156746 -8.27991e-20)
(1.03099 0.231422 4.55881e-19)
(1.03233 0.360615 -7.27129e-21)
(1.13574 0.568753 -1.01353e-18)
(0.757299 0.00832321 4.68814e-21)
(1.17482 0.0313205 2.98096e-20)
(0.926019 0.0527175 1.12241e-20)
(1.05409 0.0565321 -8.64846e-20)
(1.0302 0.080699 -6.63538e-20)
(1.0315 0.113324 -5.73963e-20)
(1.03617 0.165757 -1.48377e-19)
(1.05 0.249528 -4.25217e-19)
(1.0717 0.386218 -2.4549e-19)
(1.22513 0.627029 -1.09978e-18)
(0.755868 0.00813013 -1.31947e-20)
(1.17765 0.0286504 -6.2272e-21)
(0.92751 0.0497462 -1.02961e-20)
(1.06033 0.0553632 1.16509e-20)
(1.03916 0.0796959 5.01313e-20)
(1.04613 0.113082 -3.97689e-20)
(1.06 0.16558 1.32783e-19)
(1.08779 0.247364 -4.18565e-19)
(1.13958 0.365284 -1.77458e-19)
(1.24811 0.614839 5.81139e-19)
(0.756157 0.00561687 9.79982e-21)
(1.18164 0.025093 1.20811e-20)
(0.931876 0.0443944 -1.24111e-21)
(1.06593 0.0522938 4.38407e-20)
(1.04972 0.0754479 7.86258e-20)
(1.06193 0.107753 1.16266e-19)
(1.08409 0.156956 2.7935e-20)
(1.12541 0.231014 2.18853e-19)
(1.19151 0.333759 2.83481e-19)
(1.31947 0.527718 -3.22454e-21)
(0.75627 0.00252767 -1.34019e-20)
(1.18599 0.021077 -3.62297e-21)
(0.936646 0.0388694 -3.41171e-21)
(1.07165 0.0481261 1.41237e-20)
(1.05989 0.0698014 2.18339e-34)
(1.07676 0.100052 -8.00805e-21)
(1.10582 0.144729 -5.33364e-34)
(1.15805 0.210089 1.86287e-20)
(1.22937 0.293651 -5.32708e-20)
(1.38005 0.451339 -4.7133e-20)
(0.75646 -0.00146818 2.86944e-20)
(1.19042 0.0163408 -3.94016e-35)
(0.941453 0.0330357 3.09933e-21)
(1.07726 0.0429502 -1.71298e-20)
(1.06929 0.0628051 -3.15248e-20)
(1.09019 0.0902602 -3.89812e-20)
(1.12496 0.129588 -6.5962e-34)
(1.18518 0.185945 -9.3872e-20)
(1.25954 0.251715 -1.32256e-19)
(1.42068 0.376115 8.61691e-20)
(0.756809 -0.00656299 0)
(1.19509 0.0109441 1.30253e-35)
(0.946241 0.0269429 0)
(1.08257 0.0369462 0)
(1.07772 0.0546252 0)
(1.10196 0.0786971 0)
(1.14138 0.112167 -3.94076e-34)
(1.20695 0.159376 0)
(1.28386 0.209515 -2.01485e-20)
(1.44465 0.304923 5.22521e-20)
(0.757392 -0.0127536 1.49395e-20)
(1.2003 0.00500431 -1.80026e-21)
(0.951016 0.0207436 2.40558e-21)
(1.08743 0.0303201 0)
(1.08503 0.0454679 0)
(1.11191 0.0657104 6.76613e-21)
(1.15498 0.0930622 2.75467e-20)
(1.22389 0.131081 -1.39044e-20)
(1.30291 0.168096 -2.97587e-20)
(1.45765 0.238331 1.97956e-19)
(0.758302 -0.0209621 -5.83653e-20)
(1.2063 -0.00166704 3.86249e-21)
(0.955771 0.0145604 2.05265e-21)
(1.09165 0.0232821 -5.55772e-21)
(1.09105 0.0355445 -1.08713e-20)
(1.11991 0.0516273 -8.72751e-21)
(1.16572 0.0727422 -2.07266e-20)
(1.23655 0.101674 -3.88507e-20)
(1.31704 0.127854 -5.31318e-20)
(1.46414 0.176445 7.78274e-20)
(0.759468 -0.0270367 -2.1522e-20)
(1.2132 -0.00781428 -1.4032e-20)
(0.960141 0.00947736 1.61078e-21)
(1.09464 0.0160922 -1.08067e-20)
(1.0952 0.0250295 4.36891e-35)
(1.12548 0.0367152 7.29238e-21)
(1.17322 0.0515115 -9.47227e-34)
(1.24515 0.071481 -1.40883e-20)
(1.32637 0.0885573 1.85863e-20)
(1.46701 0.117783 2.5839e-20)
(0.75781 -0.0478993 1.73181e-19)
(1.20634 -0.0171075 -9.72805e-21)
(0.95133 0.00228989 1.47359e-21)
(1.08395 0.00979783 2.97634e-21)
(1.08522 0.0146894 3.30253e-21)
(1.11653 0.0220964 1.37607e-20)
(1.16558 0.0309101 7.7974e-21)
(1.23824 0.0427275 -5.13594e-21)
(1.31918 0.0521772 -2.12408e-20)
(1.45784 0.0666961 1.37725e-19)
(0.690879 -0.0311206 1.92288e-20)
(0.996868 -0.015099 -7.15445e-35)
(0.753327 0.00210912 6.5102e-22)
(0.8755 0.00076387 0)
(0.869929 0.00296724 0)
(0.897419 0.00450371 7.52417e-21)
(0.940093 0.00619479 -9.01745e-36)
(1.00178 0.00878038 -1.39927e-20)
(1.07219 0.0103959 -2.71423e-20)
(1.182 0.0126521 5.61719e-20)
(1.45343 0.633773 -1.70279e-19)
(1.55022 0.616629 -2.75564e-19)
(1.65225 0.5946 0)
(1.74532 0.562527 1.01876e-19)
(1.82787 0.514472 4.93452e-19)
(1.90243 0.448594 -1.29465e-19)
(1.96902 0.367853 1.45289e-18)
(2.02444 0.277044 -6.69511e-20)
(2.06572 0.179463 -3.47054e-19)
(2.09081 0.0787768 3.19289e-19)
(1.49792 0.515277 6.8048e-20)
(1.56695 0.501964 1.0909e-19)
(1.64557 0.479414 -5.56356e-21)
(1.72338 0.445708 1.71615e-19)
(1.79396 0.400677 -1.49348e-19)
(1.85648 0.345149 -3.69876e-19)
(1.91094 0.280985 -9.69104e-20)
(1.95549 0.210616 5.15136e-19)
(1.98819 0.136289 -2.03748e-20)
(2.00757 0.0595084 -4.36915e-19)
(1.53322 0.411123 9.66597e-20)
(1.58599 0.394216 1.7007e-19)
(1.64453 0.374013 -3.4475e-19)
(1.70622 0.347781 7.30192e-20)
(1.76363 0.31393 4.94514e-19)
(1.81399 0.272007 -2.28835e-19)
(1.85756 0.222667 -5.33871e-19)
(1.89345 0.167672 -2.05472e-19)
(1.92012 0.108933 3.03589e-19)
(1.93618 0.0479265 -2.42384e-19)
(1.55076 0.329448 3.48165e-20)
(1.59356 0.312982 0)
(1.63855 0.296349 1.30152e-20)
(1.68779 0.274853 2.00692e-19)
(1.73547 0.246463 3.21549e-19)
(1.77774 0.211642 1.34425e-19)
(1.81425 0.171631 -7.85922e-20)
(1.84446 0.127906 -2.21249e-19)
(1.86704 0.0819276 1.49699e-19)
(1.88088 0.0346932 7.35893e-20)
(1.55743 0.260374 1.8151e-20)
(1.59447 0.244924 -6.75907e-20)
(1.63126 0.230132 -1.31398e-19)
(1.67178 0.21193 6.46188e-20)
(1.71231 0.188642 9.26983e-22)
(1.74872 0.160933 8.22994e-20)
(1.78012 0.129816 1.63153e-19)
(1.80615 0.0962318 -1.59968e-19)
(1.82579 0.0611117 2.58923e-21)
(1.83796 0.0251719 1.78971e-19)
(1.55811 0.200236 -2.09135e-19)
(1.59144 0.186759 -2.64928e-19)
(1.62305 0.174006 5.56506e-20)
(1.65764 0.158966 2.34395e-19)
(1.69308 0.140318 -3.30837e-20)
(1.7254 0.118628 -7.60162e-20)
(1.75331 0.0947382 1.29033e-19)
(1.77649 0.0693211 -6.3319e-20)
(1.7941 0.0430112 -1.49848e-19)
(1.80518 0.0162567 -6.96081e-20)
(1.55585 0.146368 3.43448e-20)
(1.58657 0.135386 3.11149e-21)
(1.61475 0.124788 -5.16711e-21)
(1.64545 0.112598 1.61114e-19)
(1.67749 0.0980425 2.13859e-19)
(1.70707 0.0816356 -2.27405e-19)
(1.73269 0.0640382 -9.3666e-20)
(1.75402 0.0457174 1.43942e-19)
(1.77035 0.0270493 1.0633e-19)
(1.78083 0.00828621 3.13144e-20)
(1.55146 0.0961252 -1.33079e-19)
(1.5798 0.0875759 4.3897e-21)
(1.60517 0.0789287 2.77118e-19)
(1.63298 0.0693262 6.80532e-21)
(1.66248 0.0585562 -8.67966e-20)
(1.68992 0.0470709 7.99499e-22)
(1.71369 0.0353471 -1.13107e-19)
(1.73351 0.0236578 4.86417e-20)
(1.74883 0.0121639 7.62195e-20)
(1.75889 0.000905698 9.67289e-20)
(1.52661 0.0531163 -2.55394e-19)
(1.54889 0.0455306 -1.68213e-20)
(1.56865 0.0371495 1.70995e-19)
(1.5911 0.0287039 -9.15395e-20)
(1.61504 0.0204127 -1.72693e-19)
(1.63676 0.0125983 -2.7759e-20)
(1.65495 0.00561117 1.431e-19)
(1.66976 -0.000458762 7.62947e-20)
(1.68103 -0.00568071 -1.64438e-20)
(1.68847 -0.0101086 -9.67282e-21)
(1.2373 0.0066586 2.62885e-20)
(1.24341 0.00147715 -4.21831e-21)
(1.2437 -0.00348148 3.01782e-21)
(1.24352 -0.00755062 0)
(1.24099 -0.0102285 2.33961e-19)
(1.23435 -0.0115948 -7.57584e-21)
(1.22467 -0.0119587 -1.54193e-19)
(1.21355 -0.0115939 9.65445e-20)
(1.20203 -0.0106825 -1.34767e-19)
(1.19089 -0.00934123 -1.12408e-19)
(0.908097 0.0193248 -1.50347e-20)
(2.17869 -0.00943839 7.84222e-19)
(2.80159 -0.0178027 1.3272e-22)
(3.00541 -0.00932347 -3.38848e-19)
(3.02505 0.00633439 4.60083e-19)
(2.98767 0.0225575 3.74163e-19)
(2.93897 0.0373631 0)
(2.88404 0.0505601 8.89559e-19)
(2.79993 0.0606722 -1.80783e-18)
(2.61952 0.0635275 -9.75199e-20)
(0.784782 0.0780904 -4.49354e-21)
(2.04038 0.125089 3.16149e-19)
(2.72398 0.142506 1.36387e-20)
(2.98062 0.148776 2.41918e-20)
(3.028 0.150436 5.00534e-19)
(3.00093 0.148958 -5.31474e-19)
(2.95506 0.14523 -4.3054e-19)
(2.90113 0.139607 -2.77877e-19)
(2.81894 0.131142 9.35051e-19)
(2.64314 0.116598 -9.05148e-19)
(0.64296 0.115984 8.61557e-20)
(1.84361 0.239793 5.52569e-20)
(2.57671 0.29288 -4.35875e-19)
(2.89116 0.304757 6.1395e-19)
(2.97437 0.29602 2.98024e-18)
(2.96334 0.277748 1.65565e-18)
(2.92371 0.255326 -1.90909e-18)
(2.87516 0.230686 -1.77573e-18)
(2.80714 0.203945 1.29947e-20)
(2.66795 0.172879 2.58125e-19)
(0.499016 0.132226 9.73814e-20)
(1.60603 0.327749 6.53809e-19)
(2.36642 0.426218 -1.26417e-18)
(2.7356 0.453968 -1.04942e-18)
(2.85989 0.441209 -6.66023e-21)
(2.87058 0.409114 -5.48582e-19)
(2.84056 0.369182 1.36384e-18)
(2.79882 0.326297 -1.04724e-20)
(2.74705 0.282505 -2.16762e-18)
(2.65805 0.236821 -7.71317e-19)
(0.367934 0.130386 -3.71314e-21)
(1.35265 0.386249 7.30653e-19)
(2.10941 0.53639 -1.56109e-18)
(2.51974 0.590165 -8.69407e-19)
(2.68431 0.581501 1.51487e-18)
(2.72069 0.540567 -1.10763e-20)
(2.70385 0.485861 -1.07618e-18)
(2.66957 0.426418 -1.44807e-19)
(2.62883 0.366406 2.83888e-19)
(2.57409 0.308855 -2.33742e-20)
(0.259864 0.117099 2.71097e-19)
(1.10949 0.418211 -4.71571e-19)
(1.82988 0.620152 -6.49796e-19)
(2.25878 0.70674 2.10862e-18)
(2.4549 0.709958 -1.34621e-18)
(2.51679 0.666512 2.1864e-19)
(2.5158 0.601626 1.27713e-19)
(2.49064 0.529052 -7.10569e-19)
(2.45777 0.454436 -7.52316e-20)
(2.41412 0.387415 6.42734e-19)
(0.178595 0.0994876 1.13845e-19)
(0.895435 0.43015 -5.62312e-19)
(1.55285 0.676729 1.53492e-18)
(1.97455 0.796702 1.51301e-18)
(2.18748 0.816388 -1.62769e-18)
(2.26984 0.77605 6.92135e-20)
(2.2851 0.706127 2.39683e-18)
(2.27071 0.625165 -1.67213e-18)
(2.24634 0.538479 -8.106e-19)
(2.20091 0.464339 6.65294e-19)
(0.122569 0.083169 3.4644e-19)
(0.718931 0.429526 6.40766e-19)
(1.2978 0.708334 6.00968e-19)
(1.69024 0.856204 -2.50387e-18)
(1.90358 0.892917 -1.30623e-19)
(1.99793 0.859849 4.141e-19)
(2.02686 0.790743 -6.70277e-19)
(2.0238 0.707564 -4.35108e-19)
(2.00952 0.617287 8.1193e-20)
(1.96616 0.538936 -3.30178e-19)
(0.0864721 0.070744 -5.42375e-20)
(0.578368 0.420883 -8.41352e-21)
(1.07433 0.717004 -2.30665e-19)
(1.42402 0.882926 -7.80073e-19)
(1.6252 0.933025 -3.15362e-19)
(1.72372 0.908086 -1.17427e-18)
(1.76326 0.843023 -9.07291e-19)
(1.77193 0.761371 8.15349e-19)
(1.76875 0.66832 5.03973e-19)
(1.73179 0.593355 1.48155e-19)
(0.0638335 0.0623698 -3.14572e-19)
(0.466783 0.406574 0)
(0.883203 0.706204 -2.57235e-19)
(1.18485 0.879782 -2.83445e-19)
(1.36605 0.938354 1.52078e-18)
(1.46187 0.921431 3.35648e-20)
(1.50699 0.863824 -1.03449e-18)
(1.5234 0.78976 -7.8259e-19)
(1.53005 0.704839 3.87494e-19)
(1.48792 0.622147 8.672e-19)
(0.0489793 0.0565287 9.18026e-20)
(0.376141 0.386457 0)
(0.720657 0.678215 -6.91334e-19)
(0.975825 0.850313 4.49689e-19)
(1.13535 0.912078 7.6812e-19)
(1.22648 0.901103 1.90549e-19)
(1.27654 0.8509 -2.08997e-19)
(1.30292 0.784443 -8.34535e-19)
(1.31801 0.712258 -1.52946e-19)
(1.32664 0.64123 -3.17553e-19)
(0.0379095 0.0513978 -9.73683e-20)
(0.299523 0.359651 -2.83041e-19)
(0.580688 0.634685 2.89726e-21)
(0.793868 0.798271 1.41803e-19)
(0.932714 0.858835 -1.41217e-19)
(1.01801 0.851529 6.22649e-19)
(1.07066 0.807675 -7.58959e-19)
(1.10418 0.748046 2.79581e-19)
(1.12553 0.684803 4.73948e-19)
(1.15591 0.627802 -2.1685e-19)
(0.0285627 0.0458883 1.60357e-20)
(0.232775 0.326234 6.40952e-20)
(0.458513 0.577836 3.80357e-19)
(0.63465 0.728026 -1.91464e-19)
(0.754695 0.784442 -4.36265e-19)
(0.83379 0.779324 1.52827e-19)
(0.887306 0.741255 2.58702e-19)
(0.925431 0.688735 9.79607e-20)
(0.952188 0.633247 -2.10586e-21)
(0.990171 0.587688 1.13738e-20)
(0.020404 0.0395323 -1.30815e-20)
(0.174638 0.286641 -5.65421e-20)
(0.35239 0.509532 -8.7492e-20)
(0.496685 0.642845 -8.19335e-20)
(0.600721 0.693301 1.65083e-19)
(0.67459 0.689674 -2.38782e-20)
(0.728921 0.65734 -7.14876e-21)
(0.770941 0.612516 1.51519e-19)
(0.803224 0.565105 1.44592e-19)
(0.843768 0.528617 -1.03402e-20)
(0.0134054 0.032239 -8.352e-20)
(0.12498 0.241377 5.04785e-21)
(0.261997 0.431063 7.89696e-20)
(0.37961 0.544686 1.00157e-19)
(0.470588 0.587823 -2.52747e-19)
(0.54051 0.585163 9.78334e-24)
(0.595932 0.558399 2.7172e-19)
(0.641518 0.521288 -2.60235e-21)
(0.678979 0.481948 -2.99506e-20)
(0.720937 0.452889 -5.69647e-20)
(0.00762353 0.024047 7.51393e-20)
(0.0839339 0.191084 3.09399e-19)
(0.187364 0.343663 8.32621e-20)
(0.283218 0.435149 -2.17653e-19)
(0.363825 0.469781 -1.27878e-19)
(0.430869 0.467578 2.99872e-19)
(0.487491 0.446112 -1.24185e-19)
(0.536238 0.416477 -2.00672e-19)
(0.578163 0.385013 5.76761e-20)
(0.621392 0.36244 2.19397e-20)
(0.00315528 0.0150692 4.81754e-20)
(0.05178 0.136552 -2.12798e-19)
(0.128819 0.248749 -4.24011e-19)
(0.207704 0.316032 1.79203e-19)
(0.280394 0.341168 2.45908e-19)
(0.345409 0.339017 -5.62926e-22)
(0.403162 0.322664 -2.44885e-19)
(0.454541 0.300349 3.07656e-20)
(0.500056 0.276681 9.72929e-20)
(0.544434 0.260161 4.98845e-21)
(0.000101369 0.00543965 -7.74946e-20)
(0.028852 0.0786578 -3.96609e-20)
(0.0868456 0.147911 3.47982e-19)
(0.153527 0.18938 7.35246e-20)
(0.220601 0.204267 -1.19256e-19)
(0.284251 0.201887 -4.35455e-20)
(0.342908 0.19055 0)
(0.396261 0.175505 2.15273e-20)
(0.444402 0.15965 -2.1996e-20)
(0.489667 0.148999 8.4495e-21)
(-0.0014563 -0.00472878 4.36717e-20)
(0.015448 0.0183284 2.11111e-19)
(0.0619072 0.042898 1.92627e-19)
(0.121175 0.0574813 -1.79086e-19)
(0.184833 0.0616289 -1.00123e-19)
(0.247649 0.0588518 1.9248e-20)
(0.306857 0.0524945 -4.00397e-20)
(0.361415 0.0447121 2.25001e-21)
(0.411151 0.0367116 -4.70683e-20)
(0.456923 0.0318352 -5.56506e-20)
(-0.00142504 -0.0153749 -4.81918e-20)
(0.0118424 -0.0435387 -1.58897e-19)
(0.0543811 -0.0644899 -3.99686e-20)
(0.111002 -0.0772432 -3.80582e-20)
(0.173361 -0.0839931 3.05591e-20)
(0.235795 -0.0871944 1.83751e-20)
(0.295117 -0.0885643 4.46703e-22)
(0.350034 -0.0890798 -1.94057e-22)
(0.400281 -0.0892127 2.38143e-20)
(0.446108 -0.0883802 3.72145e-20)
(1.09974 0.38365 -8.24739e-19)
(0.977176 0.170525 4.72573e-21)
(0.949418 0.0642889 4.26832e-20)
(0.947708 0.0154619 1.56152e-20)
(0.956012 -0.00372731 -2.11083e-22)
(0.967057 -0.00979716 2.16391e-21)
(0.977293 -0.0102117 3.17104e-22)
(0.985585 -0.00841367 1.6761e-21)
(0.991409 -0.00607941 7.57988e-21)
(0.995813 -0.00253303 0)
(0.982127 0.360679 -3.61061e-19)
(0.933983 0.152541 7.45763e-21)
(0.933994 0.0523735 7.91068e-22)
(0.942938 0.00839466 5.25186e-20)
(0.955388 -0.00828551 -6.91794e-21)
(0.967803 -0.0128698 -6.02577e-22)
(0.978383 -0.0124252 3.27522e-22)
(0.986631 -0.0100088 6.25452e-21)
(0.992309 -0.0071891 2.75195e-21)
(0.996587 -0.00300004 -4.45986e-21)
(0.887336 0.33085 4.02924e-19)
(0.899706 0.134645 6.22146e-20)
(0.920132 0.042518 -3.62159e-20)
(0.938129 0.00261199 -1.5062e-20)
(0.95444 -0.0123376 5.80433e-21)
(0.968425 -0.0158639 -4.32125e-22)
(0.979456 -0.0146408 6.96094e-22)
(0.987723 -0.011603 5.86049e-21)
(0.9933 -0.00829143 -6.52242e-21)
(0.997478 -0.00346059 -1.84779e-21)
(0.81057 0.292389 2.6485e-19)
(0.870033 0.112525 -2.64799e-20)
(0.907479 0.0298754 1.44788e-20)
(0.933749 -0.00529366 -2.3311e-20)
(0.953842 -0.0172795 -5.12863e-21)
(0.969241 -0.019189 4.24104e-22)
(0.980665 -0.0169722 6.47273e-21)
(0.98894 -0.013226 -3.7872e-22)
(0.994419 -0.00939179 -2.99329e-21)
(0.998497 -0.0039172 2.67849e-21)
(0.747689 0.243089 -1.86899e-19)
(0.844653 0.085466 9.86725e-20)
(0.896957 0.014895 -1.42897e-21)
(0.930514 -0.0139938 -8.17279e-21)
(0.953816 -0.0226581 -6.16267e-21)
(0.970361 -0.0227295 5.18179e-22)
(0.982074 -0.0193886 -6.0471e-22)
(0.990316 -0.0148689 -2.9881e-21)
(0.995682 -0.0104875 -1.24578e-22)
(0.999643 -0.0043687 -8.74147e-23)
(0.697565 0.184823 -4.50674e-21)
(0.824289 0.0548478 4.66821e-20)
(0.888937 -0.00177055 7.17696e-22)
(0.928513 -0.0235212 5.26529e-21)
(0.954408 -0.0284571 7.31958e-21)
(0.971823 -0.0264607 -2.80542e-21)
(0.983708 -0.0218737 -1.7037e-21)
(0.991865 -0.0165238 8.73773e-22)
(0.997092 -0.0115749 -3.26963e-21)
(1.00092 -0.00481354 0)
(0.65973 0.120143 1.04211e-19)
(0.809183 0.0214825 -9.37686e-20)
(0.883496 -0.0198656 2.87068e-21)
(0.927797 -0.0337622 -1.95946e-20)
(0.955661 -0.0346037 4.33291e-22)
(0.973659 -0.0303435 -7.64493e-22)
(0.985585 -0.0244085 3.66104e-22)
(0.993594 -0.0181815 -8.8296e-22)
(0.998654 -0.0126489 -2.69351e-22)
(1.00231 -0.00524972 2.10672e-21)
(0.633676 0.0508714 -7.90231e-20)
(0.799416 -0.0142019 2.51212e-20)
(0.880692 -0.0391144 9.30962e-21)
(0.928412 -0.0445617 4.41637e-21)
(0.957608 -0.0410207 -7.58628e-22)
(0.975893 -0.0343386 5.08584e-21)
(0.987719 -0.0269725 1.31561e-21)
(0.99551 -0.0198316 -3.05126e-21)
(1.00037 -0.0137037 2.5704e-21)
(1.00383 -0.0056748 3.05868e-21)
(0.618905 -0.021358 2.75272e-20)
(0.795004 -0.0515908 -6.31331e-20)
(0.880601 -0.0592102 6.45522e-21)
(0.930399 -0.055774 9.62926e-21)
(0.960273 -0.0476334 -3.11647e-21)
(0.978543 -0.0384055 1.06641e-21)
(0.990121 -0.0295439 -1.18974e-21)
(0.997614 -0.0214621 -3.04688e-21)
(1.00223 -0.0147323 -1.56178e-21)
(1.00547 -0.00608587 2.30326e-21)
(0.615155 -0.0951657 -1.21327e-20)
(0.795945 -0.0899704 1.53367e-20)
(0.883252 -0.0798523 -1.57152e-20)
(0.933779 -0.0672598 -3.13351e-21)
(0.963677 -0.0543662 7.13971e-21)
(0.981623 -0.0425027 2.97576e-21)
(0.992795 -0.0320996 -5.12241e-22)
(0.999906 -0.02306 -6.46551e-21)
(1.00423 -0.0157268 7.46335e-22)
(1.00722 -0.00647966 3.30059e-21)
(0.648359 -0.0133186 9.36996e-20)
(0.614588 -0.00324957 -3.37191e-20)
(0.597371 -0.000420675 -2.53803e-20)
(0.590366 -0.000349226 6.20351e-21)
(0.591324 -0.000460121 -3.07689e-21)
(0.596225 -0.000436551 -6.20485e-22)
(0.601738 -0.000364018 3.79074e-21)
(0.606477 -0.000272761 -1.65012e-22)
(0.609887 -0.000171393 -3.18645e-21)
(0.612363 -5.84372e-05 1.24932e-21)
(1.23104 0.0348136 -1.55569e-19)
(1.02216 0.0216045 -1.19155e-19)
(0.945696 0.0103388 -4.85949e-20)
(0.91921 0.00270846 4.53931e-21)
(0.914608 -0.000990391 -8.32427e-21)
(0.919465 -0.00219112 -2.77665e-21)
(0.926838 -0.00224507 -4.16474e-22)
(0.933777 -0.00183102 -3.89567e-23)
(0.938962 -0.00129254 6.19445e-22)
(0.942942 -0.000521008 3.31994e-22)
(1.32446 0.145471 -2.10051e-19)
(1.08108 0.0683403 1.13962e-20)
(0.994317 0.0275228 -2.6702e-21)
(0.964752 0.00757334 9.08425e-35)
(0.959537 -0.00084773 -5.95673e-22)
(0.964601 -0.00372813 0)
(0.972395 -0.00405542 1.54574e-21)
(0.979773 -0.00337397 -2.37658e-34)
(0.985308 -0.00242364 4.38021e-36)
(0.989619 -0.000996111 1.82653e-21)
(1.29114 0.240737 4.75673e-19)
(1.06846 0.108902 -7.66459e-21)
(0.990554 0.0428476 0)
(0.965125 0.0116758 2.92354e-20)
(0.962119 -0.00124625 0)
(0.968293 -0.00551239 0)
(0.976667 -0.00603926 0)
(0.984322 -0.00504882 3.36615e-22)
(0.989984 -0.00365229 9.72321e-24)
(0.994368 -0.00151476 -2.05804e-22)
(1.25478 0.349578 -6.33903e-19)
(1.05374 0.15708 -6.06364e-21)
(0.98136 0.0606343 0)
(0.959987 0.0163915 -2.55924e-20)
(0.959936 -0.00159375 1.8794e-20)
(0.967699 -0.00740678 0)
(0.976853 -0.00809893 0)
(0.984879 -0.00676301 -1.53329e-21)
(0.990697 -0.00489828 -9.41116e-23)
(0.995147 -0.00203847 -9.25108e-23)
(0.360039 0.00112102 -1.4133e-20)
(0.348619 0.00161844 -7.46233e-21)
(0.3488 0.00286064 7.5437e-21)
(0.355187 0.00453226 3.89314e-19)
(0.374302 0.00505225 3.7571e-19)
(0.398783 0.00473732 1.36313e-19)
(0.456179 -0.00173553 2.34675e-19)
(0.513518 -0.00461431 -8.21052e-20)
(0.58333 -0.0197465 5.89968e-20)
(0.676127 -0.0119605 1.53477e-19)
(1.0092 0.0131159 -3.64887e-20)
(0.996675 0.0190534 -1.48538e-21)
(1.02388 0.0268336 2.2014e-20)
(1.08056 0.0348981 5.26916e-19)
(1.17251 0.0407214 -8.82661e-20)
(1.26075 0.0445607 4.15351e-20)
(1.38199 0.033943 -8.25799e-20)
(1.43647 0.0474649 3.13578e-20)
(1.48972 0.018366 -1.69359e-19)
(1.49989 0.0606938 -2.12043e-19)
(1.55888 0.0295878 -2.55806e-19)
(1.55739 0.0437665 4.28125e-21)
(1.61121 0.0605288 -4.03623e-20)
(1.7035 0.078072 1.2972e-20)
(1.81987 0.0961758 -1.63626e-19)
(1.9008 0.114547 -3.45273e-19)
(1.96193 0.122027 -3.33568e-19)
(1.90287 0.161582 3.47196e-19)
(1.84477 0.148957 5.56892e-19)
(1.68025 0.230724 2.63447e-19)
(1.99028 0.04478 2.38158e-19)
(2.00186 0.0679652 1.3997e-19)
(2.06789 0.0953955 -9.74891e-20)
(2.16204 0.126192 2.12361e-19)
(2.24097 0.161936 -2.88878e-19)
(2.24836 0.200974 -1.74747e-19)
(2.18292 0.237211 4.66184e-19)
(2.01075 0.294959 4.8067e-19)
(1.86459 0.308635 -2.44879e-19)
(1.62944 0.393341 -3.99741e-19)
(2.30447 0.0558514 1.43717e-18)
(2.32813 0.091136 -2.11182e-19)
(2.39267 0.131477 4.39795e-19)
(2.45833 0.1787 6.39081e-19)
(2.46511 0.234607 1.10662e-19)
(2.37869 0.297532 3.12231e-19)
(2.2114 0.362161 -8.64835e-19)
(1.99146 0.431431 6.94768e-20)
(1.79925 0.472382 3.08506e-19)
(1.53356 0.545732 -5.01367e-20)
(1.12593 -0.537636 5.89931e-20)
(1.1256 -0.591295 -2.10449e-20)
(1.13723 -0.647953 -3.59259e-19)
(1.14689 -0.709068 -2.04541e-19)
(1.14904 -0.774858 8.07617e-19)
(1.14233 -0.844871 1.50282e-19)
(1.11936 -0.912028 -4.16967e-19)
(1.04957 -0.942353 4.61701e-19)
(0.859655 -0.839794 -1.59403e-19)
(0.419505 -0.445673 -4.0429e-19)
(1.05782 -0.509475 -8.52004e-21)
(1.04664 -0.559512 7.94738e-20)
(1.03599 -0.610623 2.85978e-19)
(1.02195 -0.666478 -3.34515e-19)
(1.00363 -0.728505 -7.69081e-19)
(0.980486 -0.795599 7.42223e-20)
(0.945583 -0.860009 8.14309e-20)
(0.873242 -0.888978 -1.86201e-19)
(0.705066 -0.792014 5.22689e-19)
(0.338741 -0.419274 -1.87027e-19)
(0.928585 -0.480846 -4.45834e-20)
(0.90746 -0.525448 0)
(0.888144 -0.572711 4.25794e-20)
(0.867777 -0.624626 2.57822e-19)
(0.844455 -0.681135 -2.84964e-20)
(0.816291 -0.741024 -3.0595e-19)
(0.776896 -0.797454 3.8453e-19)
(0.70612 -0.820671 4.25674e-20)
(0.560605 -0.728435 -2.20736e-19)
(0.264218 -0.384136 2.18404e-19)
(0.82745 -0.425922 -7.17488e-20)
(0.804249 -0.46566 -2.48169e-20)
(0.779693 -0.508522 -4.73164e-21)
(0.751932 -0.555077 -3.2381e-21)
(0.719971 -0.605254 5.42338e-20)
(0.682667 -0.658356 -8.00675e-20)
(0.635326 -0.708514 3.68741e-20)
(0.563099 -0.729252 3.11727e-19)
(0.435641 -0.647288 0)
(0.199246 -0.340933 0)
(0.733756 -0.359867 1.51513e-19)
(0.706839 -0.393607 1.14557e-19)
(0.676514 -0.430557 6.33087e-20)
(0.642189 -0.470775 1.71377e-20)
(0.603609 -0.514006 0)
(0.559843 -0.559604 -7.655e-20)
(0.507183 -0.602494 -9.37953e-20)
(0.435117 -0.620003 -1.11366e-19)
(0.324679 -0.549847 1.76482e-19)
(0.141863 -0.289176 4.72264e-20)
(0.654925 -0.282423 -1.59028e-19)
(0.625293 -0.309749 1.89285e-20)
(0.590701 -0.340212 1.68996e-19)
(0.55144 -0.373401 0)
(0.507646 -0.408937 0)
(0.458504 -0.44632 0)
(0.401241 -0.48147 -1.08146e-19)
(0.329138 -0.496024 8.04106e-20)
(0.232506 -0.439915 9.28378e-20)
(0.09408 -0.231027 7.18529e-20)
(0.592334 -0.195761 3.2878e-19)
(0.56042 -0.216346 4.87548e-19)
(0.522294 -0.239654 7.85196e-22)
(0.479005 -0.265096 -7.15604e-20)
(0.431016 -0.292289 1.23498e-20)
(0.377612 -0.320868 -1.14278e-19)
(0.316767 -0.34779 1.0612e-20)
(0.244752 -0.35942 1.70252e-19)
(0.159133 -0.319015 -8.59695e-20)
(0.0560299 -0.167089 -5.01192e-20)
(0.547071 -0.101813 1.81613e-19)
(0.513435 -0.115564 -2.45751e-21)
(0.472691 -0.131375 -7.35923e-20)
(0.426467 -0.148668 6.49075e-20)
(0.375448 -0.167113 -8.10404e-20)
(0.318979 -0.186479 -1.97491e-19)
(0.255572 -0.204844 4.73881e-20)
(0.183652 -0.213626 1.08844e-19)
(0.106055 -0.190118 -4.0579e-20)
(0.0285708 -0.0989122 -9.51471e-21)
(0.519685 -0.00283627 -5.3863e-20)
(0.484954 -0.00968026 1.06482e-21)
(0.442571 -0.0177589 6.59536e-20)
(0.394532 -0.0266323 1.875e-19)
(0.341659 -0.0360651 1.79738e-21)
(0.28333 -0.0459603 6.61195e-21)
(0.218391 -0.0555735 1.41242e-19)
(0.14658 -0.0615941 -7.31929e-20)
(0.0739759 -0.0558204 -2.81036e-20)
(0.0121233 -0.0279271 1.38987e-20)
(0.510558 0.098714 -2.17104e-19)
(0.475314 0.098787 3.46348e-22)
(0.432293 0.098542 2.37542e-19)
(0.383599 0.098198 0)
(0.330082 0.0978789 4.6166e-20)
(0.271133 0.0975456 5.66064e-21)
(0.205709 0.096732 7.78227e-20)
(0.134033 0.0933626 1.78967e-20)
(0.0633451 0.0809131 7.0709e-20)
(0.00693904 0.0442341 3.96766e-20)
(2.60097 0.00999089 1.20407e-18)
(2.75562 -0.0105574 -1.41455e-19)
(2.82917 -0.0379789 -1.09132e-18)
(2.88013 -0.0686408 1.086e-18)
(2.92842 -0.100923 -4.49579e-20)
(2.97111 -0.134519 -3.79871e-18)
(2.97086 -0.165494 3.79012e-20)
(2.81078 -0.180971 2.74371e-18)
(2.25087 -0.154761 8.44215e-19)
(0.99957 -0.0552585 5.82766e-19)
(2.56784 -0.0443619 8.71451e-19)
(2.67875 -0.0826987 -1.06325e-18)
(2.73639 -0.125591 -2.7393e-19)
(2.78169 -0.171533 6.87132e-19)
(2.82781 -0.21958 2.18912e-18)
(2.87191 -0.269712 -4.73711e-19)
(2.88329 -0.316037 -3.51159e-18)
(2.75748 -0.340997 6.05074e-19)
(2.25739 -0.302036 -9.78586e-19)
(1.05181 -0.137988 5.95291e-20)
(2.49377 -0.103464 5.11478e-19)
(2.56334 -0.156962 1.21134e-18)
(2.60771 -0.212518 -1.02256e-18)
(2.64852 -0.270846 -1.14854e-18)
(2.69199 -0.331808 2.27643e-19)
(2.73499 -0.395462 1.65534e-18)
(2.75177 -0.457538 2.90652e-19)
(2.64994 -0.493583 -1.65889e-18)
(2.20404 -0.443019 -2.82952e-19)
(1.06363 -0.220795 -1.04499e-19)
(2.36627 -0.170718 -7.74122e-20)
(2.41252 -0.234676 -2.7444e-19)
(2.45062 -0.29923 8.79244e-19)
(2.48846 -0.366485 -1.29827e-18)
(2.52854 -0.437076 6.4252e-19)
(2.56829 -0.511349 -5.94043e-19)
(2.586 -0.58446 -1.19902e-18)
(2.49861 -0.630231 1.79201e-18)
(2.0991 -0.571968 -2.81157e-19)
(1.03838 -0.298116 -3.41299e-19)
(2.20234 -0.246126 1.48968e-19)
(2.24142 -0.315096 2.43706e-19)
(2.27682 -0.384176 1.24616e-19)
(2.31085 -0.456354 -2.56873e-19)
(2.34565 -0.532872 2.11358e-19)
(2.37976 -0.614122 1.62174e-18)
(2.39458 -0.695038 -2.07953e-18)
(2.31604 -0.746619 -2.41267e-18)
(1.95494 -0.680962 1.64005e-19)
(0.981265 -0.364189 -1.05635e-19)
(2.03043 -0.324054 -4.31311e-19)
(2.0666 -0.393323 -7.94082e-19)
(2.09709 -0.462674 -1.54201e-18)
(2.12411 -0.536057 -2.10405e-19)
(2.15093 -0.615102 7.27195e-19)
(2.17706 -0.700014 1.26386e-18)
(2.18608 -0.785078 1.41325e-18)
(2.11174 -0.839009 2.81375e-19)
(1.78467 -0.766253 -1.2158e-18)
(0.901765 -0.415071 -7.29364e-19)
(1.86758 -0.393689 -1.23124e-19)
(1.8964 -0.460333 1.71424e-18)
(1.91651 -0.527194 1.20262e-18)
(1.93255 -0.599508 -2.00486e-18)
(1.94912 -0.678972 -1.00987e-18)
(1.96591 -0.765216 6.14489e-19)
(1.96763 -0.851632 2.1302e-19)
(1.89489 -0.905055 -1.12366e-18)
(1.59816 -0.825202 1.46816e-18)
(0.807783 -0.44908 -7.27588e-20)
(1.7139 -0.445237 5.3904e-19)
(1.72688 -0.507424 -8.94387e-20)
(1.73125 -0.570664 -2.09276e-19)
(1.73457 -0.641677 6.43865e-19)
(1.74135 -0.721321 1.11164e-18)
(1.74985 -0.807988 -4.45928e-20)
(1.74479 -0.89402 -3.4573e-19)
(1.67292 -0.944842 -3.19473e-19)
(1.40445 -0.858201 3.51602e-20)
(0.706303 -0.466161 7.51139e-19)
(1.55223 -0.475299 -7.52023e-20)
(1.54094 -0.532072 -4.3099e-19)
(1.53082 -0.592869 -5.85226e-21)
(1.52689 -0.664611 5.47425e-19)
(1.52931 -0.745607 -7.82941e-19)
(1.53323 -0.832465 1.48119e-18)
(1.52336 -0.91666 9.02295e-19)
(1.45295 -0.962915 -9.9492e-19)
(1.21183 -0.869396 -3.30461e-19)
(0.604099 -0.468795 3.21226e-19)
(1.35908 -0.495359 -2.89797e-19)
(1.32761 -0.548822 -2.85217e-19)
(1.31839 -0.611267 8.95947e-21)
(1.32013 -0.684559 8.27891e-19)
(1.32487 -0.764374 1.35876e-19)
(1.3263 -0.847284 -1.10852e-18)
(1.31182 -0.925393 5.55127e-19)
(1.24277 -0.964038 3.22314e-19)
(1.02834 -0.863883 -4.35151e-19)
(0.507501 -0.461401 1.66777e-19)
(0.764211 0.048871 -8.50841e-20)
(1.18475 0.0366241 -5.45489e-21)
(0.914522 0.0210999 -1.19682e-20)
(1.02549 0.0219064 -1.97087e-22)
(0.979615 0.0166353 1.7529e-21)
(0.963746 0.00978459 -9.04153e-23)
(0.950383 -0.00889395 1.38187e-20)
(0.955452 -0.0481445 1.27364e-21)
(0.960388 -0.146657 -6.65465e-20)
(1.15054 -0.352029 -2.72246e-19)
(0.765059 0.0466992 5.22458e-20)
(1.18195 0.037349 -1.8303e-20)
(0.915564 0.0235573 -4.07414e-21)
(1.02405 0.0256836 1.41563e-20)
(0.981042 0.020404 -6.152e-21)
(0.963477 0.0147716 5.57888e-22)
(0.946989 -0.00134467 1.04697e-20)
(0.944762 -0.0351204 -3.49463e-20)
(0.929255 -0.130428 4.42793e-23)
(1.06338 -0.294636 -1.09125e-18)
(0.766049 0.0443206 4.13318e-20)
(1.18024 0.0379366 2.46703e-20)
(0.916457 0.0260385 3.39158e-21)
(1.0226 0.029198 8.04108e-21)
(0.982163 0.0243634 1.98193e-21)
(0.962785 0.0198289 -4.29974e-21)
(0.943023 0.00491341 8.5275e-21)
(0.932105 -0.0244402 0)
(0.896746 -0.119866 -2.91754e-20)
(0.976006 -0.272761 -1.28291e-19)
(0.766957 0.0417047 -2.76502e-20)
(1.17875 0.038488 1.67217e-20)
(0.917417 0.0286017 8.63065e-21)
(1.02133 0.0324817 5.19424e-21)
(0.983173 0.0284804 2.74263e-20)
(0.962383 0.0252174 -1.12748e-20)
(0.939857 0.0129188 -5.25743e-21)
(0.920298 -0.0114332 1.46406e-20)
(0.871925 -0.0997977 -5.85285e-20)
(0.891922 -0.231755 3.13539e-19)
(0.767742 0.038945 -8.39966e-21)
(1.17734 0.0389887 4.92416e-22)
(0.918414 0.0312148 -3.54946e-21)
(1.02035 0.0355491 1.20155e-20)
(0.9842 0.0326932 -2.80696e-21)
(0.962352 0.0309395 1.2801e-20)
(0.937839 0.0216169 6.84304e-21)
(0.910079 0.00263262 8.44052e-21)
(0.853372 -0.0743445 4.11589e-20)
(0.819249 -0.188326 2.74321e-19)
(0.768392 0.036086 1.11209e-20)
(1.17606 0.0394006 1.95e-20)
(0.919405 0.0338579 2.50619e-20)
(1.01969 0.0384088 -9.64284e-21)
(0.985316 0.0369395 -2.33982e-20)
(0.962735 0.036896 1.06076e-20)
(0.936933 0.030885 3.73128e-21)
(0.901846 0.0176512 5.07158e-22)
(0.840078 -0.0447581 2.60248e-20)
(0.759095 -0.139166 6.88734e-20)
(0.768894 0.0331672 0)
(1.17493 0.0397038 -2.59065e-20)
(0.920357 0.036506 5.02668e-21)
(1.01939 0.0410683 -2.40558e-21)
(0.98658 0.0411659 -2.58381e-20)
(0.963571 0.0430146 -1.10697e-21)
(0.937122 0.040635 -9.356e-21)
(0.895913 0.0335587 1.19363e-20)
(0.831231 -0.0124393 5.06906e-21)
(0.712515 -0.0849062 -2.03992e-19)
(0.769235 0.0302273 0)
(1.17401 0.0398884 0)
(0.921242 0.0391272 -1.99658e-20)
(1.01946 0.0435322 2.97344e-20)
(0.988044 0.04533 -9.83466e-22)
(0.964914 0.0492298 2.06763e-20)
(0.938358 0.0507896 -2.199e-20)
(0.892506 0.0500958 -1.32602e-20)
(0.826371 0.0215216 -8.0497e-21)
(0.67971 -0.0258499 1.14396e-20)
(0.769404 0.0273046 0)
(1.17331 0.0399493 1.69056e-20)
(0.922043 0.0416851 -5.51896e-21)
(1.01993 0.0458011 -2.78529e-21)
(0.98975 0.0493958 3.17959e-20)
(0.966823 0.055478 -1.7654e-20)
(0.940596 0.0612393 -1.55337e-20)
(0.891764 0.0670625 -3.39801e-20)
(0.825352 0.0566452 1.3766e-20)
(0.660606 0.0363311 -1.66867e-20)
(0.769388 0.0244694 6.13484e-21)
(1.17285 0.0398937 3.15765e-20)
(0.922745 0.0441413 3.08361e-21)
(1.02081 0.0478716 -2.84869e-20)
(0.991736 0.0533317 6.36606e-22)
(0.969356 0.0617002 -1.04226e-20)
(0.943803 0.0718567 1.00737e-20)
(0.893848 0.0843285 1.89354e-20)
(0.82782 0.0925045 -5.55348e-20)
(0.655583 0.100331 2.34744e-20)
(0.620567 0.0400813 1.12239e-19)
(0.789042 0.0162393 2.62771e-20)
(0.551066 -0.000946753 -1.16713e-21)
(0.644198 0.00215353 -1.58414e-20)
(0.601038 0.000441691 9.94593e-22)
(0.597867 -0.000139556 -1.37488e-22)
(0.601375 -0.0009865 3.12372e-21)
(0.634794 -0.00371622 -1.68647e-20)
(0.681263 -0.00875233 -7.33934e-22)
(0.900519 -0.0156493 -1.77745e-20)
(0.756297 0.0787245 2.16144e-19)
(1.15529 0.0337397 2.69769e-20)
(0.870935 0.00845532 4.06946e-22)
(0.97726 0.0049628 -1.48079e-21)
(0.931158 0.00413652 8.64187e-22)
(0.922807 0.000567646 -6.79113e-21)
(0.923499 -0.00565109 1.32714e-20)
(0.963683 -0.0178504 -2.58378e-20)
(1.012 -0.0495334 -5.8354e-20)
(1.28454 -0.0935527 1.00038e-19)
(0.767647 0.0613505 9.09095e-21)
(1.20041 0.0330374 5.11486e-21)
(0.915782 0.0106088 1.98718e-21)
(1.02414 0.00974345 -5.44442e-21)
(0.977666 0.00682985 0)
(0.967486 0.00203637 0)
(0.965533 -0.00854745 0)
(0.999585 -0.0287019 0)
(1.04717 -0.0812091 9.21942e-21)
(1.27411 -0.167531 1.49695e-20)
(0.766819 0.0570863 3.19169e-21)
(1.19734 0.0347378 -1.41562e-20)
(0.917212 0.0153546 -6.86605e-21)
(1.02801 0.0140558 0)
(0.981071 0.0100087 0)
(0.969548 0.00394671 0)
(0.965112 -0.0105515 0)
(0.99127 -0.0388086 0)
(1.03757 -0.10991 0)
(1.21814 -0.244558 9.28332e-20)
(0.7648 0.0522748 -1.75554e-21)
(1.19068 0.0358112 -9.45106e-21)
(0.914348 0.018392 0)
(1.02733 0.0180804 -7.57651e-21)
(0.979667 0.0132809 0)
(0.96658 0.00637528 0)
(0.959533 -0.011847 -2.45489e-20)
(0.977235 -0.0477824 5.99027e-20)
(1.01489 -0.132408 0)
(1.16348 -0.328926 7.01179e-19)
(1.01731 -0.00655624 -9.45052e-20)
(1.0059 0.00852755 1.82536e-20)
(0.98365 0.022222 3.1622e-19)
(0.932658 0.0283675 4.57857e-19)
(0.837591 0.0240568 1.5532e-19)
(0.721852 0.016096 -4.49679e-19)
(0.611697 0.00990089 -3.7252e-20)
(0.516375 0.00611483 -6.31816e-20)
(0.440868 0.00371887 -1.60115e-19)
(0.389015 0.00205603 9.51348e-20)
(1.45523 -0.1035 -2.02186e-19)
(1.50397 -0.0920755 -1.83548e-19)
(1.56379 -0.0670837 -8.0825e-20)
(1.62174 -0.0323014 -3.53366e-19)
(1.63642 -0.00373205 2.68021e-19)
(1.58116 0.00841157 4.26482e-19)
(1.46292 0.00927521 3.31088e-19)
(1.31408 0.00857664 4.17159e-19)
(1.1726 0.00915593 -4.64906e-19)
(1.06718 0.0105594 -1.629e-20)
(1.50494 -0.196566 -1.2842e-19)
(1.5883 -0.191499 -3.8125e-19)
(1.69172 -0.165534 1.53786e-20)
(1.81049 -0.123771 2.13918e-19)
(1.91734 -0.0798874 -4.88413e-19)
(1.97595 -0.0445954 -1.17978e-19)
(1.95637 -0.0209033 -3.8716e-19)
(1.86109 -0.0047716 3.21149e-19)
(1.73116 0.00764064 7.27426e-20)
(1.6195 0.0183409 1.04719e-19)
(1.47375 -0.302897 -1.29334e-19)
(1.57799 -0.302509 2.10762e-19)
(1.70552 -0.27263 2.20332e-20)
(1.84964 -0.221003 -1.60805e-19)
(1.99815 -0.162122 -3.86971e-21)
(2.12754 -0.106224 -6.97327e-20)
(2.19937 -0.0600852 -1.87534e-19)
(2.18883 -0.0243789 -2.74854e-19)
(2.11628 0.00283397 8.78413e-20)
(2.03497 0.0242096 -4.59275e-19)
(1.44429 -0.397076 -2.49626e-19)
(1.56063 -0.39299 -1.96245e-19)
(1.69045 -0.368202 2.1205e-19)
(1.83464 -0.318616 -4.69251e-19)
(1.99539 -0.251772 2.7712e-19)
(2.16106 -0.179102 -2.033e-19)
(2.29885 -0.112114 6.30947e-19)
(2.36903 -0.0565225 -2.78696e-19)
(2.36466 -0.0127317 1.92765e-19)
(2.32603 0.0225094 -1.27751e-18)
)
;

boundaryField
{
    left
    {
        type            fixedValue;
        value           uniform (1 0 0);
    }
    right
    {
        type            zeroGradient;
    }
    down
    {
        type            noSlip;
    }
    up
    {
        type            noSlip;
    }
    cylinder
    {
        type            noSlip;
    }
    defaultFaces
    {
        type            empty;
    }
}


// ************************************************************************* //
