/*--------------------------------*- C++ -*----------------------------------*\
  =========                 |
  \\      /  F ield         | OpenFOAM: The Open Source CFD Toolbox
   \\    /   O peration     | Website:  https://openfoam.org
    \\  /    A nd           | Version:  13
     \\/     M anipulation  |
\*---------------------------------------------------------------------------*/
FoamFile
{
    format      ascii;
    class       volVectorField;
    location    "0.66";
    object      U;
}
// * * * * * * * * * * * * * * * * * * * * * * * * * * * * * * * * * * * * * //

dimensions      [0 1 -1 0 0 0 0];

internalField   nonuniform List<vector> 
1800
(
(0.0141894 -0.02243 1.4319e-19)
(0.515579 -0.440465 6.60956e-20)
(1.02708 -0.843398 -4.09546e-19)
(1.32273 -1.04295 5.08058e-19)
(1.44509 -1.08835 1.30036e-18)
(1.48137 -1.05973 5.64964e-19)
(1.48373 -1.00591 -2.93359e-19)
(1.47394 -0.948041 -7.35221e-19)
(1.46279 -0.886917 -3.92727e-19)
(1.43004 -0.835709 -3.23786e-19)
(0.0379803 -0.0388193 6.26467e-20)
(0.618672 -0.447169 -3.20078e-19)
(1.18638 -0.828696 4.62321e-21)
(1.50284 -1.01135 -4.50382e-19)
(1.62534 -1.04817 1.19397e-19)
(1.65465 -1.01629 1.29714e-18)
(1.64935 -0.961421 -9.33619e-19)
(1.63383 -0.902379 4.77637e-19)
(1.61811 -0.84162 7.89919e-19)
(1.5959 -0.797668 -4.08318e-19)
(0.0691458 -0.0547821 4.06896e-21)
(0.728886 -0.443049 9.66499e-20)
(1.34643 -0.794245 3.15089e-19)
(1.67767 -0.956416 -2.89033e-19)
(1.79641 -0.985297 -1.53402e-18)
(1.81622 -0.95316 3.47407e-19)
(1.80093 -0.901774 6.15692e-19)
(1.77617 -0.848082 -7.6389e-20)
(1.75154 -0.79463 -5.22024e-21)
(1.72008 -0.752955 -3.4177e-20)
(0.107665 -0.0684074 -8.34846e-21)
(0.84423 -0.42542 -1.11519e-19)
(1.50392 -0.737771 -2.62789e-19)
(1.84419 -0.875851 6.93864e-20)
(1.95676 -0.896157 3.97934e-19)
(1.96692 -0.863815 3.64751e-20)
(1.9425 -0.815489 -2.49436e-20)
(1.90981 -0.765548 5.65178e-19)
(1.87793 -0.715833 4.71051e-19)
(1.84283 -0.678944 -1.58305e-19)
(0.153231 -0.0782748 1.07647e-19)
(0.962085 -0.393743 1.73808e-19)
(1.65453 -0.660942 -8.03523e-20)
(1.99719 -0.77344 -9.46469e-20)
(2.10082 -0.786516 -1.19749e-18)
(2.1009 -0.756277 1.07437e-20)
(2.06794 -0.713616 9.58493e-19)
(2.02827 -0.670225 3.29246e-19)
(1.99019 -0.627696 2.19299e-20)
(1.951 -0.59537 -2.09095e-19)
(0.204652 -0.0825 -7.79403e-20)
(1.07881 -0.346488 2.46918e-19)
(1.79362 -0.563678 1.02651e-18)
(2.13221 -0.649944 -7.93357e-19)
(2.22478 -0.656973 -8.68504e-19)
(2.2149 -0.630084 1.46844e-18)
(2.17425 -0.593996 -1.06103e-18)
(2.12845 -0.557754 -1.17829e-18)
(2.08498 -0.522459 8.54076e-19)
(2.04236 -0.495895 -3.0665e-20)
(0.260428 -0.0797065 7.92943e-20)
(1.19071 -0.283668 -5.82045e-19)
(1.917 -0.448183 -2.72035e-18)
(2.24554 -0.50911 1.31777e-18)
(2.3256 -0.512113 2.19226e-18)
(2.30646 -0.490272 -6.41537e-21)
(2.25947 -0.462111 -2.86612e-18)
(2.20895 -0.434117 4.61569e-22)
(2.16147 -0.406996 2.58735e-18)
(2.11624 -0.386614 6.82455e-19)
(0.318337 -0.0687067 2.2982e-22)
(1.29347 -0.205653 4.54869e-19)
(2.02039 -0.316737 2.09844e-18)
(2.33371 -0.354247 -7.09506e-20)
(2.40059 -0.35541 -1.41031e-18)
(2.37321 -0.33997 -4.4207e-19)
(2.32127 -0.320648 0)
(2.26733 -0.301594 1.00618e-18)
(2.21702 -0.283171 6.97791e-21)
(2.17003 -0.269646 -8.24957e-19)
(0.375735 -0.0488976 3.64065e-21)
(1.38302 -0.113909 9.70537e-19)
(2.10025 -0.172672 1.8824e-18)
(2.39443 -0.189562 -1.93427e-18)
(2.4483 -0.191165 -1.4381e-18)
(2.41408 -0.183221 4.49885e-19)
(2.35875 -0.173396 -1.89737e-18)
(2.30278 -0.163705 -1.30096e-18)
(2.25089 -0.154251 1.54328e-18)
(2.20309 -0.147841 1.31774e-18)
(0.429666 -0.0203553 1.11065e-19)
(1.45555 -0.0106466 6.62682e-19)
(2.15365 -0.0196528 3.52746e-19)
(2.42633 -0.0193841 -2.80803e-18)
(2.46794 -0.0235032 3.45477e-20)
(2.42855 -0.0238186 4.28435e-18)
(2.37141 -0.0238343 -2.28088e-18)
(2.31475 -0.0236622 -1.27518e-18)
(2.26254 -0.0232227 4.20662e-19)
(2.2149 -0.0239935 -9.57596e-19)
(-0.00443104 0.00156617 9.9153e-20)
(-0.00232641 -0.0841115 4.88452e-20)
(0.041937 -0.174037 -1.544e-21)
(0.103142 -0.225424 -8.94285e-21)
(0.170589 -0.243903 -1.98726e-21)
(0.236569 -0.244887 -4.44184e-20)
(0.297828 -0.238737 1.51746e-20)
(0.353819 -0.230409 -2.29894e-20)
(0.404271 -0.221886 3.29037e-21)
(0.452098 -0.215116 -8.63611e-21)
(-0.00592921 0.0115146 2.67418e-20)
(0.0102319 -0.126651 7.26872e-20)
(0.069758 -0.278232 -9.90364e-20)
(0.139561 -0.365004 -4.35971e-20)
(0.20978 -0.394787 -7.95651e-20)
(0.275518 -0.394109 -8.28927e-20)
(0.335289 -0.381089 3.2805e-20)
(0.389452 -0.36441 -1.73988e-20)
(0.437903 -0.347625 -4.31322e-21)
(0.484724 -0.335166 -6.7386e-21)
(-0.00885331 0.0199113 -4.60444e-20)
(0.0301389 -0.169086 1.70134e-19)
(0.114915 -0.379104 6.96199e-20)
(0.199044 -0.49889 2.58357e-19)
(0.273917 -0.538839 4.82915e-20)
(0.339287 -0.536169 -2.81761e-19)
(0.396638 -0.516362 -3.36727e-20)
(0.447809 -0.491589 9.74055e-20)
(0.49299 -0.46694 -4.36909e-20)
(0.538264 -0.448994 -8.71226e-21)
(-0.0126484 0.0261197 -1.19553e-19)
(0.057921 -0.211091 -2.77784e-20)
(0.177273 -0.474828 3.34697e-20)
(0.280928 -0.624201 -1.41146e-19)
(0.362028 -0.672716 8.36227e-20)
(0.426759 -0.667625 1.90998e-19)
(0.480724 -0.641188 5.28299e-20)
(0.527759 -0.608705 -1.06958e-20)
(0.568487 -0.576755 2.30051e-20)
(0.611686 -0.553576 -2.76416e-21)
(-0.0165253 0.0295499 0)
(0.0942696 -0.252309 9.21062e-20)
(0.256539 -0.563619 2.31549e-19)
(0.384171 -0.738132 -2.62102e-19)
(0.472664 -0.793194 -5.72736e-19)
(0.536325 -0.785198 1.94438e-19)
(0.585934 -0.752385 -2.62454e-20)
(0.62776 -0.712729 -1.06066e-19)
(0.662996 -0.674204 0)
(0.703623 -0.646061 -9.29729e-21)
(-0.0196105 0.0299027 5.07182e-20)
(0.139966 -0.292417 9.838e-20)
(0.352212 -0.643751 3.00582e-20)
(0.507276 -0.838016 2.52319e-19)
(0.603814 -0.897268 -1.98958e-19)
(0.665811 -0.885888 -2.92644e-19)
(0.710131 -0.847099 5.18329e-19)
(0.745806 -0.800981 5.74161e-20)
(0.774748 -0.756747 -3.05212e-19)
(0.812302 -0.723837 -7.31356e-21)
(-0.0212148 0.0264329 3.22868e-21)
(0.195177 -0.330981 4.09952e-20)
(0.463641 -0.713259 1.43455e-19)
(0.648281 -0.921263 2.80367e-20)
(0.752848 -0.982211 3.25858e-19)
(0.812379 -0.967105 -4.06652e-19)
(0.85054 -0.922965 -4.15209e-19)
(0.879287 -0.871335 -3.49421e-19)
(0.901461 -0.822342 2.56129e-19)
(0.935212 -0.784582 2.78191e-19)
(-0.0196464 0.0187233 -1.31543e-19)
(0.260684 -0.366863 4.14006e-20)
(0.589433 -0.770215 3.10569e-19)
(0.804461 -0.985628 -1.80961e-19)
(0.916412 -1.04592 3.38108e-19)
(0.97253 -1.02712 8.0562e-19)
(1.00376 -0.978716 5.60054e-19)
(1.02495 -0.923084 -4.40174e-19)
(1.04023 -0.870515 -2.09094e-19)
(1.06822 -0.827505 3.02774e-19)
(-0.0136446 0.0072617 -2.15817e-19)
(0.336501 -0.398561 -3.67274e-19)
(0.727208 -0.812598 6.3555e-19)
(0.971832 -1.02906 7.32189e-19)
(1.08977 -1.08663 -7.52092e-19)
(1.14129 -1.06465 8.4243e-19)
(1.16479 -1.01372 1.3883e-19)
(1.17767 -0.956543 -1.02415e-18)
(1.18594 -0.902102 -2.51351e-19)
(1.20301 -0.853876 3.42589e-19)
(-0.00261369 -0.00683518 6.42532e-20)
(0.421571 -0.423879 -3.75373e-19)
(0.873622 -0.837847 -4.38046e-19)
(1.14529 -1.04899 7.55978e-19)
(1.26664 -1.10165 6.10311e-19)
(1.31142 -1.07667 -7.62044e-19)
(1.32522 -1.02445 -6.33158e-19)
(1.32773 -0.967481 3.77143e-19)
(1.32737 -0.9115 -3.92475e-19)
(1.32443 -0.859558 -2.39203e-19)
(0.628226 -0.175118 4.36807e-20)
(0.804348 -0.132754 -5.76519e-20)
(0.890175 -0.104133 5.78519e-21)
(0.94043 -0.0816107 1.17012e-20)
(0.969631 -0.06333 -5.95128e-21)
(0.98707 -0.0483494 -3.17361e-21)
(0.997889 -0.0360429 -4.92003e-21)
(1.00473 -0.0257877 -3.13657e-21)
(1.00886 -0.0176428 8.02149e-21)
(1.01159 -0.00728789 2.93968e-21)
(0.645943 -0.249647 1.17966e-19)
(0.816515 -0.171559 1.15567e-20)
(0.898527 -0.12505 4.03307e-21)
(0.946792 -0.0933912 -6.07321e-21)
(0.974686 -0.0702483 -1.56455e-20)
(0.991142 -0.0525039 0)
(1.0012 -0.038585 -5.10943e-21)
(1.00746 -0.0273457 3.9008e-21)
(1.01119 -0.0185942 4.76632e-22)
(1.01359 -0.00765955 -3.55738e-21)
(0.674229 -0.321479 -7.91551e-20)
(0.834094 -0.209733 -3.36015e-20)
(0.909634 -0.145781 1.47654e-20)
(0.954545 -0.105069 -8.62285e-21)
(0.980503 -0.077067 -3.78884e-21)
(0.995664 -0.0565607 6.10421e-21)
(1.00478 -0.0410332 0)
(1.01035 -0.0288223 0)
(1.01364 -0.0194796 -2.24e-21)
(1.01568 -0.00800156 0)
(0.713069 -0.389138 -3.74346e-20)
(0.856777 -0.246758 6.94908e-20)
(0.923482 -0.166116 7.72782e-21)
(0.963693 -0.116531 0)
(0.987084 -0.0837172 2.08687e-20)
(1.00063 -0.0604776 -3.47252e-21)
(1.00863 -0.0433612 0)
(1.01342 -0.0302 4.57259e-21)
(1.0162 -0.0202879 0)
(1.01784 -0.00830909 5.71461e-22)
(0.762439 -0.451175 -3.91576e-20)
(0.884195 -0.282118 9.48329e-20)
(0.940028 -0.185844 -4.17147e-21)
(0.974236 -0.12767 0)
(0.994419 -0.0901341 4.43094e-21)
(1.00603 -0.0642134 6.82274e-21)
(1.01273 -0.0455423 5.94026e-21)
(1.01663 -0.0314624 1.08342e-21)
(1.01886 -0.0210081 -2.265e-21)
(1.02007 -0.00857735 2.68465e-21)
(0.822065 -0.506182 -7.42161e-19)
(0.915898 -0.315435 -1.82517e-19)
(0.959182 -0.204817 1.6246e-21)
(0.986171 -0.138391 2.97761e-20)
(1.0025 -0.096258 -6.9188e-21)
(1.01184 -0.0677284 4.94776e-21)
(1.01707 -0.0475505 5.38513e-21)
(1.01998 -0.0325913 -9.76055e-21)
(1.02159 -0.0216302 -2.08858e-22)
(1.02238 -0.00880399 2.49378e-22)
(0.890817 -0.552433 -7.24817e-21)
(0.95095 -0.345966 7.21403e-20)
(0.980683 -0.222914 2.83095e-21)
(0.999457 -0.148643 -8.63574e-22)
(1.01131 -0.102053 -2.33793e-20)
(1.01805 -0.0709925 5.34755e-21)
(1.02163 -0.049363 -3.64008e-21)
(1.02345 -0.0335702 -4.26405e-21)
(1.02439 -0.0221429 1.1494e-21)
(1.02469 -0.00898328 -1.86228e-21)
(0.967083 -0.588143 2.89186e-19)
(0.987156 -0.372374 8.91769e-20)
(1.00336 -0.239453 0)
(1.01373 -0.158122 -4.81458e-22)
(1.0207 -0.107385 1.8982e-20)
(1.0246 -0.0739451 1.15106e-21)
(1.02637 -0.0509501 -1.59572e-20)
(1.02703 -0.0343832 4.50236e-21)
(1.02723 -0.0225357 -4.36662e-23)
(1.02704 -0.00911048 -2.44186e-22)
(1.05436 -0.616144 -4.25333e-19)
(1.02456 -0.396905 -2.42517e-19)
(1.02565 -0.255313 5.47528e-20)
(1.02794 -0.16702 -2.85856e-22)
(1.03015 -0.112212 -2.32211e-21)
(1.03123 -0.0765064 -1.51964e-20)
(1.03119 -0.0522546 4.13754e-21)
(1.03065 -0.0349968 5.26029e-22)
(1.03009 -0.0227915 -3.19431e-21)
(1.0294 -0.00918506 -2.86351e-21)
(1.1581 -0.642437 2.98382e-19)
(1.07346 -0.421295 -2.40011e-19)
(1.05099 -0.274141 -4.16231e-20)
(1.0427 -0.178464 -4.36169e-20)
(1.03956 -0.118454 -2.383e-20)
(1.03776 -0.0797013 -1.17613e-20)
(1.03596 -0.0537763 -5.71603e-21)
(1.03423 -0.0356318 0)
(1.03292 -0.0230021 -4.87628e-22)
(1.03175 -0.00921694 1.96457e-21)
(1.31317 -0.629167 4.72301e-19)
(1.17603 -0.420887 1.59721e-19)
(1.10984 -0.275811 -1.25497e-19)
(1.07633 -0.180288 7.92353e-21)
(1.05916 -0.119531 9.3953e-21)
(1.04976 -0.0800829 -5.46727e-21)
(1.04371 -0.0537215 1.22925e-22)
(1.03951 -0.0353796 4.67536e-21)
(1.03677 -0.0227119 -3.18605e-21)
(1.0348 -0.00908076 1.36814e-22)
(1.36376 -0.514792 -7.66627e-21)
(1.20765 -0.358533 1.51293e-19)
(1.13751 -0.244522 1.27323e-19)
(1.09857 -0.164955 -1.53306e-20)
(1.07521 -0.111347 5.87166e-20)
(1.06098 -0.0752842 3.76244e-20)
(1.05158 -0.0507056 2.55362e-20)
(1.04515 -0.0334484 -2.51407e-21)
(1.04105 -0.0214918 8.79253e-21)
(1.03821 -0.00858436 3.8019e-21)
(1.42131 -0.443142 -1.44843e-19)
(1.25797 -0.321681 -1.19403e-20)
(1.17335 -0.224028 6.51693e-21)
(1.12314 -0.152881 6.16878e-37)
(1.09172 -0.103697 6.63132e-22)
(1.07211 -0.0702313 -1.04571e-34)
(1.05925 -0.0472924 -2.87923e-21)
(1.05058 -0.0311616 -2.11011e-34)
(1.04514 -0.020001 8.36886e-22)
(1.04142 -0.00798285 -2.53771e-21)
(1.4575 -0.362997 -2.19231e-34)
(1.29325 -0.272872 -4.15386e-20)
(1.20168 -0.195259 -4.44631e-20)
(1.14402 -0.135813 0)
(1.10635 -0.0930517 -2.54648e-20)
(1.08221 -0.0633265 -1.71712e-20)
(1.06627 -0.0427214 -9.97603e-21)
(1.05557 -0.028157 -2.5461e-34)
(1.04888 -0.0180738 -3.02344e-21)
(1.04435 -0.0072138 2.4078e-21)
(1.48004 -0.292245 -8.92753e-20)
(1.32019 -0.226271 4.81197e-21)
(1.22471 -0.165294 0)
(1.16163 -0.11669 0)
(1.11903 -0.0806334 0)
(1.09107 -0.0551187 0)
(1.07247 -0.0372587 -5.47416e-22)
(1.06 -0.0245712 -2.83722e-34)
(1.05222 -0.0157787 7.30266e-22)
(1.04694 -0.00629984 2.87807e-34)
(1.49394 -0.226958 -3.45006e-20)
(1.34012 -0.180121 0)
(1.24274 -0.133971 0)
(1.1759 -0.0958288 0)
(1.12956 -0.0667395 0)
(1.09855 -0.0458122 0)
(1.07775 -0.0310309 8.98359e-22)
(1.06378 -0.0204818 6.03293e-21)
(1.05505 -0.013161 6.82235e-22)
(1.04913 -0.00525651 3.20441e-21)
(1.50203 -0.166804 0)
(1.35427 -0.135133 -1.20558e-20)
(1.25624 -0.102027 -1.69633e-20)
(1.18691 -0.0737991 0)
(1.13785 -0.0517496 -1.16463e-20)
(1.1045 -0.0356567 -8.2364e-21)
(1.08199 -0.0241994 -4.76438e-21)
(1.06682 -0.0159878 -3.51486e-21)
(1.05733 -0.0102811 4.60339e-21)
(1.05088 -0.00410882 1.39528e-21)
(1.50526 -0.110982 9.30375e-21)
(1.36247 -0.0906324 7.13305e-21)
(1.2646 -0.0690527 -4.2713e-21)
(1.19394 -0.0503723 2.46755e-36)
(1.14318 -0.035503 8.23726e-22)
(1.10826 -0.0245352 -6.27948e-35)
(1.08455 -0.0166797 6.46238e-22)
(1.06854 -0.0110291 2.9528e-21)
(1.05851 -0.00709175 5.57323e-22)
(1.05168 -0.00283039 -1.95275e-21)
(1.48476 -0.0543415 -4.57793e-20)
(1.34474 -0.0490735 9.97712e-21)
(1.24925 -0.0386744 1.13776e-20)
(1.17991 -0.0286551 0)
(1.12968 -0.0203309 7.21487e-21)
(1.0949 -0.0140981 5.10843e-21)
(1.07117 -0.00960389 3.99936e-21)
(1.05515 -0.00636031 2.22435e-21)
(1.04512 -0.00409069 -2.06238e-21)
(1.03825 -0.00163025 2.33775e-21)
(1.10215 -0.00212932 0)
(1.01533 -0.00635295 0)
(0.95005 -0.00598234 0)
(0.900139 -0.00465515 0)
(0.863206 -0.00334883 0)
(0.837441 -0.00234449 0)
(0.819781 -0.00160873 4.91695e-22)
(0.807794 -0.00107678 -3.42188e-36)
(0.800264 -0.000679787 5.5275e-22)
(0.795177 -0.00025965 1.80698e-21)
(2.13048 -0.0230683 8.90215e-19)
(2.12117 -0.129237 6.16025e-20)
(2.09408 -0.233518 -1.32267e-19)
(2.04937 -0.333425 -3.52104e-19)
(1.98884 -0.427324 -1.22182e-19)
(1.91149 -0.51388 -1.82317e-19)
(1.82761 -0.584672 -4.35827e-19)
(1.71426 -0.661759 1.39521e-19)
(1.63577 -0.680766 0)
(1.46918 -0.764609 4.44579e-20)
(2.04486 -0.0162387 2.22118e-19)
(2.03733 -0.0958072 -3.4478e-19)
(2.01647 -0.174556 -3.99265e-21)
(1.98103 -0.251117 -1.39584e-19)
(1.93665 -0.32341 2.17864e-20)
(1.87313 -0.395482 1.27414e-19)
(1.81682 -0.445538 1.75271e-20)
(1.72068 -0.527663 9.71917e-20)
(1.66895 -0.527042 -1.18775e-19)
(1.55275 -0.619014 2.56696e-20)
(1.97053 -0.0124553 -1.16407e-19)
(1.96476 -0.0759112 2.12219e-19)
(1.94861 -0.138385 1.92815e-19)
(1.91998 -0.199357 -2.29573e-19)
(1.88574 -0.255933 1.03271e-19)
(1.83366 -0.315514 1.24756e-19)
(1.79063 -0.351977 -6.54077e-20)
(1.71507 -0.425962 7.74141e-20)
(1.66858 -0.421948 7.92059e-20)
(1.58442 -0.504459 1.02469e-19)
(1.91395 -0.0118292 -1.94894e-19)
(1.90925 -0.0602768 4.91269e-20)
(1.89578 -0.108102 -1.09972e-19)
(1.87192 -0.155453 -6.67697e-20)
(1.84337 -0.199189 2.85161e-20)
(1.80072 -0.247094 -1.0608e-19)
(1.76375 -0.275277 8.34024e-20)
(1.70511 -0.33627 2.93774e-20)
(1.66203 -0.333914 -1.47184e-20)
(1.59901 -0.401658 9.31811e-21)
(1.86963 -0.010145 5.52609e-20)
(1.86574 -0.0470969 4.79025e-20)
(1.85418 -0.0834962 -6.38006e-20)
(1.83399 -0.119693 2.31306e-19)
(1.80898 -0.153047 1.48946e-20)
(1.77366 -0.190058 -1.38122e-19)
(1.74018 -0.212189 2.09599e-20)
(1.69337 -0.259246 -8.84176e-20)
(1.65365 -0.259395 1.16366e-19)
(1.60357 -0.311811 8.47737e-20)
(1.83611 -0.00987772 -1.04148e-19)
(1.8329 -0.0369193 -5.84318e-20)
(1.82264 -0.0635566 3.60925e-20)
(1.80503 -0.0901643 8.06459e-20)
(1.7823 -0.11484 3.98745e-20)
(1.75203 -0.142304 -4.08396e-20)
(1.72079 -0.159518 3.21699e-21)
(1.68151 -0.194286 5.51791e-20)
(1.64468 -0.19632 1.04687e-19)
(1.60235 -0.235373 -5.52317e-20)
(1.8117 -0.010097 -4.33101e-20)
(1.80905 -0.0285842 -7.96121e-20)
(1.79978 -0.0467759 -5.06262e-20)
(1.78399 -0.0650423 -1.01747e-19)
(1.76282 -0.0821616 -2.16819e-20)
(1.73585 -0.10131 -5.45705e-21)
(1.70613 -0.113888 4.79975e-20)
(1.67142 -0.138327 -1.70327e-20)
(1.63683 -0.141011 -3.30689e-20)
(1.59882 -0.168981 1.07753e-20)
(1.79104 -0.00959492 3.50598e-20)
(1.78957 -0.0205464 3.43187e-20)
(1.7817 -0.0312282 1.25509e-20)
(1.76785 -0.0420185 -2.20214e-20)
(1.74843 -0.0523351 -1.78606e-20)
(1.72412 -0.0642322 3.63704e-20)
(1.69579 -0.0723687 -1.53263e-21)
(1.66391 -0.0885323 -4.85874e-20)
(1.63091 -0.0907181 1.12702e-20)
(1.59499 -0.11083 5.14257e-20)
(1.71532 -0.0145164 -2.63923e-20)
(1.71549 -0.0167675 4.21621e-21)
(1.71199 -0.0186379 4.02033e-20)
(1.70441 -0.020512 3.48022e-21)
(1.69229 -0.0221735 -2.28617e-21)
(1.67656 -0.0252986 -7.13086e-21)
(1.65596 -0.0262698 1.97566e-20)
(1.63322 -0.0338346 -2.97966e-20)
(1.6051 -0.032548 3.75672e-20)
(1.57893 -0.0447133 1.22334e-19)
(1.11564 -0.00902381 2.97425e-20)
(1.10724 -0.00590534 1.90087e-20)
(1.10198 -0.0027981 1.49634e-20)
(1.10034 0.000237702 1.58711e-20)
(1.10134 0.00312828 -2.16636e-21)
(1.10591 0.00555088 6.89818e-21)
(1.10956 0.00814796 -9.39408e-21)
(1.1196 0.00807256 2.1806e-21)
(1.11769 0.0117606 -3.5662e-21)
(1.13476 0.00724476 4.00603e-21)
(1.38523 0.743137 -5.68773e-20)
(1.36979 0.789343 2.49585e-20)
(1.37314 0.847736 -4.42252e-19)
(1.3823 0.913246 2.16382e-19)
(1.39216 0.982043 8.66235e-19)
(1.39826 1.05098 -1.36925e-19)
(1.38221 1.10547 -8.47621e-19)
(1.28218 1.08765 -4.60065e-20)
(0.981423 0.875086 -4.03699e-19)
(0.41456 0.374953 1.61003e-19)
(1.56082 0.725229 0)
(1.55075 0.771693 5.37143e-19)
(1.54839 0.824454 1.20861e-18)
(1.55347 0.885541 -7.35558e-19)
(1.56377 0.952106 -1.78238e-18)
(1.57318 1.02019 -1.39651e-19)
(1.55888 1.07416 -1.7838e-19)
(1.44855 1.05589 6.40778e-19)
(1.10723 0.846169 8.10701e-19)
(0.463836 0.357441 3.71047e-19)
(1.69754 0.708363 6.11309e-20)
(1.70136 0.752239 0)
(1.70564 0.79949 -6.42244e-20)
(1.71506 0.854297 7.6637e-19)
(1.72982 0.915327 5.21168e-20)
(1.74384 0.978771 -1.88033e-18)
(1.73115 1.02866 1.19146e-18)
(1.60945 1.00771 7.4842e-19)
(1.2265 0.803041 -7.38541e-19)
(0.508119 0.332661 -2.80308e-19)
(1.8056 0.674787 -1.37782e-19)
(1.82207 0.71411 -1.03845e-19)
(1.83776 0.756537 2.29198e-19)
(1.85706 0.805708 -2.86411e-19)
(1.88045 0.860931 -1.36943e-18)
(1.90168 0.918628 -1.06591e-18)
(1.89144 0.962934 1.1642e-18)
(1.75761 0.93821 7.53735e-19)
(1.33185 0.741919 0)
(0.542186 0.298719 0)
(1.89925 0.616585 -8.03731e-19)
(1.92544 0.651753 -1.42728e-18)
(1.952 0.690341 -5.58709e-19)
(1.98187 0.734651 -3.32282e-20)
(2.01492 0.784147 0)
(2.04402 0.835562 1.40507e-19)
(2.0358 0.873586 1.6774e-19)
(1.88814 0.844973 2.14782e-19)
(1.41871 0.661084 -3.27272e-19)
(0.563599 0.256044 -8.15402e-20)
(1.98532 0.536726 9.81479e-19)
(2.01846 0.568069 -4.1595e-20)
(2.05356 0.602782 -1.1532e-18)
(2.09234 0.642064 0)
(2.1339 0.685423 0)
(2.16976 0.729997 0)
(2.16189 0.761539 1.48493e-18)
(1.99804 0.729884 -1.79077e-18)
(1.48413 0.562772 -1.07483e-18)
(0.570588 0.207006 -7.80214e-20)
(2.06266 0.441191 -1.31601e-18)
(2.1008 0.468117 -2.75114e-18)
(2.14223 0.497902 -4.81928e-21)
(2.18782 0.531149 5.68111e-19)
(2.23604 0.567352 -4.08212e-20)
(2.27673 0.604073 1.30265e-18)
(2.26703 0.629013 -7.51749e-19)
(2.08432 0.597423 -2.20342e-18)
(1.52608 0.454266 1.71022e-19)
(0.563923 0.156594 1.2794e-19)
(2.12719 0.334543 -1.06346e-18)
(2.16914 0.355979 1.60088e-20)
(2.21525 0.379572 4.14082e-19)
(2.26585 0.405723 -4.07638e-19)
(2.31881 0.433886 6.46808e-19)
(2.36233 0.461636 1.86708e-18)
(2.34802 0.480054 -2.22639e-19)
(2.1437 0.451286 -1.24361e-18)
(1.54374 0.338482 2.94215e-19)
(0.545927 0.106676 4.78646e-20)
(2.17539 0.219746 4.10129e-19)
(2.22019 0.2348 8.04019e-20)
(2.26964 0.25108 -4.40743e-19)
(2.32368 0.269141 -1.04788e-18)
(2.37978 0.288401 9.19564e-20)
(2.42389 0.307203 9.39261e-20)
(2.40256 0.319914 -1.68183e-18)
(2.17554 0.296557 7.07111e-19)
(1.53735 0.219558 2.09525e-19)
(0.516666 0.0591864 -1.6741e-19)
(2.20515 0.0994058 8.09104e-19)
(2.25182 0.107199 -1.24004e-18)
(2.30326 0.115498 1.87201e-19)
(2.35929 0.124653 2.63115e-18)
(2.41675 0.134498 1.37643e-18)
(2.45944 0.143672 -3.20117e-18)
(2.42907 0.151691 -3.32533e-18)
(2.17893 0.138374 1.6291e-18)
(1.50767 0.10167 5.4788e-21)
(0.47743 0.0160595 4.90827e-20)
(0.511317 0.20647 -1.59304e-19)
(0.473767 0.21369 -1.45939e-19)
(0.430174 0.221607 7.9128e-20)
(0.382116 0.230078 -2.55112e-19)
(0.329133 0.23913 -3.07934e-20)
(0.270619 0.248595 2.131e-19)
(0.20573 0.256421 4.95623e-20)
(0.134145 0.252812 -1.99708e-20)
(0.0625274 0.21258 4.95962e-21)
(0.0100152 0.104166 1.35434e-20)
(0.539156 0.306306 1.28679e-19)
(0.502503 0.32043 1.79113e-19)
(0.460335 0.336213 3.44307e-20)
(0.413842 0.353079 -6.77354e-20)
(0.362543 0.370989 -2.41858e-19)
(0.305848 0.389685 3.91894e-21)
(0.242555 0.405592 1.1157e-19)
(0.17063 0.401767 1.59739e-20)
(0.093178 0.336072 -6.94942e-20)
(0.0250351 0.161225 -2.32114e-20)
(0.584203 0.402111 -1.29883e-19)
(0.549137 0.422872 -1.33403e-19)
(0.50943 0.446099 1.19456e-19)
(0.465604 0.470921 1.01232e-19)
(0.417129 0.497248 -6.15573e-20)
(0.363452 0.524707 -7.18489e-20)
(0.302749 0.5482 -8.43136e-20)
(0.230074 0.543889 -1.90036e-20)
(0.14266 0.453349 -4.19138e-20)
(0.0487984 0.214852 3.29254e-21)
(0.645349 0.491819 6.19945e-20)
(0.612526 0.518818 -2.20878e-20)
(0.576252 0.548861 -1.00654e-19)
(0.536142 0.580999 2.51078e-20)
(0.491589 0.61511 -7.48821e-20)
(0.442076 0.650661 1.8035e-20)
(0.384911 0.681054 -1.6772e-19)
(0.311076 0.675923 -6.50318e-21)
(0.209661 0.561636 -2.26377e-19)
(0.0804637 0.263502 4.66067e-20)
(0.721028 0.573525 -1.39978e-20)
(0.691069 0.606279 -1.50198e-21)
(0.659177 0.642356 -4.21526e-20)
(0.623835 0.681005 -1.80026e-19)
(0.584304 0.722085 8.07387e-20)
(0.540066 0.764871 -3.66883e-20)
(0.487289 0.80129 1.05493e-19)
(0.411953 0.794872 -5.70684e-20)
(0.292405 0.658356 2.84673e-19)
(0.118925 0.305916 2.11869e-19)
(0.809284 0.64543 -3.13689e-20)
(0.782642 0.683061 -9.66973e-20)
(0.755847 0.72398 1.07774e-19)
(0.726108 0.768041 8.66278e-20)
(0.692559 0.815097 2.34351e-19)
(0.654636 0.864134 1.44117e-19)
(0.607038 0.905598 4.39781e-19)
(0.529796 0.89738 1.94803e-19)
(0.388456 0.740362 1.6609e-19)
(0.162931 0.340429 1.90327e-19)
(0.907701 0.70569 -9.34274e-20)
(0.885628 0.747623 3.59457e-19)
(0.865437 0.792438 2.20871e-19)
(0.842672 0.840768 -2.5649e-19)
(0.816201 0.892564 -1.34547e-19)
(0.785421 0.94658 4.89948e-19)
(0.743359 0.991923 -9.39788e-20)
(0.663294 0.981489 -3.04753e-19)
(0.496272 0.806215 -6.29835e-20)
(0.211385 0.366386 1.96383e-19)
(1.00811 0.753848 1.94022e-19)
(0.989494 0.797761 5.23867e-20)
(0.976138 0.844438 -5.71757e-19)
(0.961689 0.895847 7.81268e-20)
(0.944396 0.951475 3.7821e-19)
(0.923071 1.00943 -2.54012e-19)
(0.88837 1.05739 -6.21969e-20)
(0.805761 1.04399 -1.32496e-19)
(0.610498 0.852827 1.24935e-20)
(0.261488 0.382179 -2.87628e-19)
(1.12755 0.776427 2.07981e-20)
(1.11823 0.82364 -3.98465e-19)
(1.1132 0.871377 -3.15233e-21)
(1.10536 0.924695 3.26443e-19)
(1.0944 0.983614 -3.29478e-19)
(1.0797 1.04551 6.76828e-19)
(1.04976 1.09658 4.75487e-19)
(0.96154 1.08187 -7.23818e-19)
(0.733174 0.87986 -3.30665e-20)
(0.313628 0.388851 -2.84248e-19)
(1.19729 0.789225 -2.28563e-19)
(1.2022 0.839259 -2.22859e-19)
(1.21747 0.890501 2.37117e-19)
(1.22851 0.946391 5.42354e-19)
(1.2336 1.00636 2.1488e-19)
(1.23232 1.06846 -5.67747e-19)
(1.21119 1.11864 4.28344e-20)
(1.11873 1.09988 1.5669e-19)
(0.856124 0.888677 -1.93641e-19)
(0.364583 0.386519 -2.00931e-19)
(0.820757 0.0221504 3.84323e-21)
(1.16058 0.0426749 -1.63044e-20)
(0.914144 0.0491592 -1.44047e-20)
(1.04014 0.052004 0)
(0.987121 0.0597637 1.62948e-20)
(0.972589 0.0705916 2.15986e-20)
(0.949266 0.0857307 2.7508e-20)
(0.898357 0.105586 5.6066e-20)
(0.829098 0.13399 -8.06569e-20)
(0.661766 0.170196 -1.03559e-19)
(0.820194 0.0189476 3.22417e-20)
(1.16044 0.0426393 -5.16315e-20)
(0.914602 0.0511896 1.60483e-22)
(1.04188 0.0536149 -1.30261e-20)
(0.98978 0.0638183 8.90063e-21)
(0.976622 0.0768714 -1.10842e-20)
(0.954582 0.0968563 -6.84963e-20)
(0.906596 0.123151 0)
(0.838708 0.171884 1.74973e-19)
(0.684012 0.234389 -2.152e-19)
(0.819397 0.0159315 -2.95725e-20)
(1.16052 0.0424621 1.65871e-20)
(0.914984 0.0529639 3.23947e-20)
(1.04411 0.0549948 1.23755e-20)
(0.992773 0.0676322 -2.16637e-20)
(0.981421 0.0829497 5.72656e-23)
(0.960932 0.107694 -4.86678e-20)
(0.917777 0.140615 -3.98822e-21)
(0.851907 0.208678 9.09781e-23)
(0.719089 0.296846 5.82269e-19)
(0.818362 0.0131741 -2.20464e-20)
(1.16074 0.042133 -1.35441e-21)
(0.915302 0.0544306 2.41072e-20)
(1.04683 0.0561448 1.65346e-20)
(0.996113 0.0711715 -9.35246e-21)
(0.986971 0.0887752 -1.27068e-20)
(0.968405 0.118124 7.29681e-20)
(0.93169 0.157886 -1.13146e-21)
(0.868975 0.243856 -2.13852e-19)
(0.76635 0.356505 7.00388e-20)
(0.817081 0.010709 1.57836e-20)
(1.16105 0.0416229 -2.89289e-20)
(0.915582 0.0555342 -1.74971e-20)
(1.05004 0.0570706 8.77041e-21)
(0.999801 0.0744016 0)
(0.993255 0.094296 0)
(0.977112 0.128044 6.25118e-20)
(0.948101 0.174902 1.02191e-22)
(0.890213 0.276857 -1.0274e-19)
(0.824977 0.412446 8.24215e-20)
(0.815554 0.00859265 3.66894e-21)
(1.16134 0.0409 2.04101e-20)
(0.915859 0.0562201 -4.38562e-20)
(1.05372 0.0577863 -2.75921e-20)
(1.00382 0.0772865 7.30407e-22)
(1.00025 0.0994648 5.17983e-20)
(0.987154 0.137377 9.83412e-20)
(0.966714 0.191594 -7.50157e-22)
(0.916056 0.306695 1.80449e-19)
(0.89409 0.465107 -1.89256e-19)
(0.813778 0.00689613 -2.03923e-20)
(1.16153 0.0399287 1.35284e-20)
(0.916178 0.0564321 -1.16242e-20)
(1.05789 0.0583161 -5.06387e-20)
(1.00818 0.0797883 -1.46546e-21)
(1.00796 0.10425 -8.30281e-22)
(0.998621 0.146095 -6.25845e-21)
(0.987124 0.207803 -1.79652e-19)
(0.947268 0.331867 1.39181e-19)
(0.971056 0.512343 -4.56983e-19)
(0.811747 0.00568073 -4.42133e-22)
(1.16153 0.0386547 -2.89871e-20)
(0.916597 0.0561226 2.25598e-20)
(1.06253 0.0586946 3.29308e-20)
(1.01282 0.0818569 -4.81906e-22)
(1.01635 0.108627 -6.15278e-20)
(1.01154 0.15424 -5.51401e-20)
(1.00904 0.223903 3.27989e-19)
(0.984512 0.355098 1.33902e-20)
(1.05506 0.563353 7.23254e-19)
(0.809457 0.00495692 9.60432e-21)
(1.16138 0.0369387 1.0846e-20)
(0.917196 0.0552311 2.95859e-20)
(1.06759 0.0589372 -3.35716e-20)
(1.01771 0.0833601 -5.84e-20)
(1.02539 0.112278 1.56357e-21)
(1.0258 0.16068 -7.62867e-20)
(1.03265 0.235814 4.30828e-19)
(1.03111 0.365276 -8.06917e-21)
(1.13716 0.588821 -9.95021e-19)
(0.806958 0.00520239 1.61688e-21)
(1.16203 0.0350097 1.2627e-20)
(0.917787 0.0538961 8.99861e-21)
(1.07306 0.0593922 -6.7298e-20)
(1.02251 0.0850938 -5.81487e-20)
(1.03382 0.117279 -5.15953e-20)
(1.03805 0.170854 -1.36558e-19)
(1.05072 0.255772 -3.97397e-19)
(1.07117 0.393633 -2.43154e-19)
(1.22747 0.656974 -1.03755e-18)
(0.804644 0.0049347 -4.53336e-21)
(1.16517 0.0317225 -2.5239e-21)
(0.919302 0.0510021 -9.90993e-21)
(1.08003 0.0581502 1.16379e-20)
(1.03154 0.0839253 4.76632e-20)
(1.04932 0.117175 -3.65131e-20)
(1.06299 0.170809 1.21407e-19)
(1.09011 0.253297 -3.95964e-19)
(1.14085 0.374783 -1.72896e-19)
(1.23342 0.637532 5.78799e-19)
(0.805281 0.00232362 3.23614e-21)
(1.1694 0.0272598 8.25346e-21)
(0.923687 0.0457204 -7.03329e-21)
(1.08604 0.0543134 3.9333e-20)
(1.04221 0.0789594 7.44316e-20)
(1.06498 0.11079 1.06574e-19)
(1.087 0.160376 2.61346e-20)
(1.12829 0.234377 2.09384e-19)
(1.19219 0.342094 2.57206e-19)
(1.31745 0.531789 3.22073e-21)
(0.805605 -0.000874392 -4.74817e-21)
(1.17417 0.0225072 4.04333e-22)
(0.928479 0.0401806 3.97303e-21)
(1.09213 0.04967 1.0592e-20)
(1.05258 0.0728145 2.06193e-34)
(1.07975 0.102621 -7.95389e-21)
(1.10883 0.147455 -5.20888e-34)
(1.16144 0.21272 1.84574e-20)
(1.23047 0.300755 -5.41724e-20)
(1.3821 0.456537 -4.9573e-20)
(0.805993 -0.00525223 1.74904e-20)
(1.17907 0.017104 -4.60778e-37)
(0.933351 0.0341404 -4.32194e-21)
(1.09802 0.0440849 -1.5664e-20)
(1.06217 0.0652286 -2.97994e-20)
(1.09311 0.092304 -3.5935e-20)
(1.12804 0.131595 -6.43878e-34)
(1.18903 0.187993 -9.11157e-20)
(1.26119 0.257569 -1.24102e-19)
(1.42552 0.380298 8.81464e-20)
(0.806563 -0.0108056 0)
(1.18434 0.0111038 -1.72696e-35)
(0.938237 0.0277884 0)
(1.10353 0.0377071 0)
(1.07076 0.0564705 0)
(1.10477 0.08024 0)
(1.14451 0.113549 -3.83085e-34)
(1.2112 0.160917 0)
(1.28609 0.213836 -2.03312e-20)
(1.45117 0.308806 5.2768e-20)
(0.807399 -0.0174225 5.74524e-21)
(1.1902 0.00459115 -5.11329e-21)
(0.943137 0.0213528 -5.11525e-21)
(1.10854 0.0307171 0)
(1.07821 0.0467812 0)
(1.11462 0.0668007 6.68086e-21)
(1.15814 0.0939204 2.67112e-20)
(1.22845 0.132169 -1.35362e-20)
(1.30564 0.17101 -2.98454e-20)
(1.46519 0.241775 2.01221e-19)
(0.80859 -0.026945 -6.24343e-20)
(1.19694 -0.00268499 6.12475e-21)
(0.948048 0.0150326 -5.53462e-21)
(1.11287 0.0233322 -5.3445e-21)
(1.08436 0.0363995 -1.0639e-20)
(1.12254 0.0523339 -8.17144e-21)
(1.16891 0.0731914 -2.02612e-20)
(1.24132 0.102391 -3.763e-20)
(1.32021 0.12964 -5.17964e-20)
(1.47225 0.179383 6.92304e-20)
(0.810264 -0.0324196 -9.11389e-21)
(1.2052 -0.0094478 -5.85296e-21)
(0.952729 0.0102134 -5.8733e-21)
(1.11599 0.0155177 -8.7059e-21)
(1.08874 0.0253489 1.9976e-35)
(1.12812 0.0368774 7.19466e-21)
(1.17651 0.0513167 -9.31953e-34)
(1.2501 0.0714256 -1.36792e-20)
(1.33001 0.0888403 1.84068e-20)
(1.47562 0.119001 2.55061e-20)
(0.808016 -0.0574194 1.39706e-19)
(1.19853 -0.0202891 -9.39559e-21)
(0.943912 0.00346662 -6.17472e-21)
(1.10478 0.00901385 4.55754e-21)
(1.07864 0.0146627 2.95914e-21)
(1.11874 0.0220789 1.36557e-20)
(1.16847 0.0305612 7.72065e-21)
(1.24279 0.0424824 -4.82063e-21)
(1.32267 0.0516188 -2.01765e-20)
(1.46619 0.0671073 1.37425e-19)
(0.727778 -0.0381859 9.30731e-21)
(0.953678 -0.0180299 -4.59387e-35)
(0.716246 0.00317637 -7.12302e-21)
(0.863591 0.000175971 0)
(0.83026 0.00287239 0)
(0.865478 0.00443981 7.44078e-21)
(0.907449 0.00603231 -8.92347e-36)
(0.969095 0.00865429 -1.36261e-20)
(1.03638 0.0100313 -2.67293e-20)
(1.14608 0.0125832 5.52408e-20)
(1.47585 0.630812 -1.82727e-19)
(1.58579 0.615683 -2.66795e-19)
(1.68273 0.608953 0)
(1.7683 0.587167 1.1983e-19)
(1.8482 0.538718 5.5498e-19)
(1.92447 0.467398 -1.13553e-19)
(1.99398 0.381422 1.55673e-18)
(2.05193 0.286758 -8.12686e-20)
(2.09514 0.186323 -3.44041e-19)
(2.12166 0.0830807 3.2888e-19)
(1.51318 0.516219 8.36678e-20)
(1.58824 0.505714 1.05804e-19)
(1.66536 0.493214 -9.76724e-21)
(1.74229 0.464276 1.77052e-19)
(1.81514 0.417409 -1.50047e-19)
(1.88173 0.357676 -3.65229e-19)
(1.93929 0.290057 -1.13076e-19)
(1.98522 0.217456 5.01365e-19)
(2.01859 0.141512 -2.18158e-20)
(2.03852 0.0633115 -4.34672e-19)
(1.54642 0.406248 9.30507e-20)
(1.60388 0.391769 1.6513e-19)
(1.66545 0.381207 -3.24484e-19)
(1.72868 0.361649 6.92482e-20)
(1.78684 0.328684 4.41223e-19)
(1.83878 0.284183 -2.39228e-19)
(1.88412 0.231646 -5.2502e-19)
(1.92109 0.174146 -2.00535e-19)
(1.94838 0.113572 2.88456e-19)
(1.96496 0.0509478 -2.48478e-19)
(1.56368 0.326451 3.27639e-20)
(1.60882 0.31381 0)
(1.65703 0.304672 1.88932e-20)
(1.70887 0.286616 1.77572e-19)
(1.75771 0.257307 2.99005e-19)
(1.8016 0.219771 1.4482e-19)
(1.84006 0.177193 -6.60461e-20)
(1.87154 0.131751 -2.1831e-19)
(1.89474 0.0846772 1.49014e-19)
(1.90896 0.0366002 7.01127e-20)
(1.57048 0.258226 1.27569e-20)
(1.60906 0.245798 -6.3783e-20)
(1.64893 0.236119 -1.22412e-19)
(1.69272 0.219996 6.01954e-20)
(1.73471 0.196177 7.39475e-22)
(1.77232 0.166931 9.00086e-20)
(1.80528 0.134217 1.47641e-19)
(1.83245 0.0994225 -1.44186e-19)
(1.85267 0.0634386 3.28985e-21)
(1.86519 0.0267976 1.63729e-19)
(1.57145 0.198722 -2.03968e-19)
(1.60602 0.187566 -2.57295e-19)
(1.64028 0.178413 5.11232e-20)
(1.67824 0.164603 2.14027e-19)
(1.71534 0.14538 -3.85787e-20)
(1.74868 0.122526 -8.3008e-20)
(1.77794 0.0974879 1.19144e-19)
(1.80228 0.0712336 -5.22134e-20)
(1.82052 0.0443846 -1.49237e-19)
(1.83193 0.0172531 -6.42909e-20)
(1.56924 0.145723 3.71696e-20)
(1.60109 0.136305 4.30892e-21)
(1.63166 0.127909 -6.59333e-21)
(1.66576 0.116237 1.45872e-19)
(1.69966 0.10108 2.01967e-19)
(1.73025 0.0838172 -2.08594e-19)
(1.75714 0.0654532 -7.3868e-20)
(1.77966 0.0465959 1.36979e-19)
(1.7967 0.0276146 9.57875e-20)
(1.80753 0.00867012 2.56069e-20)
(1.5648 0.0956218 -1.31326e-19)
(1.59411 0.0880115 7.24685e-21)
(1.6217 0.080576 2.63851e-19)
(1.65302 0.0711616 6.26699e-21)
(1.68459 0.0599815 -7.56531e-20)
(1.71315 0.0480503 9.64766e-21)
(1.73828 0.0359881 -1.03548e-19)
(1.75945 0.0240945 4.33412e-20)
(1.77568 0.0125215 6.40437e-20)
(1.78629 0.00128526 8.58095e-20)
(1.53832 0.0515387 -2.49225e-19)
(1.56111 0.0430469 -1.68302e-20)
(1.58269 0.0341717 1.65117e-19)
(1.60802 0.0252035 -8.58748e-20)
(1.63339 0.0165133 -1.59741e-19)
(1.65564 0.00872974 -2.69599e-20)
(1.67472 0.00208291 1.28791e-19)
(1.6906 -0.00349117 6.65793e-20)
(1.70279 -0.00805212 -1.62226e-20)
(1.71116 -0.0116316 -4.68787e-21)
(1.20209 0.00521067 2.55724e-20)
(1.20695 -0.00126995 -3.77e-21)
(1.2062 -0.00757516 2.63134e-21)
(1.20364 -0.0124303 0)
(1.19637 -0.0152111 2.15692e-19)
(1.18457 -0.016262 -7.22903e-21)
(1.17046 -0.0161567 -1.39368e-19)
(1.15549 -0.0152362 8.59196e-20)
(1.14064 -0.013655 -1.17436e-19)
(1.12694 -0.0115224 -9.42025e-20)
(0.645692 0.0198742 -4.18425e-20)
(1.98203 -0.0386955 6.31932e-19)
(2.79074 -0.0371468 -4.76067e-21)
(3.07701 -0.0292444 -3.31964e-19)
(3.11522 -0.00685376 4.79501e-19)
(3.07894 0.0134124 3.96713e-19)
(3.02937 0.0329297 0)
(2.97261 0.0514759 9.42303e-19)
(2.87808 0.0680159 -1.91291e-18)
(2.6492 0.0772128 -1.01968e-19)
(0.498833 0.0567307 -8.04753e-21)
(1.81798 0.0788384 2.37386e-19)
(2.70493 0.121985 1.60376e-20)
(3.05739 0.135464 2.4381e-20)
(3.1272 0.143266 5.26566e-19)
(3.10097 0.143877 -5.63048e-19)
(3.05399 0.142294 -4.55374e-19)
(3.00073 0.139368 -2.95276e-19)
(2.91681 0.134205 9.80156e-19)
(2.70731 0.124346 -9.32446e-19)
(0.339739 0.0692899 5.63133e-20)
(1.59894 0.175611 4.99343e-20)
(2.54743 0.273457 -4.00792e-19)
(2.96871 0.303205 6.2888e-19)
(3.07708 0.300916 3.20067e-18)
(3.06542 0.282205 1.79427e-18)
(3.0227 0.258637 -2.0626e-18)
(2.97475 0.23359 -1.9005e-18)
(2.91285 0.206892 1.49331e-20)
(2.77286 0.177063 2.52615e-19)
(0.188738 0.0588752 4.04346e-20)
(1.3476 0.246139 5.13109e-19)
(2.3283 0.410606 -1.1699e-18)
(2.81035 0.46861 -1.10018e-18)
(2.96036 0.463248 -7.27904e-21)
(2.9679 0.427707 -6.07602e-19)
(2.93186 0.382701 1.49721e-18)
(2.88824 0.335713 -1.13929e-20)
(2.84208 0.288447 -2.31789e-18)
(2.77005 0.241195 -8.04376e-19)
(0.062745 0.0321025 -1.23203e-19)
(1.09207 0.289646 5.40718e-19)
(2.06663 0.52673 -1.52895e-18)
(2.58984 0.622869 -9.28651e-19)
(2.77776 0.622303 1.69801e-18)
(2.80719 0.574359 -1.24646e-20)
(2.78084 0.510221 -1.19736e-18)
(2.74152 0.442858 -1.64362e-19)
(2.70206 0.375011 3.07583e-19)
(2.65847 0.313342 -3.77532e-22)
(-0.0285582 -0.00169542 1.46602e-19)
(0.858351 0.310317 -4.36124e-19)
(1.78717 0.617175 -6.6649e-19)
(2.32375 0.75589 2.30621e-18)
(2.53864 0.766857 -1.52308e-18)
(2.58898 0.712454 2.46735e-19)
(2.57474 0.63397 1.45357e-19)
(2.54142 0.550568 -7.76746e-19)
(2.50643 0.464537 -8.56671e-20)
(2.46359 0.391354 6.80758e-19)
(-0.084007 -0.0339417 1.26971e-19)
(0.662807 0.314573 -5.61589e-19)
(1.51347 0.679114 1.61442e-18)
(2.03448 0.857437 1.65159e-18)
(2.26123 0.883329 -1.84202e-18)
(2.32808 0.828257 7.87541e-20)
(2.32692 0.741548 2.66222e-18)
(2.30165 0.648488 -1.84246e-18)
(2.27299 0.549473 -8.89352e-19)
(2.22429 0.469844 7.46767e-19)
(-0.108908 -0.0590139 3.92226e-19)
(0.510241 0.308977 4.08636e-19)
(1.26277 0.713452 6.53838e-19)
(1.74492 0.922664 -2.74534e-18)
(1.96877 0.96374 -1.49534e-19)
(2.04609 0.913283 4.5952e-19)
(2.05754 0.825919 -7.44415e-19)
(2.04275 0.730791 -4.88334e-19)
(2.0239 0.629704 9.0735e-20)
(1.9785 0.547625 -3.59331e-19)
(-0.111879 -0.0748651 2.1957e-20)
(0.395192 0.296873 -4.98528e-21)
(1.04254 0.721437 -2.9191e-19)
(1.47223 0.949139 -8.4798e-19)
(1.68268 1.00183 -3.44753e-19)
(1.76527 0.957579 -1.27246e-18)
(1.7882 0.873089 -9.76051e-19)
(1.78511 0.779455 8.71469e-19)
(1.7774 0.67518 5.38661e-19)
(1.7394 0.599578 1.59711e-19)
(-0.10337 -0.0815178 -3.4812e-19)
(0.307373 0.282406 0)
(0.852927 0.708161 -2.90288e-19)
(1.22426 0.943202 -3.20816e-19)
(1.41428 1.0043 1.64621e-18)
(1.49647 0.9686 3.83606e-20)
(1.52673 0.892635 -1.07187e-18)
(1.53163 0.808171 -8.12161e-19)
(1.53378 0.715395 4.0828e-19)
(1.48732 0.629969 9.2738e-19)
(-0.0899295 -0.0828765 1.01483e-19)
(0.239205 0.264356 0)
(0.691144 0.676628 -7.01117e-19)
(1.00604 0.908643 4.68529e-19)
(1.17515 0.973418 8.01956e-19)
(1.25685 0.944988 1.84789e-19)
(1.29594 0.877796 -2.15247e-19)
(1.31455 0.800894 -8.62443e-19)
(1.32593 0.724219 -1.39751e-19)
(1.33434 0.65008 -3.29764e-19)
(-0.0752422 -0.0810888 -9.49466e-20)
(0.18329 0.24173 -1.87302e-19)
(0.550842 0.629499 2.71741e-21)
(0.813505 0.850293 1.70894e-19)
(0.961936 0.914491 -1.57736e-19)
(1.0411 0.891366 6.3338e-19)
(1.08554 0.83185 -7.839e-19)
(1.11342 0.761628 2.8115e-19)
(1.1305 0.693716 4.76229e-19)
(1.16332 0.633803 -2.16462e-19)
(-0.0610168 -0.0769145 7.69743e-21)
(0.135746 0.21518 4.30215e-20)
(0.428134 0.569923 3.81122e-19)
(0.643725 0.773523 -1.97623e-19)
(0.772839 0.834306 -4.34303e-19)
(0.848519 0.815581 1.55399e-19)
(0.896345 0.763787 2.58104e-19)
(0.930567 0.701768 1.09123e-19)
(0.953481 0.641816 -2.07639e-21)
(0.994172 0.594389 1.4661e-20)
(-0.0477805 -0.0706707 -5.95792e-21)
(0.0956039 0.185385 -3.80984e-20)
(0.322333 0.49996 -7.79608e-20)
(0.496925 0.68168 -9.05186e-20)
(0.609366 0.737039 1.69137e-19)
(0.682156 0.722267 -2.68659e-20)
(0.733179 0.678458 -6.93591e-21)
(0.772899 0.625748 1.45071e-19)
(0.802405 0.5745 1.40733e-19)
(0.845379 0.536827 -1.06611e-20)
(-0.0359333 -0.0627361 -9.85606e-20)
(0.0623178 0.152696 -1.60109e-20)
(0.232954 0.420823 8.71087e-20)
(0.372742 0.576561 1.10542e-19)
(0.471276 0.624649 -2.45986e-19)
(0.541871 0.613131 -2.63285e-22)
(0.595907 0.577021 2.67711e-19)
(0.640504 0.533495 -1.2487e-20)
(0.676294 0.490877 -3.3466e-20)
(0.720613 0.460861 -5.73216e-20)
(-0.0257762 -0.0534681 8.19088e-20)
(0.0355098 0.117429 2.80452e-19)
(0.159682 0.333623 4.76364e-20)
(0.270807 0.45978 -2.15436e-19)
(0.358075 0.498939 -1.20017e-19)
(0.427067 0.489977 2.91462e-19)
(0.4838 0.461207 -1.09116e-19)
(0.532603 0.42654 -1.90479e-19)
(0.573802 0.392387 4.3031e-20)
(0.61944 0.369009 2.58604e-20)
(-0.0174791 -0.043161 2.38377e-20)
(0.0150589 0.0799525 -1.60381e-19)
(0.102615 0.239619 -3.57785e-19)
(0.191246 0.333202 1.64881e-19)
(0.269782 0.362086 2.23498e-19)
(0.337644 0.35515 -4.78642e-22)
(0.396625 0.333499 -2.05477e-19)
(0.448843 0.30752 3.35358e-20)
(0.494356 0.281827 5.76872e-20)
(0.541184 0.264698 -6.48861e-21)
(-0.0111666 -0.0321272 -6.92961e-20)
(0.000953867 0.0406479 -7.52511e-20)
(0.0620274 0.140219 3.06401e-19)
(0.134386 0.19893 7.9278e-20)
(0.206637 0.216523 -1.03484e-19)
(0.273721 0.211252 -3.8605e-20)
(0.334369 0.196604 0)
(0.389092 0.179247 5.60791e-21)
(0.43774 0.162084 -2.39293e-20)
(0.485475 0.151053 1.9494e-20)
(-0.00690934 -0.0207217 4.42408e-20)
(-0.00673995 -6.36906e-05 1.44053e-19)
(0.0382261 0.036999 1.54444e-19)
(0.100588 0.0593282 -1.56674e-19)
(0.168936 0.0649863 -8.31442e-20)
(0.235498 0.0611635 1.2941e-20)
(0.297132 0.0534667 -1.04637e-20)
(0.353364 0.0447117 2.32768e-20)
(0.403903 0.0361387 -7.23017e-20)
(0.452153 0.0311237 -7.14808e-20)
(-0.0046921 -0.00934497 -2.37934e-20)
(-0.00789962 -0.0417844 -1.05903e-19)
(0.0314526 -0.0683463 -2.94025e-20)
(0.090123 -0.0830332 -3.07843e-20)
(0.1569 -0.0895448 2.38594e-20)
(0.223122 -0.0919848 1.14541e-20)
(0.284981 -0.0927494 1.85195e-21)
(0.341651 -0.092927 -2.69126e-21)
(0.392799 -0.0929015 3.53644e-20)
(0.441091 -0.0919728 4.80494e-20)
(1.10191 0.386012 -9.11417e-19)
(0.984864 0.169398 6.63882e-21)
(0.951494 0.0638697 4.67575e-20)
(0.947582 0.014746 1.43182e-20)
(0.956319 -0.00437023 2.4585e-21)
(0.968118 -0.0103732 2.43872e-21)
(0.978822 -0.0107147 7.48942e-22)
(0.987461 -0.00884471 1.78233e-21)
(0.993502 -0.0064414 8.82728e-21)
(0.997933 -0.0027047 0)
(0.981584 0.359293 -4.07733e-19)
(0.941464 0.150128 1.35592e-20)
(0.936185 0.0506865 1.37781e-21)
(0.943078 0.00701565 4.80433e-20)
(0.955926 -0.00919141 -2.11454e-21)
(0.96898 -0.0135694 -6.70485e-22)
(0.979971 -0.0130077 3.68566e-22)
(0.988544 -0.0105064 7.19465e-21)
(0.994426 -0.0076088 3.25248e-21)
(0.998734 -0.00319797 -4.65787e-21)
(0.889198 0.332955 4.4725e-19)
(0.907894 0.133325 7.27266e-20)
(0.922165 0.040987 -3.56869e-20)
(0.938347 0.00129725 -1.26683e-20)
(0.955112 -0.0132425 3.89582e-21)
(0.96968 -0.0166191 -1.95182e-21)
(0.981092 -0.0152977 1.19669e-21)
(0.989671 -0.0121729 7.455e-21)
(0.995445 -0.00877315 -7.9253e-21)
(0.999655 -0.00368591 -1.72514e-21)
(0.814578 0.295207 3.00619e-19)
(0.877263 0.110809 -2.70861e-20)
(0.90891 0.0275401 1.36034e-20)
(0.933983 -0.00696413 -1.71165e-20)
(0.954651 -0.0183798 -2.92807e-21)
(0.970572 -0.0200791 -3.46611e-22)
(0.982349 -0.0177272 8.00583e-21)
(0.990924 -0.0138734 -3.57863e-22)
(0.996593 -0.00993585 -3.73113e-21)
(1.00071 -0.0041697 2.83969e-21)
(0.752528 0.245079 -2.1663e-19)
(0.850574 0.0830891 9.83341e-20)
(0.898009 0.0120335 -1.49014e-21)
(0.93093 -0.0157987 -4.56477e-21)
(0.954769 -0.0238815 -1.26481e-21)
(0.971763 -0.023739 2.17053e-21)
(0.98381 -0.0202391 -1.7154e-21)
(0.99234 -0.0155933 -3.12492e-21)
(0.997888 -0.0110939 -1.31789e-22)
(1.00189 -0.00464807 -2.85549e-22)
(0.702852 0.186017 -7.44086e-21)
(0.828949 0.0519525 4.66648e-20)
(0.889822 -0.00494053 2.94574e-21)
(0.929168 -0.0255055 5.77566e-21)
(0.955504 -0.0298301 -6.90549e-23)
(0.973301 -0.0275947 -2.15096e-21)
(0.9855 -0.0228209 -6.07593e-21)
(0.993932 -0.0173254 9.32037e-22)
(0.999336 -0.0122436 -3.62313e-21)
(1.0032 -0.00511965 0)
(0.665302 0.12039 1.18018e-19)
(0.812695 0.0181855 -8.20542e-20)
(0.884371 -0.023229 2.94141e-21)
(0.92872 -0.0359149 -1.31179e-20)
(0.956902 -0.0361317 -5.141e-21)
(0.975216 -0.0316029 2.78364e-21)
(0.987438 -0.0254529 2.97669e-21)
(0.995709 -0.0190603 -2.72059e-21)
(1.00094 -0.0133796 -2.8028e-22)
(1.00464 -0.00558247 2.42994e-21)
(0.639431 0.049863 -8.70783e-20)
(0.802014 -0.0177866 2.03629e-20)
(0.88167 -0.0425591 9.48303e-21)
(0.929608 -0.0468662 4.75953e-21)
(0.95899 -0.0427087 5.56797e-22)
(0.977532 -0.035724 5.3701e-21)
(0.989638 -0.0281142 4.85594e-21)
(0.997675 -0.0207871 -3.11213e-21)
(1.00269 -0.0144956 2.05364e-21)
(1.00621 -0.006034 3.06126e-21)
(0.624788 -0.0238883 2.6978e-20)
(0.797024 -0.0553418 -4.62474e-20)
(0.881746 -0.0626537 6.53139e-21)
(0.931849 -0.0582212 -6.87166e-21)
(0.961795 -0.0494852 -3.28242e-22)
(0.98027 -0.0399168 2.12954e-22)
(0.992109 -0.0307822 -1.24264e-21)
(0.999835 -0.0224932 -3.08717e-21)
(1.0046 -0.0155839 -2.83364e-21)
(1.00789 -0.0064711 1.92551e-21)
(0.621141 -0.099355 -2.47472e-20)
(0.797812 -0.0938282 1.62894e-20)
(0.884581 -0.0832546 -1.58091e-20)
(0.935452 -0.0698455 1.97719e-21)
(0.965338 -0.0563841 1.44124e-20)
(0.983446 -0.0441394 3.06876e-21)
(0.994859 -0.0334335 2.59141e-21)
(1.00219 -0.024165 -7.03373e-21)
(1.00666 -0.0166361 2.06226e-21)
(1.00969 -0.00689035 3.64852e-21)
(0.563141 -0.025216 1.04108e-19)
(0.551517 -0.00658861 -5.39558e-20)
(0.535018 -0.00138538 -3.30812e-20)
(0.528087 -0.000806159 9.85779e-21)
(0.529945 -0.000619295 -3.64607e-21)
(0.535634 -0.000479278 -5.45217e-22)
(0.541381 -0.000354285 4.25032e-21)
(0.546171 -0.000252705 -2.07544e-22)
(0.549545 -0.000154116 -3.32996e-21)
(0.55188 -5.15791e-05 1.29137e-21)
(1.25403 0.0231793 -1.38403e-19)
(1.03292 0.0190926 -1.4708e-19)
(0.946539 0.00933714 -5.68131e-20)
(0.916717 0.00196791 5.72371e-21)
(0.911971 -0.00136978 -8.56543e-21)
(0.917495 -0.00233903 -2.37827e-21)
(0.92534 -0.00229805 -8.02958e-23)
(0.93264 -0.00186137 -7.97979e-23)
(0.938047 -0.00132102 7.33475e-22)
(0.942065 -0.000538912 3.55974e-22)
(1.33203 0.149591 -2.4174e-19)
(1.09316 0.0689791 1.4374e-20)
(0.998577 0.0271006 -3.35538e-21)
(0.965885 0.00696654 8.97789e-35)
(0.960555 -0.00123062 -8.0247e-22)
(0.96628 -0.00395547 0)
(0.974532 -0.0042072 1.69185e-21)
(0.982272 -0.00349989 -2.53943e-34)
(0.988037 -0.0025343 4.60934e-36)
(0.992378 -0.00105194 1.88429e-21)
(1.29267 0.238738 4.64932e-19)
(1.07894 0.107021 -9.99677e-21)
(0.993878 0.0418059 0)
(0.965578 0.0108216 2.93218e-20)
(0.962578 -0.00174334 0)
(0.969422 -0.00586733 0)
(0.978264 -0.00630906 0)
(0.986277 -0.00527733 -1.16088e-22)
(0.992163 -0.0038503 2.36214e-23)
(0.99657 -0.00161105 -2.80576e-22)
(1.25819 0.353059 -6.85706e-19)
(1.06576 0.156161 -8.77285e-21)
(0.985558 0.0602636 0)
(0.960707 0.0158128 -2.52695e-20)
(0.960456 -0.00211085 1.58948e-20)
(0.968784 -0.00785025 0)
(0.978364 -0.0084844 0)
(0.986736 -0.00709592 -2.10412e-21)
(0.992776 -0.00518181 -1.11507e-22)
(0.997252 -0.00217463 -9.51748e-23)
(0.274179 0.00180232 -7.05578e-21)
(0.245896 0.00316618 -6.43429e-21)
(0.219236 0.00672988 2.63822e-20)
(0.189743 0.0126352 5.29181e-19)
(0.170648 0.0176148 4.22916e-19)
(0.166679 0.0180093 1.43287e-19)
(0.221752 0.00705954 2.65271e-19)
(0.295962 -0.00257469 -8.99523e-20)
(0.399863 -0.03118 5.37785e-20)
(0.542282 -0.0280858 1.85728e-19)
(0.804891 0.0166094 -4.76896e-21)
(0.76708 0.0234241 -2.90132e-20)
(0.771027 0.0332722 2.78499e-20)
(0.823811 0.0440904 6.95893e-19)
(0.945807 0.0502355 -1.04501e-19)
(1.10148 0.0461478 -1.01934e-20)
(1.30881 0.0224545 -9.38846e-20)
(1.42985 0.026448 4.37767e-20)
(1.53568 -0.0173065 -2.0914e-19)
(1.55037 0.0383727 -2.67319e-19)
(1.33808 0.0370815 -2.41604e-19)
(1.32459 0.0511666 3.9534e-21)
(1.39702 0.0665661 -4.05389e-20)
(1.55428 0.0808836 1.47277e-20)
(1.76871 0.0929737 -1.89283e-19)
(1.94352 0.101137 -3.98607e-19)
(2.04973 0.103956 -3.84054e-19)
(1.97971 0.145497 3.99335e-19)
(1.89695 0.136607 6.24251e-19)
(1.69491 0.238648 2.86908e-19)
(1.82965 0.0563191 2.35488e-19)
(1.85231 0.0774008 1.47998e-19)
(1.97775 0.100049 -1.01652e-19)
(2.1656 0.125599 1.89913e-19)
(2.32212 0.156599 -3.4364e-19)
(2.35073 0.191112 -1.79557e-19)
(2.25446 0.230635 5.30084e-19)
(2.04007 0.296325 5.41462e-19)
(1.87791 0.311147 -2.76362e-19)
(1.63009 0.397238 -4.40905e-19)
(2.228 0.0700547 1.47463e-18)
(2.28198 0.100784 -2.20539e-19)
(2.41876 0.134971 4.38803e-19)
(2.55043 0.178639 5.7558e-19)
(2.56908 0.233361 9.16414e-20)
(2.44967 0.295901 3.94087e-19)
(2.24402 0.364353 -9.29305e-19)
(2.00523 0.437817 7.64039e-20)
(1.81134 0.478218 3.33644e-19)
(1.53884 0.550656 -5.61374e-20)
(1.10129 -0.53055 6.59065e-20)
(1.10296 -0.586632 -2.27007e-20)
(1.11944 -0.64673 -3.71087e-19)
(1.13241 -0.711186 -2.10044e-19)
(1.1365 -0.778859 8.32533e-19)
(1.13153 -0.849347 1.52028e-19)
(1.10854 -0.913978 -4.30756e-19)
(1.02472 -0.927989 4.57966e-19)
(0.792544 -0.779316 -1.26334e-19)
(0.346226 -0.361897 -3.72908e-19)
(1.04694 -0.506057 -9.57079e-21)
(1.03732 -0.556672 1.02984e-19)
(1.02919 -0.608492 3.30907e-19)
(1.01584 -0.665942 -3.62203e-19)
(0.997016 -0.729401 -8.24496e-19)
(0.973365 -0.797157 7.46947e-20)
(0.936816 -0.859542 8.16447e-20)
(0.851834 -0.873387 -1.9022e-19)
(0.648806 -0.732903 4.70217e-19)
(0.278731 -0.339437 -1.98297e-19)
(0.917341 -0.474421 -4.75493e-20)
(0.895623 -0.519297 0)
(0.87763 -0.567996 4.43725e-20)
(0.857833 -0.621666 2.96304e-19)
(0.83418 -0.679418 -2.89934e-20)
(0.805656 -0.739937 -3.58686e-19)
(0.765186 -0.7947 4.17727e-19)
(0.684749 -0.804129 4.63755e-20)
(0.512455 -0.671813 -2.01968e-19)
(0.215772 -0.309534 2.16412e-19)
(0.815655 -0.420018 -8.97857e-20)
(0.791401 -0.460673 -3.22359e-20)
(0.767634 -0.505145 4.21079e-21)
(0.740385 -0.55306 -1.40383e-20)
(0.708221 -0.604024 1.6609e-20)
(0.670655 -0.657364 -1.13086e-19)
(0.622569 -0.705671 6.35862e-20)
(0.543101 -0.713655 3.31782e-19)
(0.395872 -0.595529 0)
(0.16188 -0.273824 0)
(0.722518 -0.352875 1.22281e-19)
(0.694069 -0.387411 6.08573e-20)
(0.663947 -0.425848 4.45296e-20)
(0.630004 -0.467195 1.78355e-20)
(0.59126 -0.511039 0)
(0.547222 -0.55684 -7.87672e-20)
(0.493988 -0.598213 -9.60391e-20)
(0.41668 -0.604872 -1.12854e-19)
(0.292397 -0.503746 1.77404e-19)
(0.114187 -0.23068 4.70798e-20)
(0.643934 -0.275255 -1.30218e-19)
(0.612418 -0.303378 2.05081e-20)
(0.577601 -0.335176 1.30318e-19)
(0.53863 -0.369218 0)
(0.49471 -0.405119 0)
(0.445312 -0.442547 0)
(0.387632 -0.476378 -7.1466e-20)
(0.31208 -0.481974 3.66578e-20)
(0.206647 -0.4006 6.65253e-20)
(0.0746699 -0.182426 7.57573e-20)
(0.581699 -0.188557 2.7582e-19)
(0.547624 -0.209793 4.11724e-19)
(0.508958 -0.234162 6.12382e-22)
(0.465918 -0.260195 -4.75021e-20)
(0.41786 -0.287577 1.289e-20)
(0.364228 -0.316112 -7.45562e-20)
(0.303096 -0.341983 -1.70306e-20)
(0.229085 -0.346783 1.10435e-19)
(0.138644 -0.287461 -9.04308e-20)
(0.0433051 -0.129406 -5.06034e-20)
(0.536849 -0.094806 1.61255e-19)
(0.500858 -0.109017 -3.14823e-21)
(0.459366 -0.125561 -6.13915e-20)
(0.413375 -0.143191 5.00667e-20)
(0.362339 -0.161667 -5.50333e-20)
(0.305668 -0.180901 -1.41559e-19)
(0.242081 -0.198473 5.11422e-20)
(0.169234 -0.202686 6.95976e-20)
(0.0897737 -0.167017 -2.95278e-20)
(0.020918 -0.0729603 -6.31994e-21)
(0.509938 0.00379476 -4.63507e-20)
(0.472741 -0.00325926 -1.76112e-21)
(0.429482 -0.0116931 5.34671e-20)
(0.381667 -0.0206587 1.45735e-19)
(0.328814 -0.0299875 8.10761e-22)
(0.27031 -0.0396802 4.87405e-21)
(0.205273 -0.0487702 9.93667e-20)
(0.133219 -0.0525957 -4.54691e-20)
(0.060601 -0.0417117 -1.68768e-20)
(0.0078209 -0.014307 1.17047e-20)
(0.50137 0.104884 -1.86719e-19)
(0.463622 0.105024 4.78352e-22)
(0.419682 0.104818 1.91848e-19)
(0.371198 0.104623 0)
(0.317709 0.104535 4.2298e-20)
(0.258602 0.104475 5.26036e-21)
(0.193143 0.10391 5.97942e-20)
(0.121521 0.100292 1.60919e-20)
(0.0515393 0.0857296 5.40061e-20)
(0.00420833 0.0451901 3.00147e-20)
(2.6242 0.0248261 1.27505e-18)
(2.81865 -0.00107292 -1.41914e-19)
(2.90251 -0.0360173 -1.1657e-18)
(2.95676 -0.0733062 1.14921e-18)
(3.0067 -0.111506 -4.40778e-20)
(3.0489 -0.149949 -3.92648e-18)
(3.0345 -0.187988 3.75915e-20)
(2.80398 -0.198236 2.52444e-18)
(2.07861 -0.168947 6.89448e-19)
(0.762472 -0.036696 5.0186e-19)
(2.59976 -0.0346347 9.66273e-19)
(2.7339 -0.0766575 -1.14232e-18)
(2.79669 -0.12594 -2.63586e-19)
(2.84448 -0.178101 7.21664e-19)
(2.89263 -0.231602 2.28557e-18)
(2.9372 -0.286978 -4.90805e-19)
(2.93813 -0.337942 -3.47591e-18)
(2.75245 -0.355361 5.63997e-19)
(2.10483 -0.303852 -8.3441e-19)
(0.838538 -0.104097 1.31099e-19)
(2.53418 -0.100613 5.20424e-19)
(2.61188 -0.156167 1.26195e-18)
(2.65695 -0.216216 -1.04102e-18)
(2.69902 -0.279696 -1.17372e-18)
(2.74429 -0.345765 2.19658e-19)
(2.78822 -0.413868 1.68167e-18)
(2.79697 -0.477759 2.83978e-19)
(2.64534 -0.503453 -1.61924e-18)
(2.06742 -0.432719 -2.26312e-19)
(0.872927 -0.173688 -6.36888e-20)
(2.40738 -0.172762 -6.09694e-20)
(2.45335 -0.237275 -2.84665e-19)
(2.48984 -0.304597 8.70121e-19)
(2.52808 -0.376008 -1.3116e-18)
(2.56972 -0.450972 6.4035e-19)
(2.61056 -0.528571 -5.98352e-19)
(2.62229 -0.602183 -1.19953e-18)
(2.49222 -0.636965 1.72858e-18)
(1.97649 -0.553178 -1.61601e-19)
(0.868832 -0.24168 -2.69347e-19)
(2.23671 -0.25063 1.43765e-19)
(2.27347 -0.319262 2.38651e-19)
(2.30665 -0.389968 1.20254e-19)
(2.34066 -0.465525 -2.69216e-19)
(2.37694 -0.545872 2.19038e-19)
(2.41247 -0.630048 1.62824e-18)
(2.42306 -0.710626 -2.06129e-18)
(2.30792 -0.750376 -2.3055e-18)
(1.84277 -0.651468 5.46815e-20)
(0.828683 -0.298659 -2.05308e-19)
(2.0561 -0.33083 -4.20972e-19)
(2.09059 -0.398779 -7.78071e-19)
(2.11901 -0.468532 -1.51302e-18)
(2.14582 -0.54436 -2.05113e-19)
(2.17398 -0.626635 7.37024e-19)
(2.2016 -0.714085 1.27464e-18)
(2.20736 -0.798559 1.41579e-18)
(2.10126 -0.839451 2.58552e-19)
(1.68188 -0.728703 -1.10067e-18)
(0.765708 -0.343304 -6.46569e-19)
(1.88842 -0.402506 -1.14963e-19)
(1.91658 -0.466935 1.68782e-18)
(1.93461 -0.532857 1.18525e-18)
(1.94971 -0.606534 -1.98349e-18)
(1.96675 -0.688477 -1.00809e-18)
(1.98428 -0.776886 6.30474e-19)
(1.98288 -0.862501 2.09941e-19)
(1.88212 -0.902153 -1.06145e-18)
(1.50412 -0.780942 1.30976e-18)
(0.686683 -0.372804 -1.25939e-19)
(1.73905 -0.453032 5.18168e-19)
(1.75015 -0.512693 -8.7129e-20)
(1.75058 -0.574391 -2.0037e-19)
(1.75075 -0.646093 6.31986e-19)
(1.75589 -0.727488 1.10373e-18)
(1.76345 -0.815789 -4.74539e-20)
(1.7547 -0.900784 -3.42312e-19)
(1.65781 -0.937358 -3.00132e-19)
(1.31813 -0.807368 2.95088e-20)
(0.598543 -0.386245 6.90532e-19)
(1.58406 -0.475565 -7.44832e-20)
(1.56626 -0.529365 -3.92459e-19)
(1.54886 -0.589741 -5.51186e-21)
(1.53936 -0.662728 5.2568e-19)
(1.5383 -0.745349 -7.72228e-19)
(1.54022 -0.833636 1.47874e-18)
(1.52674 -0.91687 8.94414e-19)
(1.43445 -0.948908 -9.32211e-19)
(1.13166 -0.81131 -2.95477e-19)
(0.507552 -0.385124 3.26502e-19)
(1.37381 -0.48272 -2.83648e-19)
(1.33398 -0.531061 -2.68141e-19)
(1.31934 -0.596753 -5.08648e-21)
(1.3182 -0.674436 8.02947e-19)
(1.32158 -0.757867 1.34369e-19)
(1.32283 -0.843475 -1.12407e-18)
(1.30675 -0.921432 5.58827e-19)
(1.21992 -0.946019 3.12043e-19)
(0.953583 -0.801261 -3.85201e-19)
(0.421589 -0.375401 1.7309e-19)
(0.816349 0.0562285 -7.00942e-20)
(1.1755 0.0383799 -7.53491e-21)
(0.907196 0.0232943 -1.9567e-22)
(1.04451 0.0228673 6.28296e-22)
(0.971188 0.0164591 2.62624e-21)
(0.965099 0.00981496 1.58634e-22)
(0.949501 -0.0092417 1.07666e-20)
(0.953131 -0.047792 -4.13825e-22)
(0.951062 -0.147505 -6.98597e-20)
(1.14383 -0.367374 -2.87358e-19)
(0.817033 0.0533897 4.12573e-20)
(1.17202 0.0388757 -3.35132e-20)
(0.907944 0.0261363 1.96154e-21)
(1.04315 0.0270733 9.68597e-21)
(0.972842 0.0201024 -7.63477e-21)
(0.964688 0.0151447 -5.25817e-23)
(0.946471 -0.00145835 7.55925e-21)
(0.943513 -0.0339742 -3.42498e-20)
(0.920919 -0.129329 6.73124e-22)
(1.05659 -0.300479 -1.10872e-18)
(0.818 0.0501935 4.44198e-20)
(1.16992 0.0393699 3.98072e-20)
(0.908495 0.0288305 8.88976e-21)
(1.04167 0.03084 6.91634e-21)
(0.974232 0.024046 1.927e-21)
(0.963743 0.0202912 -3.73257e-21)
(0.942691 0.00450309 7.70682e-21)
(0.931533 -0.0237485 0)
(0.88838 -0.121613 -2.49583e-20)
(0.970908 -0.279011 -1.4342e-19)
(0.818909 0.0467973 -2.78584e-20)
(1.16809 0.0399536 2.6126e-20)
(0.909158 0.0315015 -2.92774e-21)
(1.04027 0.0343362 3.58419e-21)
(0.975465 0.0282876 3.2306e-20)
(0.963115 0.0259061 -1.09825e-20)
(0.939632 0.0126834 -4.10364e-21)
(0.920156 -0.00984048 1.34476e-20)
(0.863748 -0.10183 -5.29418e-20)
(0.886168 -0.232955 3.24975e-19)
(0.819689 0.0432997 -3.0877e-21)
(1.1664 0.0405547 -7.41881e-22)
(0.909909 0.0341571 9.29977e-22)
(1.03912 0.0375717 8.5014e-21)
(0.976678 0.0327427 -2.162e-21)
(0.962858 0.0318848 1.20974e-20)
(0.937787 0.0215269 7.41425e-21)
(0.91009 0.00492847 7.28462e-21)
(0.845733 -0.0773971 3.54939e-20)
(0.813663 -0.18716 3.15204e-19)
(0.820322 0.0397267 4.04141e-21)
(1.16488 0.0411224 2.51473e-20)
(0.910703 0.0368057 1.62052e-20)
(1.03828 0.0405557 -7.62197e-21)
(0.977952 0.0373188 -2.48128e-20)
(0.963035 0.038121 1.03168e-20)
(0.937103 0.0311373 3.47598e-21)
(0.901769 0.0204781 7.36717e-22)
(0.833137 -0.0478734 2.02498e-20)
(0.753877 -0.136238 8.09105e-20)
(0.820794 0.0361203 0)
(1.16353 0.0416282 -3.22246e-20)
(0.911497 0.0394348 -5.09927e-22)
(1.0378 0.0432995 -1.76954e-21)
(0.979349 0.0419417 -2.65224e-20)
(0.963702 0.0445444 -7.025e-22)
(0.937543 0.041385 -9.01138e-21)
(0.895634 0.0367387 1.06358e-20)
(0.824931 -0.014863 3.8708e-21)
(0.707919 -0.0809132 -1.90708e-19)
(0.821088 0.0325216 0)
(1.16242 0.0420504 0)
(0.91226 0.0420197 -1.70282e-20)
(1.03772 0.0458126 2.70146e-20)
(0.980923 0.0465489 -1.53089e-21)
(0.964925 0.0510754 1.98529e-20)
(0.939031 0.0521248 -2.03993e-20)
(0.891982 0.0534997 -1.19465e-20)
(0.820662 0.02044 -6.39756e-21)
(0.675778 -0.0211305 -4.21675e-21)
(0.821189 0.0289575 0)
(1.16155 0.0423696 1.67478e-20)
(0.912965 0.0445283 6.03839e-22)
(1.03807 0.0481003 -1.93398e-21)
(0.98272 0.0510867 3.05196e-20)
(0.966776 0.057637 -1.65264e-20)
(0.941504 0.0632038 -1.4594e-20)
(0.891083 0.0706391 -3.03574e-20)
(0.820145 0.0575629 1.53524e-20)
(0.657246 0.0412623 -9.53226e-21)
(0.821085 0.0254843 2.16782e-21)
(1.16093 0.0425786 2.97698e-20)
(0.913598 0.0469223 -3.1061e-22)
(1.03887 0.0501646 -2.58515e-20)
(0.984775 0.0555062 1.29556e-21)
(0.969315 0.0641621 -9.47965e-21)
(0.944918 0.0744608 9.14977e-21)
(0.893183 0.0880396 1.75398e-20)
(0.822911 0.0956744 -5.11948e-20)
(0.652831 0.10527 2.15798e-20)
(0.64509 0.0492613 9.44476e-20)
(0.711627 0.0199384 1.84866e-20)
(0.486773 -0.00232694 -3.94641e-21)
(0.600899 0.00301846 -1.51108e-20)
(0.531096 0.00029922 2.47871e-21)
(0.537756 -0.000204941 -2.90647e-22)
(0.538259 -0.000857266 2.70541e-21)
(0.570052 -0.00342042 -1.72447e-20)
(0.606684 -0.00813669 2.03495e-21)
(0.815101 -0.0136447 -2.02785e-20)
(0.806444 0.0926075 1.88926e-19)
(1.14632 0.0390927 1.95948e-20)
(0.861947 0.00658373 -1.36517e-21)
(0.993845 0.00641611 -1.31184e-20)
(0.920292 0.00388037 4.14583e-21)
(0.921487 0.000470605 -7.71032e-21)
(0.919318 -0.00540175 1.21698e-20)
(0.958908 -0.0168196 -2.67212e-20)
(0.999309 -0.0490208 -5.65274e-20)
(1.27135 -0.0876798 9.22844e-20)
(0.82042 0.0695755 4.15617e-21)
(1.19541 0.0362623 2.55233e-21)
(0.90982 0.00997708 -2.01188e-21)
(1.04449 0.0112698 -3.63105e-21)
(0.970054 0.00652063 0)
(0.969773 0.00199162 0)
(0.965097 -0.00841883 0)
(0.998428 -0.0274302 0)
(1.03838 -0.0819482 1.10643e-20)
(1.26233 -0.162358 1.69663e-20)
(0.819076 0.0665975 2.93973e-21)
(1.19024 0.037652 -1.61071e-20)
(0.910303 0.0162404 -1.01347e-20)
(1.04764 0.0152391 0)
(0.972647 0.0097825 0)
(0.971266 0.00393605 0)
(0.964248 -0.0104246 0)
(0.989631 -0.0373799 0)
(1.02864 -0.111464 0)
(1.20368 -0.240044 1.0717e-19)
(0.816423 0.0603378 -1.41929e-21)
(1.18254 0.0380013 -1.46834e-20)
(0.907068 0.0199184 0)
(1.04677 0.0189812 -4.65783e-21)
(0.971011 0.0130982 0)
(0.968326 0.00622849 0)
(0.95898 -0.0121976 -2.20074e-20)
(0.975709 -0.0472966 5.78776e-20)
(1.00642 -0.134771 0)
(1.14203 -0.339311 7.22384e-19)
(0.92149 -0.00187176 -1.15293e-19)
(0.904642 0.0149544 1.10418e-20)
(0.875218 0.0300753 3.14998e-19)
(0.806648 0.033532 4.67233e-19)
(0.691353 0.0210722 1.87189e-19)
(0.573766 0.00593249 -4.18452e-19)
(0.485579 -0.000372332 -3.04066e-20)
(0.416455 0.000331783 -5.80626e-20)
(0.357198 0.00152226 -1.42419e-19)
(0.309567 0.00162097 9.57837e-20)
(1.44073 -0.0966842 -2.27681e-19)
(1.48612 -0.0836028 -2.06742e-19)
(1.54219 -0.0558142 -5.69652e-20)
(1.58773 -0.018963 -3.2755e-19)
(1.57361 0.00557553 3.38675e-19)
(1.47453 0.00780446 4.08733e-19)
(1.31435 0.00166068 2.8303e-19)
(1.14247 0.00237647 3.08508e-19)
(0.992913 0.00718504 -3.67679e-19)
(0.879859 0.0116759 -1.41374e-20)
(1.50582 -0.189708 -1.51122e-19)
(1.5929 -0.183792 -3.98302e-19)
(1.69865 -0.158384 8.94608e-22)
(1.8183 -0.116817 1.93548e-19)
(1.91887 -0.0733719 -5.83811e-19)
(1.95357 -0.040003 -1.12086e-19)
(1.88727 -0.0185084 -3.4754e-19)
(1.73743 -0.00231282 2.79207e-19)
(1.56412 0.0117466 8.68468e-20)
(1.42239 0.0241934 7.95123e-20)
(1.47888 -0.301477 -1.30275e-19)
(1.58905 -0.300532 2.18377e-19)
(1.7165 -0.271634 8.80746e-21)
(1.86513 -0.218943 -1.80207e-19)
(2.02058 -0.158214 -1.48352e-20)
(2.14826 -0.10185 -1.02839e-19)
(2.19669 -0.055853 -1.76428e-19)
(2.14029 -0.0184197 -2.14926e-19)
(2.01709 0.0114587 3.71715e-20)
(1.89604 0.034973 -4.56112e-19)
(1.46504 -0.391281 -2.62313e-19)
(1.58781 -0.388649 -1.9537e-19)
(1.70858 -0.370023 2.16028e-19)
(1.85041 -0.32243 -4.38959e-19)
(2.01836 -0.25388 2.56424e-19)
(2.19203 -0.179256 -1.81506e-19)
(2.32772 -0.110451 5.85866e-19)
(2.37597 -0.050851 -2.55772e-19)
(2.33496 -0.00200235 1.52592e-19)
(2.26212 0.0367606 -1.34903e-18)
)
;

boundaryField
{
    left
    {
        type            fixedValue;
        value           uniform (1 0 0);
    }
    right
    {
        type            zeroGradient;
    }
    down
    {
        type            noSlip;
    }
    up
    {
        type            noSlip;
    }
    cylinder
    {
        type            noSlip;
    }
    defaultFaces
    {
        type            empty;
    }
}


// ************************************************************************* //
