/*--------------------------------*- C++ -*----------------------------------*\
  =========                 |
  \\      /  F ield         | OpenFOAM: The Open Source CFD Toolbox
   \\    /   O peration     | Website:  https://openfoam.org
    \\  /    A nd           | Version:  13
     \\/     M anipulation  |
\*---------------------------------------------------------------------------*/
FoamFile
{
    format      ascii;
    class       volVectorField;
    location    "4.7";
    object      U;
}
// * * * * * * * * * * * * * * * * * * * * * * * * * * * * * * * * * * * * * //

dimensions      [0 1 -1 0 0 0 0];

internalField   nonuniform List<vector>
1800
(
(0.00744044564934 -0.0209194948907 2.44153222993e-17)
(0.532906504697 -0.455365737814 3.79150320809e-17)
(1.05808007044 -0.864910420669 6.97916069176e-18)
(1.34528481335 -1.05764175346 6.89757838057e-18)
(1.45511400226 -1.09525129919 -1.75426050107e-17)
(1.48379824752 -1.06220598406 -9.57562808537e-18)
(1.48336241848 -1.00660176934 6.12110387838e-18)
(1.47361425021 -0.947869261588 5.5333596565e-18)
(1.46153164629 -0.88845444136 -1.26106656905e-18)
(1.42803512958 -0.840378033583 -1.80450101247e-18)
(0.0303241864786 -0.0375333385598 3.16384749044e-18)
(0.637053868473 -0.460706870711 5.48667716703e-18)
(1.21846331273 -0.848299501223 -4.97861333758e-20)
(1.52511753069 -1.02499499991 -1.54073606385e-18)
(1.63390198236 -1.05525105946 1.67381875126e-18)
(1.65485515671 -1.01990707375 6.89063787025e-19)
(1.64625696575 -0.963681998478 -5.86928257845e-19)
(1.63003042402 -0.904141958081 2.56089678976e-19)
(1.61296930333 -0.845442057877 1.18074672755e-18)
(1.58929267239 -0.8016294229 -3.77376448254e-19)
(0.060453497857 -0.053574908345 1.0348925814e-19)
(0.747755913742 -0.454425641961 -2.79577711265e-19)
(1.3789474396 -0.810944281913 4.73930973629e-19)
(1.6995143891 -0.967936227297 -5.95360939007e-19)
(1.80405012917 -0.991240601322 -1.54673743188e-18)
(1.81543798267 -0.956152343475 3.13704766906e-19)
(1.79690759252 -0.903351691474 5.86026668485e-19)
(1.77140656815 -0.848868698556 -7.48541280514e-20)
(1.74574486524 -0.796656565957 -4.97892539282e-21)
(1.71313828144 -0.755765263886 -3.42027256815e-20)
(0.0979038066562 -0.0673084497726 1.13992568545e-20)
(0.86294468838 -0.434412377338 -8.73242091229e-20)
(1.53604033866 -0.751558449647 -2.81785909203e-19)
(1.86503647084 -0.885501669239 7.09136510076e-20)
(1.96324958095 -0.901543183651 3.98601000532e-19)
(1.96507923993 -0.867159948863 3.68432824877e-20)
(1.93755155341 -0.817838492095 -2.42604192811e-20)
(1.90417686031 -0.767261970382 5.46377263387e-19)
(1.87141493126 -0.718835677028 4.51247307677e-19)
(1.83532995762 -0.682439825413 -1.49070157043e-19)
(0.142390411612 -0.0772737324464 8.89115709696e-20)
(0.980006484619 -0.400044111675 1.51091453082e-19)
(1.68548934386 -0.671542186945 -8.3371180269e-20)
(2.01669329101 -0.780875097774 -9.8048968305e-20)
(2.1062476694 -0.790858885198 -1.20271159624e-18)
(2.09841897452 -0.759267859792 1.06850325229e-20)
(2.06258833282 -0.715763734243 9.32286049597e-19)
(2.02224526185 -0.671686789296 3.23069643448e-19)
(1.98353142238 -0.630110006165 2.30532411862e-20)
(1.94362222173 -0.59846884036 -1.99675580278e-19)
(0.19284661909 -0.0816928195043 -8.03101233136e-20)
(1.0954110418 -0.350227094674 1.65572537749e-19)
(1.8228819528 -0.571421454369 1.10227876463e-18)
(2.15016274365 -0.655509102027 -8.24331069354e-19)
(2.22925463192 -0.660656699381 -8.73153674598e-19)
(2.21208296177 -0.633170082277 1.44712974411e-18)
(2.1688974638 -0.596527413642 -1.04090645079e-18)
(2.12257124053 -0.559694681264 -1.14477044119e-18)
(2.0786932527 -0.525211501468 8.30403454867e-19)
(2.03560412192 -0.499344308407 -3.19999597907e-20)
(0.247722152762 -0.0791373618641 -1.95500829448e-20)
(1.20545049573 -0.285009858535 -4.83546552465e-19)
(1.9440430529 -0.453310865435 -2.92525512386e-18)
(2.26167758546 -0.512889477776 1.36716643627e-18)
(2.329134202 -0.515110259378 2.20429516609e-18)
(2.30341791212 -0.493308350761 -6.3627776006e-21)
(2.25422518971 -0.464802966406 -2.81692612128e-18)
(2.20327310931 -0.436288126965 -2.52287656248e-21)
(2.15555061035 -0.4097992478 2.52237642715e-18)
(2.1100356751 -0.390183357848 6.64147158583e-19)
(0.304796455715 -0.0684428959466 5.49817921538e-20)
(1.30597113147 -0.204947646109 4.20141749365e-19)
(2.04489029587 -0.319665317386 2.24755646911e-18)
(2.34790316313 -0.356504822974 -8.11663545495e-20)
(2.40325503184 -0.35793312348 -1.41791729723e-18)
(2.37014489242 -0.343081176497 -4.36816154241e-19)
(2.31637679109 -0.323597034901 0)
(2.26210064779 -0.304087391337 9.88937041076e-19)
(2.21169896726 -0.286105681894 1.01759608181e-20)
(2.16454623932 -0.273308047651 -8.0322493162e-19)
(0.361375950742 -0.0490212492503 8.10969641046e-21)
(1.39296984492 -0.111603118026 8.46737820414e-19)
(2.12190730444 -0.173845511199 2.01891715176e-18)
(2.40648829442 -0.190576136943 -1.99453948223e-18)
(2.45013547922 -0.193421305017 -1.43636442206e-18)
(2.41105707492 -0.186445395639 4.47465386464e-19)
(2.35422158778 -0.176590880037 -1.8813046806e-18)
(2.29801490809 -0.166512154198 -1.27785249168e-18)
(2.24613820021 -0.157286633963 1.52006847572e-18)
(2.19823220817 -0.151484800623 1.29386394205e-18)
(0.414513011131 -0.0210136041005 5.28103543596e-20)
(1.46289826433 -0.0072793758642 5.8999912016e-19)
(2.17212748845 -0.0195043836447 3.79023596344e-19)
(2.43631964438 -0.0196260261412 -2.89289994696e-18)
(2.4690624864 -0.0259197209204 4.05655266387e-20)
(2.42560067945 -0.0271674473772 4.27013300659e-18)
(2.36717753081 -0.0271832782277 -2.26039278017e-18)
(2.31029048132 -0.0267406508401 -1.26841478751e-18)
(2.25812709691 -0.0263270411557 4.13521241449e-19)
(2.21043398582 -0.0274721277632 -9.39346657576e-19)
(-0.00508397559018 0.00127111558003 1.01687926038e-19)
(-0.00383923844591 -0.0885130154346 6.07111815959e-20)
(0.042895040639 -0.180231623381 -1.69118996599e-21)
(0.105529459646 -0.229638527961 -8.66173030594e-21)
(0.17276139202 -0.245566364765 -2.05722574261e-21)
(0.238196814296 -0.244838120734 -4.30630588653e-20)
(0.298845907464 -0.237812730972 1.56171569302e-20)
(0.354164584773 -0.229090889528 -2.85499530553e-20)
(0.404202611462 -0.220373627053 3.08475764649e-21)
(0.451482670064 -0.213435187344 -8.13079518601e-21)
(-0.00682810122078 0.0127490774737 2.92439229305e-20)
(0.00948275955678 -0.132473007792 7.65636874851e-20)
(0.0720817504226 -0.287604851281 -1.054787438e-19)
(0.14297319906 -0.371260946498 -4.71858330047e-20)
(0.212442110878 -0.39678831981 -7.50179004115e-20)
(0.277322715679 -0.393217567349 -8.1241852987e-20)
(0.336390592939 -0.378721680264 2.89299683648e-20)
(0.389863603145 -0.361406128488 -2.12917388173e-20)
(0.437965390288 -0.344319976181 4.00400974802e-21)
(0.484264048388 -0.331572134197 -8.63699986002e-21)
(-0.0102485993653 0.0224358321507 -4.43715544951e-20)
(0.0305019701791 -0.176394366409 1.67414833868e-19)
(0.119337286611 -0.391527287001 7.23530354851e-20)
(0.204039514188 -0.507119177336 2.80395600323e-19)
(0.277320607518 -0.541245037334 5.08475701157e-20)
(0.341325441259 -0.534598664064 -2.84053342757e-19)
(0.397801536743 -0.512767511563 -3.00514186967e-20)
(0.448239717588 -0.48713990358 8.69501027623e-20)
(0.493160251676 -0.462072310053 -3.40787714053e-20)
(0.53794626025 -0.443705599082 -3.72387167116e-21)
(-0.0147628883048 0.0296244533157 -1.12813085821e-19)
(0.0597249523817 -0.219998184899 -2.57129854282e-20)
(0.184466314949 -0.490116251975 3.1896540865e-20)
(0.288013549437 -0.634291833613 -1.3368759902e-19)
(0.36641699442 -0.675603021085 6.43505260794e-20)
(0.429106255183 -0.665592599846 1.90446019473e-19)
(0.481960949444 -0.636649083183 5.27164144188e-20)
(0.528200755911 -0.603127671149 -1.11254162506e-20)
(0.568781566633 -0.570635588539 2.10877810835e-20)
(0.611523038974 -0.5468841951 -2.48079993913e-21)
(-0.019567697977 0.0336191466025 0)
(0.097777865381 -0.262967064422 8.8055033215e-20)
(0.267099367751 -0.581502631421 2.6668549381e-19)
(0.393772726033 -0.749910203811 -2.83140629551e-19)
(0.478255378988 -0.796626732966 -5.86357853387e-19)
(0.539069888667 -0.782952118032 1.98716737667e-19)
(0.587286924593 -0.747243526547 -2.74897458391e-20)
(0.628248788838 -0.706412324639 -9.89933492004e-20)
(0.663473056529 -0.66722094592 0)
(0.703656535929 -0.63833795148 -8.70691120709e-21)
(-0.0236355356378 0.0338153779858 5.50175771316e-20)
(0.145357369488 -0.30483698611 8.41871667709e-20)
(0.36661720559 -0.663783992088 4.53384898649e-20)
(0.519701497974 -0.851210168089 2.40079263283e-19)
(0.610764351191 -0.901278112607 -1.90367161371e-19)
(0.669025554627 -0.883693850802 -2.95378486246e-19)
(0.71165796718 -0.841739438542 5.09504620397e-19)
(0.746416377087 -0.794369983647 5.43404727353e-20)
(0.775507462639 -0.749347194155 -2.99267552388e-19)
(0.812621849612 -0.715542012038 -6.99669688054e-21)
(-0.0257416936247 0.0298149739016 -3.36884791442e-21)
(0.20311729028 -0.344870216598 6.72921869934e-21)
(0.482040389638 -0.735013052482 1.30513220591e-19)
(0.663602262838 -0.935632505502 2.56152391558e-20)
(0.761212580723 -0.986902089793 3.24555495321e-19)
(0.816142800118 -0.965331224399 -4.06928219315e-19)
(0.852359247905 -0.917901325722 -4.06680232943e-19)
(0.88020516427 -0.865017009567 -3.41165544337e-19)
(0.902727784575 -0.815143356922 2.50481278489e-19)
(0.936100198182 -0.776420842279 2.72150693241e-19)
(-0.0245926243161 0.0215794280944 -1.279043404e-19)
(0.271402359309 -0.381921525941 6.16932680254e-20)
(0.611755548758 -0.793175757418 2.96433598285e-19)
(0.822491891903 -1.00093299926 -1.77036189617e-19)
(0.92604704694 -1.05145971088 3.38850800404e-19)
(0.97680955828 -1.02626632497 8.00866666222e-19)
(1.00596834442 -0.974671173251 5.47383364235e-19)
(1.02645470166 -0.917919369708 -4.2873571297e-19)
(1.04237771869 -0.864485706478 -2.03891180068e-19)
(1.07028886805 -0.820653551011 2.94631421589e-19)
(-0.019135519539 0.00963979802695 -1.79364592168e-19)
(0.349728823246 -0.414250971178 -2.76426859699e-19)
(0.752942919964 -0.835983190782 6.78569629337e-19)
(0.991897685201 -1.04483398871 7.78410246589e-19)
(1.09995496914 -1.09299089441 -7.60503095139e-19)
(1.14536101277 -1.06505126729 8.32417227396e-19)
(1.166654707 -1.01130273825 1.37737833055e-19)
(1.17921707681 -0.953255863483 -9.88598897041e-19)
(1.18845979837 -0.898079145725 -2.43749943666e-19)
(1.20600470127 -0.849459000562 3.33898083941e-19)
(-0.00871373208057 -0.00490680686153 8.88878905091e-20)
(0.437021794852 -0.439491392 -3.00823317235e-19)
(0.902258654068 -0.860689921832 -4.47520239918e-19)
(1.16676810332 -1.06450843148 7.79772591754e-19)
(1.27675357234 -1.10843809763 6.18113091027e-19)
(1.31447618721 -1.07818911138 -7.50102537569e-19)
(1.32559493676 -1.02370655552 -6.14297964645e-19)
(1.32787475037 -0.965972443179 3.6437121806e-19)
(1.3280251551 -0.909624097317 -3.81925876996e-19)
(1.32544257366 -0.858477889379 -2.26277137184e-19)
(0.622190544572 -0.173413064057 3.63751107155e-20)
(0.800043977982 -0.132608527666 -7.50940979364e-20)
(0.888417597871 -0.103565385572 5.69899929055e-21)
(0.939232908612 -0.080945686068 1.31238051559e-20)
(0.969092095656 -0.0627093227168 -6.1882977742e-21)
(0.986741757108 -0.0477917809043 -3.07876983984e-21)
(0.997575277813 -0.0355501453072 -4.74090761773e-21)
(1.00438307674 -0.0253712508457 -3.14479542546e-21)
(1.00849172555 -0.0172482759706 7.82444349887e-21)
(1.01125129988 -0.00707595901075 2.95038570765e-21)
(0.639897681322 -0.24668013123 1.03885041455e-19)
(0.811849097981 -0.172225176287 1.57216922955e-20)
(0.896864269037 -0.125055037134 4.58761483962e-21)
(0.945638142364 -0.0928647239112 -7.5995797012e-21)
(0.974136928015 -0.0696269809603 -1.68961724595e-20)
(0.99079623439 -0.0519249042586 0)
(1.0008660588 -0.0380664581944 -4.95704819148e-21)
(1.00709106627 -0.0269064638511 3.87151268898e-21)
(1.01080610589 -0.018179089583 4.77688528453e-22)
(1.01322816762 -0.00743659159821 -3.58883141347e-21)
(0.668050767918 -0.317495213922 -5.83116074078e-20)
(0.828776230714 -0.210940965631 -4.09647454796e-20)
(0.9080969027 -0.146237546824 1.85864111145e-20)
(0.953501205233 -0.10465054991 -9.16312083566e-21)
(0.97996129514 -0.0764333854969 -3.89925179363e-21)
(0.995302548305 -0.0559541361114 6.19837261427e-21)
(1.00443004619 -0.0404876042849 0)
(1.00997382427 -0.0283602892761 0)
(1.0132275616 -0.019044873838 -2.1350600571e-21)
(1.01528039807 -0.00776750348983 0)
(0.706712610025 -0.384484010834 -3.26987740034e-20)
(0.850594469599 -0.248170107563 7.72888382677e-20)
(0.922038371813 -0.166842051678 8.6491325511e-21)
(0.962808320937 -0.116176272798 0)
(0.986564235255 -0.0830565323893 2.28338072297e-20)
(1.00025219558 -0.0598363716814 -3.51234664549e-21)
(1.00825751916 -0.0427865678362 0)
(1.01301887453 -0.0297163349856 4.28328279793e-21)
(1.01576527866 -0.0198351474038 0)
(1.01741501906 -0.00806439890363 6.03421728928e-22)
(0.755951907056 -0.446318532079 -2.91549924816e-20)
(0.877043034123 -0.283378869856 1.04851788398e-19)
(0.938580859998 -0.186609534139 -4.68192655562e-21)
(0.973527073759 -0.127318066637 0)
(0.993932676006 -0.0894280830207 5.04828917674e-21)
(1.00563475251 -0.063529761761 6.89059781595e-21)
(1.01234146754 -0.0449370727404 5.96777483272e-21)
(1.01620854937 -0.0309571657228 1.09378737467e-21)
(1.01839418722 -0.0205392680568 -2.20424305336e-21)
(1.01961944794 -0.00832297166406 2.69532377225e-21)
(0.815603256768 -0.501658583149 -6.69365755256e-19)
(0.907815025085 -0.316107868495 -1.87601665038e-19)
(0.957574892657 -0.205331642351 1.88111243136e-21)
(0.985611952259 -0.137964816632 3.33733960439e-20)
(1.00205398767 -0.0954866353627 -7.83481403275e-21)
(1.01142629982 -0.0669954691419 4.96058131194e-21)
(1.0166568635 -0.0469136240078 4.95129609664e-21)
(1.01953661256 -0.0320658993647 -9.19163726238e-21)
(1.02110365068 -0.0211459368816 -2.11208359608e-22)
(1.02187306437 -0.00853894155534 1.72992020736e-22)
(0.884717285805 -0.548977075628 -1.99292606828e-20)
(0.942165511511 -0.345404287655 7.17790513111e-20)
(0.97872190952 -0.222771999297 3.69045065759e-21)
(0.998978386582 -0.148014502197 -9.3285567682e-22)
(1.01089117677 -0.101180783931 -2.43132335032e-20)
(1.01761766941 -0.0702007379647 5.3342280306e-21)
(1.02118415205 -0.0486930455377 -3.44387872678e-21)
(1.02298914948 -0.033026588651 -4.29121518591e-21)
(1.02386819815 -0.0216450454358 1.06902079887e-21)
(1.02415299554 -0.00870813637331 -1.86954586951e-21)
(0.961754863239 -0.587439364501 2.99982211323e-19)
(0.978211159621 -0.370652569653 8.06404566101e-20)
(1.00088132095 -0.238533462608 0)
(1.01322724725 -0.15724621323 -4.48402477014e-22)
(1.02030770916 -0.10641129239 1.93303703035e-20)
(1.02414299502 -0.0730987103001 1.14800674307e-21)
(1.02590335377 -0.0502516801506 -1.52159218775e-20)
(1.02652840061 -0.0338248030863 4.24921103538e-21)
(1.02668754895 -0.02202795511 -3.94571134404e-23)
(1.02646630108 -0.00882811993323 -2.9416553549e-22)
(1.04956698525 -0.620159544408 -4.36824949594e-19)
(1.01571996175 -0.395436519388 -2.13448672485e-19)
(1.0225144037 -0.254410686386 5.03095949114e-20)
(1.02733398392 -0.166346446166 -1.58245921164e-22)
(1.02977569554 -0.111395345969 -2.28399562998e-21)
(1.03075929324 -0.0757397615355 -1.46582498816e-20)
(1.03068874229 -0.0515896424311 3.81358444735e-21)
(1.03012694673 -0.0344508307332 5.2972837567e-22)
(1.02951042802 -0.0222861217177 -3.224189204e-21)
(1.02878735468 -0.00889765938796 -2.81077140898e-21)
(1.15440246626 -0.64430319647 3.0235053057e-19)
(1.0661542695 -0.415953002199 -2.15859981502e-19)
(1.0479046889 -0.27099176488 -3.80964900963e-20)
(1.04233600117 -0.176532210245 -4.056341113e-20)
(1.03943309069 -0.116995543963 -2.30706207485e-20)
(1.0374148053 -0.0786036756918 -1.13058147724e-20)
(1.03549564913 -0.0529373130504 -5.4914054941e-21)
(1.03371279607 -0.0349990050494 0)
(1.03233071087 -0.0224528601093 -3.3768587725e-22)
(1.03109278659 -0.00891062955404 2.0380273354e-21)
(1.3081856035 -0.631486543862 5.04015680277e-19)
(1.16589994854 -0.416635027296 1.6150874821e-19)
(1.10361664946 -0.272866256947 -1.08081145382e-19)
(1.07425490847 -0.178251040692 6.99358309971e-21)
(1.0582206701 -0.117949179802 8.82772340637e-21)
(1.0490053436 -0.078887076994 -5.06622334496e-21)
(1.04303958254 -0.0528217848656 4.30366186812e-22)
(1.03886987659 -0.0347179729463 4.45882436872e-21)
(1.03611888885 -0.0221514043437 -3.1332681932e-21)
(1.0340712111 -0.00877419989534 1.11530346087e-22)
(1.36119876209 -0.518093988749 -1.32109613719e-20)
(1.20107294693 -0.356309884048 1.53871012729e-19)
(1.13287063941 -0.242037620412 1.15096704441e-19)
(1.09721595427 -0.163300966145 -1.36982844291e-20)
(1.07458146334 -0.110077371618 5.38344368937e-20)
(1.0602984855 -0.0742913842798 3.50846402214e-20)
(1.05089975634 -0.0499345848327 2.41118846097e-20)
(1.04448467993 -0.0328662198987 -2.3788040637e-21)
(1.04035724814 -0.0209832217771 8.46563587662e-21)
(1.03741244944 -0.00830435954035 3.84090130893e-21)
(1.41935156184 -0.444482621886 -1.40281050551e-19)
(1.25184511431 -0.317458392927 -1.06145222492e-20)
(1.16801717195 -0.219447690881 5.60536886489e-21)
(1.12109763145 -0.150062589484 3.84122516104e-37)
(1.09075314594 -0.101938212667 8.65895501952e-22)
(1.07126812561 -0.0690395898326 -9.65070705849e-35)
(1.05846001204 -0.0464481796401 -2.95822321641e-21)
(1.04985038435 -0.0305604066493 -2.14452931608e-34)
(1.04439229052 -0.0195014243596 8.58391312266e-22)
(1.0405456557 -0.00771462117577 -2.55426677066e-21)
(1.45541126708 -0.365971154521 -1.99584537615e-34)
(1.28845719672 -0.27091884255 -4.00075492031e-20)
(1.19642677315 -0.191689677723 -4.07541125243e-20)
(1.14157566941 -0.133282242412 0)
(1.10510818668 -0.0914320194246 -2.28494020613e-20)
(1.08119994033 -0.062227835315 -1.57168171389e-20)
(1.06536950001 -0.0419475341976 -9.10864827852e-21)
(1.05477119158 -0.027610169109 -2.65767320782e-34)
(1.04808055738 -0.0176225134193 -2.80456716847e-21)
(1.04340305892 -0.00697319940761 2.42722071549e-21)
(1.4783178828 -0.294662756458 -8.67443475702e-20)
(1.3164793874 -0.22512302711 4.46658566077e-21)
(1.21961133671 -0.162391771573 0)
(1.15885389955 -0.114437472353 0)
(1.11751493027 -0.0791788670545 0)
(1.08990935294 -0.0541416756915 0)
(1.07147173915 -0.0365764470217 -5.86177917232e-22)
(1.05913858035 -0.0240927837823 -2.97295818115e-34)
(1.05135955229 -0.0153872732968 7.59810849549e-22)
(1.04593845676 -0.0060926858046 2.90629178707e-34)
(1.49237965704 -0.228982885039 -3.65782820906e-20)
(1.33730474863 -0.179707807959 0)
(1.23791037801 -0.131845940244 0)
(1.17291699166 -0.0939856403952 0)
(1.12783456019 -0.065520759073 0)
(1.09724049062 -0.0449975912089 0)
(1.07667106698 -0.0304658392521 9.89505612149e-22)
(1.06286486849 -0.0200862711407 5.66479431377e-21)
(1.05416018038 -0.0128396962582 7.15360817888e-22)
(1.04809333907 -0.00508842303613 3.22421336757e-21)
(1.50054899664 -0.168358699112 0)
(1.35212654857 -0.135134865363 -1.27211418316e-20)
(1.25169593567 -0.100547667987 -1.65185141042e-20)
(1.18380958696 -0.0723633107804 0)
(1.13595067106 -0.0507726812914 -1.0617394098e-20)
(1.1030958502 -0.0350046790139 -7.58668695484e-21)
(1.08083070145 -0.0237501563976 -4.29503123826e-21)
(1.06585591505 -0.0156740333578 -3.3246180469e-21)
(1.05640886047 -0.0100293500933 4.46780969949e-21)
(1.04979334812 -0.00397890708992 1.42753179117e-21)
(1.50396006743 -0.11165561128 8.94725815039e-21)
(1.3609836122 -0.091338889486 6.93560837177e-21)
(1.26048183267 -0.0686341621231 -3.90536725778e-21)
(1.19090321224 -0.0497570019891 2.9637305328e-36)
(1.14125887507 -0.0350867768995 5.46923060286e-22)
(1.10684740985 -0.0242657473477 -6.05650084283e-35)
(1.08342309576 -0.0164930170543 7.61917100558e-22)
(1.06762372754 -0.0108941913845 3.21389802656e-21)
(1.05763745386 -0.00697288059225 5.92774294436e-22)
(1.05062553169 -0.00276291163466 -1.9838768998e-21)
(1.48396968209 -0.0559583089062 -4.37154944701e-20)
(1.34500087223 -0.0507063030224 1.17101860905e-20)
(1.24701575056 -0.0392279389994 1.27259471448e-20)
(1.1783896879 -0.0287942922015 0)
(1.12908588226 -0.0204332262611 7.57486183535e-21)
(1.09471682052 -0.0141792880755 5.36945900408e-21)
(1.07120943804 -0.00965589385188 4.32728326618e-21)
(1.05535199236 -0.00638574180428 2.38159987229e-21)
(1.04533339345 -0.0040911642518 -2.23484469026e-21)
(1.0382839365 -0.00161944478608 2.41861089993e-21)
(1.11312156592 -0.0032207976896 0)
(1.02435725661 -0.00706905892322 0)
(0.955289424885 -0.00627217389831 0)
(0.905174554888 -0.00477638093728 0)
(0.868589359102 -0.00343214273837 0)
(0.842880995346 -0.00240387551518 0)
(0.825214269009 -0.00164810671059 6.01721237314e-22)
(0.8132213614 -0.00109991499723 -3.72008572127e-36)
(0.805601390931 -0.000692755376139 5.88174629144e-22)
(0.800242804124 -0.000263429767361 1.82420064181e-21)
(2.12592003532 -0.0273317190661 8.65334463016e-19)
(2.11628724404 -0.133760956951 5.99617989107e-20)
(2.08875788742 -0.238022284224 -1.29840618434e-19)
(2.04361992723 -0.337720869092 -3.37677040368e-19)
(1.98268340252 -0.431119932386 -1.19572809714e-19)
(1.905276495 -0.517073733864 -1.75785335445e-19)
(1.82125514818 -0.587560005054 -4.09237830648e-19)
(1.70879892673 -0.664559516668 1.32667789297e-19)
(1.63278559508 -0.681929417747 0)
(1.46508036975 -0.770498279722 3.3624253538e-20)
(2.0398666516 -0.0200758999464 2.14983379058e-19)
(2.03187805773 -0.0996570663101 -3.34162273767e-19)
(2.01055247877 -0.17835735852 -9.55994525603e-25)
(1.97516587802 -0.254802058667 -1.32812065624e-19)
(1.9301638535 -0.326940396739 1.43347152884e-20)
(1.86743027194 -0.398192876116 1.15198374555e-19)
(1.81022152406 -0.448668544241 3.33591043187e-20)
(1.71498693663 -0.530119665595 9.75978719283e-20)
(1.66494902675 -0.527739690988 -1.19081452818e-19)
(1.54694206969 -0.622626302894 2.17923270615e-20)
(1.96598422471 -0.0149077850159 -1.14064117224e-19)
(1.96001696962 -0.0781538743229 2.04864429735e-19)
(1.94357511 -0.140349106056 1.89258172843e-19)
(1.91534072293 -0.200891547709 -2.20243764175e-19)
(1.88045937977 -0.257410123076 1.06785171375e-19)
(1.82964212969 -0.315784544371 1.0542632135e-19)
(1.78570418372 -0.353270450036 -6.9531499243e-20)
(1.7112522784 -0.425923641654 8.19043815824e-20)
(1.66596687986 -0.420849266935 8.29605292207e-20)
(1.57997988999 -0.505032921813 1.0714150754e-19)
(1.90932730076 -0.013634586061 -1.86688894839e-19)
(1.90452418149 -0.0620628710275 5.25446795375e-20)
(1.8908361296 -0.109900330283 -1.13398905335e-19)
(1.8673690128 -0.157053669285 -6.73494558098e-20)
(1.83824188416 -0.201135651541 3.83107989229e-20)
(1.79664156411 -0.248028686449 -1.03621400506e-19)
(1.75873904137 -0.277687878839 7.46649817504e-20)
(1.70076158374 -0.33732704449 3.00520322089e-20)
(1.65815593917 -0.334796326515 -1.72056371599e-20)
(1.5938160752 -0.403463165875 8.30829839898e-21)
(1.86504907405 -0.0115167537843 5.54171483113e-20)
(1.86108579642 -0.0484370803527 4.35170247364e-20)
(1.84934458504 -0.0848881167179 -6.454973782e-20)
(1.82939334415 -0.120963225092 2.2882619091e-19)
(1.80395357776 -0.154766156048 1.70107277912e-20)
(1.76931798514 -0.191048609873 -1.31198321482e-19)
(1.73510440667 -0.21459446732 1.97227658265e-20)
(1.68883685035 -0.260514194512 -8.50730170791e-20)
(1.6493882132 -0.260772109475 1.16216257941e-19)
(1.59844956014 -0.313768438107 8.46211309441e-20)
(1.83154705565 -0.0106803706644 -1.00637387005e-19)
(1.82823116113 -0.0377177555944 -5.75563593748e-20)
(1.8178400127 -0.0644295616203 3.75465227802e-20)
(1.80034722935 -0.0909836666028 7.87872005755e-20)
(1.77733167767 -0.116055616647 3.27457775167e-20)
(1.74750907112 -0.143028290497 -3.92951283075e-20)
(1.71577598537 -0.161347070453 3.04729217898e-21)
(1.67707671549 -0.195265529607 5.65724991568e-20)
(1.64031827961 -0.197518125103 1.07200724238e-19)
(1.59734852243 -0.236969387779 -5.26934122012e-20)
(1.80718030403 -0.0102987622282 -4.27657620016e-20)
(1.80443712027 -0.0287763493256 -7.77634514147e-20)
(1.79504436991 -0.0470196430231 -4.67208486038e-20)
(1.77925704758 -0.0652521311127 -9.63534096034e-20)
(1.75789856445 -0.0826618904575 -2.3885546468e-20)
(1.73118669576 -0.101513812326 -6.76859882892e-21)
(1.70111927636 -0.114926171921 4.75305264342e-20)
(1.66699220431 -0.1388579712 -1.8033288469e-20)
(1.63235132802 -0.141891396716 -3.08711483597e-20)
(1.5939068232 -0.170225158633 1.14792796081e-20)
(1.78721853216 -0.00984355322204 3.36102365954e-20)
(1.78553548832 -0.0206914791974 3.53627206612e-20)
(1.77748492906 -0.0312559227759 1.2504649393e-20)
(1.76348422295 -0.041801171833 -2.17538294193e-20)
(1.74384437651 -0.0520424318122 -1.7527366571e-20)
(1.71956913609 -0.0634917197851 3.75705389666e-20)
(1.69088392871 -0.0719446314837 -1.13465295168e-21)
(1.65950337145 -0.0875212420715 -4.87759067047e-20)
(1.62630783271 -0.0900191260166 1.14640675389e-20)
(1.59009729537 -0.110095756587 4.94605880375e-20)
(1.71623382876 -0.0140955658816 -2.17128996681e-20)
(1.716371752 -0.0164282952298 6.1088508382e-21)
(1.71282258902 -0.0184440076999 3.66659993015e-20)
(1.70502299376 -0.0204654635934 3.78054480513e-21)
(1.69245500306 -0.0224266950903 -1.13708670332e-21)
(1.67621698271 -0.0256028581174 -1.00358424859e-20)
(1.65480150288 -0.0272294489858 2.15830054677e-20)
(1.63162324234 -0.0346776567383 -3.04614851526e-20)
(1.60284967986 -0.0341782311462 3.51476967502e-20)
(1.57532875563 -0.0465744229534 1.16566660358e-19)
(1.12274709789 -0.00854841418512 2.95842076073e-20)
(1.11500326179 -0.00555321688574 1.83231218626e-20)
(1.11027450948 -0.00261674612412 1.4461673916e-20)
(1.10905902838 0.000188697516426 1.51781610437e-20)
(1.11045048259 0.00279207388823 -1.16748503512e-21)
(1.1151333501 0.00496888977283 6.00694075157e-21)
(1.11889739766 0.00713178534977 -9.44395206399e-21)
(1.12861117897 0.00689069184522 3.12419787198e-21)
(1.12665496622 0.0101319710827 -4.96849101144e-21)
(1.14414795141 0.00528791629768 5.57058619772e-21)
(1.38312881438 0.747489742156 -5.45686738144e-20)
(1.36654463154 0.799898339256 2.36035031908e-20)
(1.37123469675 0.857093605215 -4.86187663858e-19)
(1.38190373334 0.920159712076 2.08403424163e-19)
(1.39222856161 0.98746851464 9.12996667191e-19)
(1.39855611018 1.05628268037 -1.32618899461e-19)
(1.3829288566 1.11305159944 -8.79749132697e-19)
(1.2829662405 1.09807874884 -1.94517313789e-20)
(0.978505141434 0.879553114426 -4.20925894261e-19)
(0.408441982064 0.368369043181 1.71642432817e-19)
(1.55095868418 0.721744721821 0)
(1.54278639909 0.772704814577 5.57375534733e-19)
(1.54296157386 0.825549517589 1.26720039621e-18)
(1.54987965299 0.886095176114 -7.69321550626e-19)
(1.56116301692 0.952786260768 -1.84079436392e-18)
(1.5714499462 1.02200962641 -1.39151661876e-19)
(1.55835739695 1.07936313299 -1.79284656534e-19)
(1.44881129871 1.06478241404 6.63549105703e-19)
(1.10309638594 0.849508346184 8.59739737591e-19)
(0.455386691122 0.349556619118 3.53745473441e-19)
(1.69042379226 0.703595106588 6.36285024223e-20)
(1.69523967616 0.749912176853 0)
(1.70066670167 0.797718381427 -6.55713023403e-20)
(1.71124651608 0.852591109401 7.74089369171e-19)
(1.72695292034 0.913889894751 5.24105425586e-20)
(1.74194619692 0.978538897507 -1.91229686077e-18)
(1.7308158459 1.03193625702 1.24363533395e-18)
(1.61025360258 1.01494677958 7.99478800759e-19)
(1.22181133266 0.804942475399 -7.71928285256e-19)
(0.497684011928 0.323817864629 -2.78048552656e-19)
(1.80146803464 0.670656051134 -1.26243237669e-19)
(1.81768461386 0.711573052957 -9.95765469581e-20)
(1.83363396443 0.754654596197 2.26922665318e-19)
(1.85371402209 0.803985436731 -2.8557181089e-19)
(1.87794002753 0.859352135755 -1.37324419082e-18)
(1.90017818002 0.91812091444 -1.07720383666e-18)
(1.8920059901 0.965751712102 1.20120568732e-18)
(1.75982116969 0.94505099045 8.23873507792e-19)
(1.3277004099 0.743083368274 0)
(0.530531475914 0.289407065213 0)
(1.89574956668 0.612592104444 -7.82340983197e-19)
(1.92136746996 0.649215367925 -1.39377611695e-18)
(1.94801522711 0.6883761332 -5.52245983414e-19)
(1.97850266138 0.732776610287 -3.30737118266e-20)
(2.01230318969 0.782356150747 0)
(2.04262965353 0.83480791579 1.39444543084e-19)
(2.03736570563 0.875909111924 1.65984930085e-19)
(1.89226811001 0.851626080743 2.14310587029e-19)
(1.41567411754 0.662458091025 -3.25359598175e-19)
(0.550717424082 0.246854513643 -8.06483833814e-20)
(1.98156240383 0.532420899405 9.53340710086e-19)
(2.01428673387 0.565259382277 -4.08396805238e-20)
(2.04943989249 0.600466598297 -1.14183405904e-18)
(2.08866510432 0.639770256847 0)
(2.13088797009 0.683198565237 0)
(2.16820149424 0.728752595948 0)
(2.16424451877 0.76276161269 1.52557126943e-18)
(2.00398930897 0.735598661088 -1.88899011895e-18)
(1.48314913364 0.565456480672 -1.07717333753e-18)
(0.556440524497 0.198718849437 -9.86099779881e-20)
(2.05868269459 0.436821003798 -1.28287746497e-18)
(2.09652670486 0.465168095778 -2.71185724297e-18)
(2.13801322376 0.495348772026 -4.78943635664e-21)
(2.18394364947 0.528580612219 5.68132928415e-19)
(2.23275912673 0.564995897726 -4.0133390056e-20)
(2.27520944842 0.602927929304 1.30691344914e-18)
(2.27012276705 0.629758908726 -7.5937896439e-19)
(2.09259884353 0.599667704626 -2.41829501275e-18)
(1.52719987606 0.456967871357 1.77856279536e-19)
(0.547847605471 0.150565480291 1.22568080074e-19)
(2.12302374304 0.330469625024 -1.03674552878e-18)
(2.16476490613 0.353051948533 1.53269977803e-20)
(2.21094961288 0.376837593537 4.10992138456e-19)
(2.2618175533 0.40284737224 -4.07580690667e-19)
(2.31550902013 0.43125734329 6.52270589862e-19)
(2.36121509318 0.460937498965 1.86227857079e-18)
(2.35286282798 0.48111734672 -2.20081163698e-19)
(2.15567864421 0.450360563014 -1.38210267293e-18)
(1.54472241112 0.341261835386 2.68389833774e-19)
(0.528950996582 0.103955341103 8.55791899945e-21)
(2.1708797355 0.216138693345 4.01142335208e-19)
(2.21564359679 0.231976931382 7.71071121517e-20)
(2.26523382413 0.248283994017 -4.35419524917e-19)
(2.31956563191 0.266031945116 -1.05358798361e-18)
(2.37647156811 0.285412217405 8.78062843888e-20)
(2.42353850053 0.305648148498 8.72283156161e-20)
(2.40980480846 0.318987050562 -1.72137045376e-18)
(2.18931440121 0.297097502421 7.37282705871e-19)
(1.53888773256 0.224469585496 1.86932194875e-19)
(0.500287119406 0.0568909320166 -1.40803253493e-19)
(2.20062100501 0.0959784303964 7.85063726937e-19)
(2.24733133912 0.103987399729 -1.22048139996e-18)
(2.298863216 0.112330666021 1.82329482949e-19)
(2.35517742408 0.121470631929 2.62256112701e-18)
(2.41366487042 0.131267185575 1.36949236858e-18)
(2.45990894251 0.141036616438 -3.23666011449e-18)
(2.43762974672 0.151283570063 -3.42481834554e-18)
(2.19420182725 0.139283902168 1.71399510816e-18)
(1.51240430599 0.105972875621 7.94477019777e-21)
(0.46159323032 0.0146461010531 9.16744196918e-20)
(0.51439400046 0.206177759694 -1.70456421229e-19)
(0.477899711169 0.213309919964 -1.52034143243e-19)
(0.434646032248 0.221093396602 8.57077008245e-20)
(0.385938749357 0.229454420247 -2.78202055684e-19)
(0.332222819003 0.238411310436 -3.45590044636e-20)
(0.273147486337 0.247829908393 2.23717967535e-19)
(0.20747094443 0.255768930274 5.25356101316e-20)
(0.134834684893 0.252333413678 -2.07295021535e-20)
(0.0627499068059 0.211488219367 4.65654683102e-21)
(0.0102247197414 0.102458127886 1.42573410076e-20)
(0.542043427148 0.307008294189 1.37652460336e-19)
(0.506317634519 0.321061924026 1.9090905213e-19)
(0.46442199421 0.336677803559 3.35862564789e-20)
(0.41735264185 0.353429903411 -7.50005861365e-20)
(0.365398914397 0.371259904928 -2.563171766e-19)
(0.308176796501 0.389968633709 6.3210513011e-21)
(0.244057065756 0.406194724479 1.16844353997e-19)
(0.171024760791 0.402738883493 1.56917699208e-20)
(0.09315443253 0.33576417678 -6.89434417078e-20)
(0.0251294763496 0.159417349632 -2.25341772098e-20)
(0.586910432177 0.403567782023 -1.45287679439e-19)
(0.552571385452 0.424324590945 -1.47316841781e-19)
(0.513048959599 0.447389070915 1.27507270586e-19)
(0.468777499361 0.472096141901 1.10118610613e-19)
(0.4197803052 0.498351736787 -6.02827569308e-20)
(0.365633103527 0.525889270181 -7.65050750087e-20)
(0.304047377496 0.549948549641 -8.30526601738e-20)
(0.230156877835 0.546245895149 -2.00195168833e-20)
(0.142385458603 0.453706982007 -4.20533672248e-20)
(0.0487690136391 0.212773744323 3.16335581232e-21)
(0.647955883328 0.493634303699 7.48579762683e-20)
(0.615600255067 0.520796828789 -1.53620209442e-20)
(0.579388795976 0.55076226579 -1.04640014801e-19)
(0.538998439888 0.582796449474 3.58795556813e-20)
(0.494094430266 0.616846163829 -7.54163616704e-20)
(0.444193619468 0.652553976586 1.87484435287e-20)
(0.386092661912 0.683808027603 -1.66174486063e-19)
(0.310848322538 0.679634403949 -2.56257430291e-21)
(0.209052145048 0.562663877219 -2.28014025112e-19)
(0.0801895716467 0.260934158979 4.47669479541e-20)
(0.723809705638 0.575243645692 -2.00682858975e-20)
(0.693970518269 0.608431550958 -4.20402660695e-21)
(0.661917929289 0.64460247785 -4.09555566157e-20)
(0.626431550861 0.683152712973 -1.71257920672e-19)
(0.58670391178 0.724166326766 7.77509749828e-20)
(0.542157255178 0.767188039936 -3.54794156383e-20)
(0.48844048002 0.804773594927 9.80121543978e-20)
(0.411548671184 0.799726651787 -7.05938561128e-20)
(0.291208311145 0.66005206529 2.87477514949e-19)
(0.118102721096 0.30283913124 2.11619785217e-19)
(0.812610105415 0.646683049677 -1.63410403992e-20)
(0.785630954747 0.685139851239 -8.26997776656e-20)
(0.758346208395 0.726457134659 1.13059121076e-19)
(0.728585967713 0.770445359274 8.43107889668e-20)
(0.695001160673 0.817427564666 2.28609213834e-19)
(0.656839960729 0.866789570384 1.44981218907e-19)
(0.608323224374 0.90974816559 4.44981725232e-19)
(0.529476103261 0.903323836025 1.98971264731e-19)
(0.386905236001 0.742704939568 1.57154047834e-19)
(0.161603352418 0.336946678146 1.87703828715e-19)
(0.911933934235 0.706418571585 -9.02711702196e-20)
(0.888806478791 0.749505252748 3.1180271131e-19)
(0.867542117476 0.794982755938 2.0253864482e-19)
(0.844741174979 0.843178456633 -2.48053990915e-19)
(0.818344584229 0.894846375887 -1.34688774258e-19)
(0.787406124042 0.949280286286 4.86848068711e-19)
(0.744529792266 0.996464362574 -9.16983655783e-20)
(0.662965457653 0.988226942481 -3.26711591573e-19)
(0.494326667372 0.808918769621 -4.58755393968e-20)
(0.209385256603 0.362279040425 1.93029285582e-19)
(1.01342929409 0.753791698388 1.59186439184e-19)
(0.993307298241 0.799545049864 5.02578501802e-20)
(0.978601406185 0.847354532383 -5.42448235337e-19)
(0.964355741995 0.898494644395 7.81732478108e-20)
(0.947306892818 0.953845846582 3.791411257e-19)
(0.925808685169 1.01228397826 -2.51594364693e-19)
(0.890299756538 1.06246511486 -6.68745549852e-20)
(0.806248763823 1.05170961556 -1.42457562753e-19)
(0.608782158869 0.856144258973 1.32734672949e-20)
(0.258969719424 0.377644267156 -2.85738586264e-19)
(1.13468278486 0.77581387203 1.9908070408e-20)
(1.12210509064 0.825156849692 -3.59608906023e-19)
(1.11469482811 0.874683844618 -3.03393233567e-21)
(1.10707615976 0.927827501694 3.27413770774e-19)
(1.09654150796 0.986483712669 -3.37645249766e-19)
(1.08179250286 1.04896191231 6.94673828918e-19)
(1.05129497877 1.10247864195 4.95311571497e-19)
(0.962013452457 1.09064048641 -7.75466289924e-19)
(0.731029874919 0.883688004539 -4.08458190589e-20)
(0.31013549248 0.383693053137 -2.78449833113e-19)
(1.20761949609 0.794988905199 -2.21804201288e-19)
(1.20788727254 0.845149487665 -2.2242310368e-19)
(1.22054407686 0.896769913534 2.32625504592e-19)
(1.23178029209 0.951076723493 5.70360977601e-19)
(1.23692093057 1.00981787657 2.18081198049e-19)
(1.23521349329 1.07205963499 -5.93121186252e-19)
(1.21353263607 1.12473694694 5.92373751971e-20)
(1.12015099473 1.10903523069 1.76633391665e-19)
(0.854093551127 0.892525179081 -2.10126507934e-19)
(0.360023647417 0.380554344608 -1.95605661152e-19)
(0.811430664861 0.022202496409 -2.27203483789e-21)
(1.16468615124 0.0424801097307 -1.39019820318e-20)
(0.911440875145 0.0486344218732 -2.22076036757e-20)
(1.03631669401 0.0513558458441 0)
(0.998476677902 0.0588792442885 1.55241056681e-20)
(0.974496599163 0.0698318257103 2.11274616909e-20)
(0.949289374856 0.0848942996953 2.72623536444e-20)
(0.898610134549 0.104633904516 5.52634632332e-20)
(0.834014859568 0.132565537345 -8.24099241719e-20)
(0.664621034125 0.169984910944 -9.34819178338e-20)
(0.810890564306 0.019061140887 3.31408701633e-20)
(1.16458309842 0.0423077637444 -4.23539418729e-20)
(0.911880029938 0.0507162329697 1.24203335878e-21)
(1.03806988287 0.05274214525 -1.09294463017e-20)
(1.00113810673 0.0626002863777 8.55132617076e-21)
(0.978470236446 0.0760806326498 -1.04072202043e-20)
(0.954593922087 0.0957107079255 -6.75965513952e-20)
(0.906742498268 0.122461294346 0)
(0.84384846761 0.169548127423 1.76147609403e-19)
(0.687083209626 0.234757790059 -2.3451553245e-19)
(0.810116470592 0.0160706862785 -1.93069537677e-20)
(1.16466412754 0.0419891700776 1.58304828185e-20)
(0.91222246854 0.0525514755008 3.84452705099e-20)
(1.04033836935 0.0539055627861 1.36040869507e-20)
(1.00416315949 0.0661062230106 -2.08816318425e-20)
(0.983147778044 0.0821386777427 1.22697853969e-21)
(0.96097094766 0.106301643938 -4.82477858702e-20)
(0.91778500375 0.140216591579 -4.04759917592e-21)
(0.857386236263 0.205877861119 2.68695347348e-22)
(0.722570503605 0.297376012336 5.85492064522e-19)
(0.809103272224 0.0133387110966 -3.21516208597e-20)
(1.16489168049 0.041522488689 -4.68012094735e-21)
(0.912483770044 0.0540938985709 2.64079591323e-20)
(1.04312549951 0.0548494565192 1.57642338585e-20)
(1.00756059673 0.0693782739497 -8.94026975122e-21)
(0.98852777245 0.08795756362 -1.15669426146e-20)
(0.968510225387 0.11656877242 7.23105410149e-20)
(0.931621856154 0.157785717633 -1.12525804141e-21)
(0.874814105046 0.241420049445 -2.22339335502e-19)
(0.770335843736 0.356392156291 6.24582356814e-20)
(0.807844059464 0.0109095481938 2.21058914411e-20)
(1.16518278592 0.0408820811818 -2.49118066321e-20)
(0.91269339331 0.0552950174599 -1.8816808549e-20)
(1.04643969567 0.0555817109887 8.16398472726e-21)
(1.01131832625 0.072397422149 0)
(0.994601365323 0.0934932271533 0)
(0.977315082233 0.126444485332 6.19995278785e-20)
(0.948152161963 0.175010550673 2.82546628037e-24)
(0.8962593377 0.275807004216 -1.07461874872e-19)
(0.829524885553 0.410786460205 8.3889632579e-20)
(0.806337561563 0.00884061385349 6.93753028511e-21)
(1.16545718129 0.0400337608609 1.47119202829e-20)
(0.912886819129 0.056106996849 -5.62378124679e-20)
(1.05026700124 0.0561147378406 -3.02868584453e-20)
(1.01544091948 0.0751428217152 8.40528923407e-22)
(1.00136496407 0.0987083670511 4.8785982466e-20)
(0.987472792312 0.135894350161 9.72345638118e-20)
(0.967190252027 0.191660676497 -8.394907495e-22)
(0.922010121556 0.307471441614 1.75759269921e-19)
(0.89920558518 0.461183821458 -1.89265392871e-19)
(0.804577834142 0.0072099460022 -2.04317428477e-20)
(1.16562872766 0.0389336190959 1.26674904068e-20)
(0.913116290863 0.0564861500385 -1.97477084107e-20)
(1.05461966095 0.0564666719109 -5.45126171821e-20)
(1.01988353249 0.0775877901845 -1.82614412494e-21)
(1.00882718121 0.103571343112 -1.09965998281e-21)
(0.999038628619 0.14488979447 -5.92187973978e-21)
(0.988266322816 0.20763571685 -1.75097043886e-19)
(0.95289603636 0.334459502938 1.30788727019e-19)
(0.977027769849 0.506723274556 -4.51562484238e-19)
(0.802557014772 0.00608664794392 -6.31764548542e-21)
(1.1655951108 0.037508182173 -2.0778115512e-20)
(0.91344542899 0.0563923422842 3.2086975558e-20)
(1.0594760546 0.0566566513457 3.71044983044e-20)
(1.02463685687 0.0796916971361 -6.76204330197e-22)
(1.01698386502 0.108035097958 -5.80345974263e-20)
(1.01204129106 0.15329465935 -5.38784887771e-20)
(1.01098457196 0.22308885861 3.15872857904e-19)
(0.989603200842 0.357816588816 1.17860216674e-20)
(1.06116675333 0.553354648601 7.31620894663e-19)
(0.800265806061 0.00556209003218 1.58621628008e-20)
(1.1653885469 0.0356827675845 7.09338541241e-21)
(0.913961785296 0.0557585274737 5.21732523044e-20)
(1.06481651248 0.0566968012763 -3.84656417635e-20)
(1.02962168414 0.0814204965342 -5.39282606608e-20)
(1.0257623506 0.11203091579 1.20159842754e-21)
(1.0264051149 0.160647499249 -7.4063520262e-20)
(1.03542384874 0.236054179939 4.10937581481e-19)
(1.03550592442 0.369954625107 -7.51188914096e-21)
(1.14665116734 0.577523361052 -9.89214557925e-19)
(0.797768204168 0.00595253870152 -1.04353192358e-21)
(1.16595929882 0.0337480286997 7.1342247978e-21)
(0.914453356817 0.054564861308 3.53761624513e-21)
(1.07070725238 0.0567103805687 -7.94828495808e-20)
(1.0346546156 0.083044382336 -5.40358817636e-20)
(1.03432826411 0.116486244833 -5.04304847859e-20)
(1.03946383249 0.170122210165 -1.32674546664e-19)
(1.05507192 0.255078980421 -3.80648256257e-19)
(1.07650284307 0.396785348685 -2.22368924724e-19)
(1.23658012253 0.644816829604 -1.04007724744e-18)
(0.795357341844 0.0057412599513 2.83832370377e-21)
(1.16911523502 0.0306331865591 -1.38371044104e-21)
(0.915813738547 0.0516332235853 -6.47661848597e-21)
(1.0772622691 0.0556443442163 1.43875293722e-20)
(1.04379060818 0.0817770246019 4.70057395828e-20)
(1.04923185253 0.116094376782 -3.51809913788e-20)
(1.06360121009 0.169841299891 1.18142630527e-19)
(1.09347203587 0.252435774557 -3.75332603801e-19)
(1.14215376526 0.375871857756 -1.62274812348e-19)
(1.24498471797 0.631333541032 5.36478613265e-19)
(0.795842482298 0.0030651918953 -5.76649460332e-21)
(1.17336676764 0.0264818646805 7.55723744804e-21)
(0.920062912362 0.0461361174707 -1.55216036759e-20)
(1.08289369265 0.0526781085278 4.16075233237e-20)
(1.0547814584 0.0771088673692 7.60825108723e-20)
(1.0653870914 0.110322395076 1.04901495714e-19)
(1.08820040314 0.160533481843 2.50362492242e-20)
(1.13216370581 0.235635753157 1.95774774958e-19)
(1.1953173423 0.342455659095 2.5105420497e-19)
(1.3279197905 0.535864337572 5.12066375778e-21)
(0.796053967999 -0.000235899222208 2.40405135577e-21)
(1.17811387295 0.0219624026638 2.88236556379e-21)
(0.924771389765 0.0403908030075 1.44222946289e-20)
(1.08860158096 0.0485616569463 1.22832061588e-20)
(1.06530954243 0.0711748607601 2.12922006179e-34)
(1.08054314652 0.102292731077 -6.8608765013e-21)
(1.1104135618 0.147848469007 -4.85535026231e-34)
(1.16510104315 0.214219964103 1.7122697517e-20)
(1.23435487397 0.300598887792 -5.1876441481e-20)
(1.39024175498 0.457099435492 -4.62211387872e-20)
(0.796342874517 -0.00454169743516 1.25981684011e-20)
(1.18295777531 0.0167649907798 2.25817207363e-35)
(0.929588536232 0.0342944364259 -1.47693108024e-20)
(1.09418422323 0.0433700938322 -1.53790838754e-20)
(1.07502412278 0.0639275223292 -3.04714743795e-20)
(1.09427529405 0.0921449918476 -3.60677635595e-20)
(1.12998118357 0.1322249736 -5.98331965982e-34)
(1.19230252168 0.189424066463 -8.48658543453e-20)
(1.2656869253 0.257066052637 -1.21918726543e-19)
(1.43128619084 0.380435395802 8.30068367578e-20)
(0.796819773888 -0.00994158720725 0)
(1.18809153202 0.0109500961744 -7.91695614132e-36)
(0.934438898224 0.0279253473918 0)
(1.09947433891 0.037300310587 0)
(1.08370542127 0.0555167865349 0)
(1.10629460024 0.0802142573443 0)
(1.14673294474 0.114318241222 -3.56340585183e-34)
(1.21412361692 0.162115106702 0)
(1.29088290084 0.213516565488 -1.92468108638e-20)
(1.4554228106 0.308432385719 5.00522423988e-20)
(0.797553635675 -0.0166064527535 -1.40832884969e-21)
(1.19377741374 0.0046211193058 -3.87930145474e-21)
(0.939310413551 0.021462499993 -1.54873814315e-20)
(1.10431422343 0.0305729779684 0)
(1.09120159491 0.0461391947832 0)
(1.11643622138 0.0668582633293 5.76780888896e-21)
(1.16057627997 0.094717867674 2.48570168725e-20)
(1.2310877824 0.133084352388 -1.2781608963e-20)
(1.31049026289 0.170946593868 -2.81752244585e-20)
(1.46858854943 0.24102082132 1.92472418206e-19)
(0.798698094176 -0.0255520195767 -8.3614302418e-20)
(1.20034190524 -0.00226169830923 4.77497741157e-21)
(0.944192539157 0.0151514664277 -1.58564683751e-20)
(1.10854854444 0.0234275637968 -4.68730526293e-21)
(1.09738021051 0.0360036577531 -1.02166076859e-20)
(1.1245965092 0.0524090860773 -8.51130337901e-21)
(1.1714805676 0.0738975085214 -1.87211926121e-20)
(1.24375675466 0.102992403918 -3.54245625381e-20)
(1.32495995448 0.129678539046 -4.87450401413e-20)
(1.47516602282 0.178261741843 6.49354866235e-20)
(0.800243441051 -0.0322861026281 -2.0105110984e-22)
(1.20816029789 -0.00908200413383 -2.38577064755e-21)
(0.948815932185 0.0096016360095 -1.58258824935e-20)
(1.11163355055 0.0160667098559 -1.00052013583e-20)
(1.10177672686 0.025272206547 9.79375044575e-36)
(1.13039964716 0.0371229690215 6.22193778038e-21)
(1.17920570391 0.0521408292672 -8.5676681866e-34)
(1.25244337526 0.0721328987685 -1.29322987241e-20)
(1.33460598632 0.0893171605239 1.73411201209e-20)
(1.47800355761 0.118502400584 2.4437403121e-20)
(0.798418266179 -0.0557824130923 1.57447022741e-19)
(1.20261623653 -0.0182387317154 -1.02348898584e-20)
(0.941162729048 0.00240932390395 -1.63357912838e-20)
(1.10170393318 0.00987800513573 2.39306255567e-21)
(1.09258787931 0.0148302074672 2.17581238317e-21)
(1.12215235269 0.0222695084332 1.17300085419e-20)
(1.17222867528 0.0312040477501 6.51397463782e-21)
(1.24603266357 0.0429832007671 -5.4337358159e-21)
(1.32817590098 0.0523814152447 -2.10972696208e-20)
(1.46849794132 0.0669371749383 1.35528192523e-19)
(0.71856842207 -0.0366813880101 3.03433476995e-21)
(0.960453679539 -0.016749583515 -4.06137335338e-35)
(0.717782320292 0.00294084498354 -1.72152816938e-20)
(0.865725834629 0.000460142566021 0)
(0.849108576315 0.00290496488094 0)
(0.873957777554 0.00443051268475 6.44653425317e-21)
(0.916352470904 0.00612798781903 -8.43738585741e-36)
(0.977759520441 0.00866166441651 -1.28071027189e-20)
(1.04707067622 0.010235803714 -2.50847313575e-20)
(1.15503758678 0.0123654845734 5.23233818592e-20)
(1.48109907874 0.618293071723 -1.58159537585e-19)
(1.57810433473 0.607775555639 -2.6552698083e-19)
(1.67726760047 0.605719027929 0)
(1.76735834774 0.585183602854 1.11158126493e-19)
(1.84778948736 0.535667983788 5.25298221528e-19)
(1.922940692 0.463031997645 -1.11540870958e-19)
(1.99167018088 0.376399032757 1.50511524992e-18)
(2.04911965305 0.281697453393 -7.90533904055e-20)
(2.09180233084 0.181602264922 -3.31344217788e-19)
(2.11762269869 0.07895163409 3.18558996518e-19)
(1.51641925404 0.508865611081 6.71728867872e-20)
(1.5799909291 0.507068818796 1.03113388345e-19)
(1.65765774862 0.49817237078 -8.769664914e-21)
(1.74000740143 0.466930823827 1.79081320121e-19)
(1.81445405057 0.41692854558 -1.49241031253e-19)
(1.87983239575 0.355329321698 -3.5644236069e-19)
(1.93623566473 0.286769224863 -1.13288180829e-19)
(1.98157952265 0.213689725771 4.8699414501e-19)
(2.01452415497 0.137570353187 -2.14063940613e-20)
(2.03404189712 0.0593287877759 -4.234614438e-19)
(1.54954250431 0.402508058907 8.79631190377e-20)
(1.5986975754 0.393835627289 1.55962609973e-19)
(1.6574284956 0.385914304668 -3.20070040782e-19)
(1.72372146467 0.3642502486 7.04797418381e-20)
(1.78390317933 0.328410913957 4.40827131333e-19)
(1.83564579644 0.282346107701 -2.384167646e-19)
(1.88046096454 0.229219582733 -5.14888423227e-19)
(1.9172982292 0.171546533405 -1.95813560294e-19)
(1.9445194722 0.110972995995 2.78617837414e-19)
(1.96083606122 0.0484237712755 -2.4055568351e-19)
(1.5655444412 0.323290990679 3.09075854793e-20)
(1.60561762755 0.313747906011 0)
(1.6505246649 0.306742025493 1.71885068318e-20)
(1.7039982725 0.28783617853 1.78363895791e-19)
(1.75477347681 0.256929983682 2.99343105254e-19)
(1.79866590932 0.218604713623 1.44449746397e-19)
(1.83651218615 0.17582547779 -6.32269206777e-20)
(1.86764536538 0.130289985471 -2.14628700819e-19)
(1.89062903912 0.0830808764595 1.46421187024e-19)
(1.90461709168 0.0348669391915 6.7945275693e-20)
(1.57146231611 0.256020044232 1.21661706045e-20)
(1.60692926423 0.245612718533 -5.92709825928e-20)
(1.64353638065 0.237725756888 -1.16494928653e-19)
(1.68761364713 0.221276807603 5.94085185954e-20)
(1.73105697962 0.196258271459 7.36521522167e-22)
(1.76890512217 0.166226990258 8.97770826327e-20)
(1.80143116273 0.13318951395 1.43273487953e-19)
(1.82833554076 0.0982275933433 -1.39679030831e-19)
(1.84844066303 0.0621236327114 3.33455266959e-21)
(1.86082238791 0.0254338157006 1.58131484375e-19)
(1.57184101806 0.19721593124 -1.91926906982e-19)
(1.60445541911 0.187343461851 -2.38664045205e-19)
(1.63571326247 0.179379662792 4.82881666808e-20)
(1.67320223766 0.165400940871 2.08970919674e-19)
(1.71135366593 0.145421369564 -3.79574494232e-20)
(1.74504686725 0.122086964006 -8.23212815983e-20)
(1.77399494881 0.0968964853049 1.15922714476e-19)
(1.79807146112 0.0705845364832 -4.97522919925e-20)
(1.81619927896 0.0436737207173 -1.47121218811e-19)
(1.82750239759 0.0164867606546 -6.24964986614e-20)
(1.56945656636 0.144225566138 3.5033235749e-20)
(1.60001266231 0.135675266425 3.88513311319e-21)
(1.62777799684 0.128110211938 -6.00730971079e-21)
(1.66094979101 0.116415869464 1.41340911746e-19)
(1.69559956084 0.100890558531 1.97899237576e-19)
(1.72655294032 0.083436636702 -2.03720774855e-19)
(1.75319407803 0.0650845145069 -7.03027679988e-20)
(1.77543424364 0.0462943380605 1.3333165355e-19)
(1.79235414951 0.0273587958 9.27155559282e-20)
(1.80309192026 0.00843344521847 2.43579262588e-20)
(1.5651182643 0.0942663858927 -1.2461875653e-19)
(1.59366173922 0.0871339964732 6.60958975712e-21)
(1.61867397568 0.08004159558 2.45741851819e-19)
(1.64889906018 0.0704882322806 6.00722238145e-21)
(1.68115147347 0.0590763752057 -7.39359026336e-20)
(1.71015350602 0.0470657078215 9.90324252066e-21)
(1.73510243515 0.0350712062113 -1.00025696286e-19)
(1.75603223755 0.0233222289515 4.16174277169e-20)
(1.77210690296 0.011919352776 6.1109101402e-20)
(1.78263285821 0.000878388087863 8.2807150875e-20)
(1.53943623013 0.0520562538562 -2.36451880429e-19)
(1.56188046544 0.0442853727996 -1.7480823811e-20)
(1.58106284383 0.0354583021224 1.5281829824e-19)
(1.60565648278 0.026375873258 -7.83718758007e-20)
(1.63216108081 0.0176578987541 -1.55810842149e-19)
(1.65534066804 0.00981688331333 -2.95299424023e-20)
(1.67477709499 0.00307353449559 1.2329584705e-19)
(1.69090818703 -0.00260486275186 6.20122968365e-20)
(1.70342858777 -0.00727878045716 -1.74951480759e-20)
(1.71204485436 -0.0110192588145 -1.33316945107e-21)
(1.2110013194 0.00591863992919 2.48564418636e-20)
(1.2144715464 -0.000212019134756 -5.40241960872e-21)
(1.20994328938 -0.00653191889608 3.9289579535e-21)
(1.20623616455 -0.011326630448 0)
(1.19989551468 -0.0139729121939 2.12138110406e-19)
(1.18887392305 -0.0150023868044 -1.1766214002e-20)
(1.17518744328 -0.0149836632425 -1.35808686562e-19)
(1.16068756585 -0.0141977993599 8.27558493784e-20)
(1.14642721458 -0.0127772222206 -1.13542134189e-19)
(1.13332671701 -0.0108511919026 -8.94871794608e-20)
(0.626548643861 0.0200460058341 -5.90319362696e-20)
(1.98601626292 -0.0462869142279 5.88468550119e-19)
(2.8098397551 -0.0403215686144 3.21804730013e-21)
(3.09085006967 -0.0308015823467 -3.85318185345e-19)
(3.12270843296 -0.00604999372021 4.96289012989e-19)
(3.08366016722 0.0143593690409 4.11550923388e-19)
(3.03380325982 0.0322400847623 0)
(2.97905917715 0.0487822797836 9.42235888446e-19)
(2.89020640772 0.0636027775087 -1.93195742758e-18)
(2.66795425101 0.0726108859192 -1.04237134091e-19)
(0.48084654319 0.0569315547361 5.61756855322e-22)
(1.82785162524 0.0727131801119 2.2551058586e-19)
(2.72938267695 0.120426654464 8.3695568746e-21)
(3.07381051455 0.136383418038 2.56430095322e-20)
(3.13402941411 0.146253945151 5.47196548312e-19)
(3.10317681716 0.14692935553 -5.4041750035e-19)
(3.05510559425 0.143283801114 -4.37964252818e-19)
(3.00370178144 0.137520234351 -2.97772969271e-19)
(2.92708092435 0.130160692812 9.757488481e-19)
(2.7318351735 0.119881467801 -9.19080425782e-19)
(0.323305541813 0.0699236278206 3.77678979563e-20)
(1.61604353095 0.173066016862 8.62986809394e-20)
(2.57862864545 0.275245353716 -4.2524889934e-19)
(2.98826849363 0.307303100811 6.64730852995e-19)
(3.08302383866 0.306534550597 3.27302918951e-18)
(3.06430115233 0.287589217206 1.80029035165e-18)
(3.01934053452 0.261812849005 -2.06547218148e-18)
(2.97216588156 0.233812840836 -1.88599764032e-18)
(2.91561435359 0.204742081242 1.96924097044e-20)
(2.79200276046 0.174478230934 2.24237009352e-19)
(0.174088674524 0.0601136483341 -2.4052116896e-20)
(1.37193655657 0.24868373728 5.02252802823e-19)
(2.36696696213 0.417164089257 -1.2749914705e-18)
(2.83362114006 0.476058355668 -1.1567398141e-18)
(2.96560500541 0.470870187796 -8.00588303468e-21)
(2.96319268635 0.434414869559 -6.20342287894e-19)
(2.92358568095 0.387062062793 1.45392998815e-18)
(2.87960016813 0.337412769087 -1.1296243288e-20)
(2.83578749351 0.287993438305 -2.31636108076e-18)
(2.77288278481 0.239787993506 -8.14823391993e-19)
(0.0500793046472 0.0340027564514 -2.65827954121e-19)
(1.12202654842 0.298008652756 4.70026828044e-19)
(2.11206872725 0.538674672707 -1.70021021614e-18)
(2.61702441342 0.633116946738 -9.63429712815e-19)
(2.78288153617 0.630466731485 1.71473269794e-18)
(2.79935151768 0.580526798735 -1.22445343491e-20)
(2.76795598046 0.513879482079 -1.14524631057e-18)
(2.72747607908 0.444170978455 -1.81556939045e-19)
(2.6885809892 0.37508691748 3.02422269889e-19)
(2.64672721654 0.311764422563 3.05584749832e-20)
(-0.0393280473356 0.000707416811446 2.62849355994e-20)
(0.890939545761 0.324081342491 -4.3251362633e-19)
(1.83706647756 0.634088991858 -7.24090981374e-19)
(2.35432037449 0.767842302197 2.42844375902e-18)
(2.54443477679 0.773772525236 -1.50106199758e-18)
(2.57933360969 0.715928017875 2.21673233589e-19)
(2.55867399802 0.63479082455 1.5640279495e-19)
(2.52361554819 0.549340806661 -7.11208078799e-19)
(2.48824129349 0.463585321922 -9.00589573937e-20)
(2.44444603392 0.389097377649 6.4794742927e-19)
(-0.0933006756341 -0.0313889304252 1.29404408991e-19)
(0.694699138807 0.332320105636 -5.50781265634e-19)
(1.56463870434 0.699893623958 1.70147232642e-18)
(2.06728538286 0.870273834443 1.73099988943e-18)
(2.26864242008 0.888194135103 -1.82732140189e-18)
(2.31883812012 0.828167887001 7.92904289164e-20)
(2.310305011 0.738729099797 2.50088341865e-18)
(2.28309311832 0.643855679263 -1.73481518416e-18)
(2.25342704753 0.546466164448 -8.39369202796e-19)
(2.20387812928 0.466607578005 7.37501132552e-19)
(-0.11753756225 -0.0567841555909 3.84919667266e-19)
(0.538587673531 0.328778955792 2.84273876654e-19)
(1.31198013017 0.736365318208 6.61411592963e-19)
(1.77836571816 0.935576949409 -2.84748987849e-18)
(1.9782882967 0.966301625003 -1.45971712415e-19)
(2.0392331273 0.909463207551 4.3782106549e-19)
(2.04302116104 0.819010094136 -7.10300500954e-19)
(2.02610851685 0.722193810017 -4.75668145403e-19)
(2.00573378943 0.62329934482 8.80714198509e-20)
(1.95929541582 0.541871903192 -3.31793466077e-19)
(-0.121085590113 -0.0738407821151 5.3493007443e-20)
(0.418578943315 0.317310563362 -3.39529791142e-21)
(1.08759743542 0.745294858139 -2.63694402657e-19)
(1.50472032867 0.962334033329 -8.74450869057e-19)
(1.69403495754 1.00348305238 -3.43121875748e-19)
(1.76159122332 0.952159005079 -1.21217908887e-18)
(1.77715664621 0.86462880576 -9.09077235422e-19)
(1.77212648467 0.76937400425 8.03827147096e-19)
(1.76225898374 0.668004214174 4.85750168407e-19)
(1.72290032243 0.592672817838 1.42772418299e-19)
(-0.112589482924 -0.0831725534116 -3.28804897686e-19)
(0.326423155192 0.300910801271 0)
(0.892339715246 0.731798601968 -2.74052457027e-19)
(1.25453964025 0.956095374421 -2.99464354039e-19)
(1.427073335 1.00496133377 1.63451231653e-18)
(1.49661812651 0.961483584763 3.53999104483e-20)
(1.52054446376 0.882156122805 -1.0046144637e-18)
(1.52401487308 0.795988207649 -7.50213252731e-19)
(1.52408706232 0.705041946065 3.72748527898e-19)
(1.47726067849 0.624050703094 8.40496105615e-19)
(-0.0985364854946 -0.0867701166358 9.46571386199e-20)
(0.253812772653 0.28006246741 0)
(0.72388712508 0.699267701664 -6.97340220548e-19)
(1.03238696737 0.921368323704 4.94041008133e-19)
(1.18737639968 0.97417738281 8.29298881249e-19)
(1.2585972648 0.93788859968 1.91943514585e-19)
(1.29224825272 0.867119019368 -2.04661179536e-19)
(1.30884631261 0.789217271694 -8.10193881104e-19)
(1.31979676797 0.711926812606 -1.32512207543e-19)
(1.32803371709 0.638634866002 -3.06452517778e-19)
(-0.083068588279 -0.0865832415283 -7.73186773409e-20)
(0.193927264934 0.254667365697 -1.07610775492e-19)
(0.577286536608 0.650395564184 2.7954075714e-21)
(0.835882194109 0.862407343339 1.38525856599e-19)
(0.973448405483 0.915338080448 -1.44565963757e-19)
(1.04453021723 0.884561933684 6.32635492309e-19)
(1.0849041666 0.821277591946 -7.46327271475e-19)
(1.1109330413 0.750124886783 2.66664590512e-19)
(1.1282443154 0.68136633226 4.51621982227e-19)
(1.1606228812 0.620603384363 -2.05497020076e-19)
(-0.0679779592511 -0.0836168380926 -1.43740268689e-21)
(0.142987360339 0.22538799488 2.66690206469e-20)
(0.448729377132 0.588435569604 3.74407410515e-19)
(0.661955651541 0.784413559549 -2.03301460462e-19)
(0.782854756884 0.834875184946 -4.69754844542e-19)
(0.852291394485 0.808959388687 1.54688954929e-19)
(0.896875078076 0.753440288425 2.5064009813e-19)
(0.929180697528 0.690268423688 9.9246401218e-20)
(0.952077417286 0.629443207501 -1.98044016762e-21)
(0.991848901681 0.580776440531 1.2527595083e-20)
(-0.0537921598497 -0.0781604075408 7.05359656533e-22)
(0.099886520287 0.192987303341 -2.6301969565e-20)
(0.337460245653 0.515739633646 -8.11986462365e-20)
(0.510881345386 0.691042868444 -8.33835447592e-20)
(0.617239271603 0.737277491356 1.7167087151e-19)
(0.685273308257 0.716046965456 -2.39684822128e-20)
(0.733689948527 0.668834219532 -6.79995370692e-21)
(0.771659107853 0.614902314036 1.39551357302e-19)
(0.800958696071 0.562844027015 1.33282962475e-19)
(0.843024919603 0.523982686804 -9.81036447181e-21)
(-0.0408652128255 -0.0704547756238 -9.31214077126e-20)
(0.0642304676522 0.157959417915 -1.95447350777e-20)
(0.24336060412 0.433709131912 8.02588114866e-20)
(0.382893588379 0.584260807034 1.01021192656e-19)
(0.47716685904 0.624623837381 -2.59687136267e-19)
(0.54431658977 0.6075963058 -2.60723169989e-23)
(0.596356452946 0.568587878336 2.55081168693e-19)
(0.639494459955 0.523958242624 -7.72657563828e-21)
(0.67497703023 0.480689147568 -2.93630447791e-20)
(0.718555269675 0.449734197633 -5.16323540078e-20)
(-0.0295595243853 -0.0608232614484 7.3561871877e-20)
(0.0356780928518 0.120650984908 2.54240936226e-19)
(0.16628315316 0.343498322748 6.45098644345e-20)
(0.27786684063 0.465683243948 -2.18584371713e-19)
(0.362389197866 0.498648161245 -1.27391515552e-19)
(0.429014498694 0.485252046175 2.83734120141e-19)
(0.484251742252 0.454163560925 -1.06617337643e-19)
(0.531859160271 0.418590153354 -1.72392534967e-19)
(0.572682085107 0.383954854502 3.88565839922e-20)
(0.617695873532 0.359913610654 2.19133770573e-20)
(-0.0201729338294 -0.0496383691742 2.2605361526e-20)
(0.0140359949299 0.081387092078 -1.55695958869e-19)
(0.106329391921 0.246379906686 -3.77664520307e-19)
(0.195954260716 0.337185970024 1.75022987872e-19)
(0.272937625853 0.361508450703 2.34320108643e-19)
(0.33926433812 0.351298147203 -4.85535366851e-22)
(0.397129113785 0.327947648691 -1.91194895923e-19)
(0.448357387076 0.301301483208 2.87646844502e-20)
(0.493449436573 0.275287122746 3.51318450001e-20)
(0.539701979804 0.257731050511 -1.23064913635e-20)
(-0.0129338802891 -0.0373311944384 -6.4180601476e-20)
(-0.000774372827319 0.0404901832281 -5.66378375566e-20)
(0.0637598415499 0.143785455299 3.13310939514e-19)
(0.137480238011 0.200915822939 7.00714339634e-20)
(0.209037973698 0.215673747524 -1.07410466617e-19)
(0.27518025567 0.208345117383 -3.6053384697e-20)
(0.334985475698 0.192642478391 0)
(0.388866646045 0.174881940823 -9.95936752135e-22)
(0.437062389875 0.157543453193 -1.98176549164e-20)
(0.484232631698 0.14627759363 2.96111075049e-20)
(-0.00798985658206 -0.0243663259026 3.66601678511e-20)
(-0.00874663799181 -0.00167557151032 1.60325572087e-19)
(0.0388634027717 0.0373232265694 1.69465006475e-19)
(0.102784763996 0.0592637016124 -1.63649677205e-19)
(0.170948166214 0.0638750656497 -8.51088931159e-20)
(0.236929547434 0.0592543611362 1.25628912117e-20)
(0.297891216245 0.0511554876719 -3.58531556056e-21)
(0.353377273969 0.0422677383545 3.08863201114e-20)
(0.40345418495 0.033655041018 -8.27331823277e-20)
(0.451137728383 0.0285593129322 -7.95930171001e-20)
(-0.00539919473254 -0.0113020545366 -3.12489839241e-20)
(-0.00983705084908 -0.0447913056786 -1.25951382518e-19)
(0.0318278107384 -0.0712883367499 -3.16840900167e-20)
(0.0920885847748 -0.0851728374549 -3.2926220521e-20)
(0.158848325343 -0.0909198233497 2.47394572789e-20)
(0.224620517452 -0.0928907506954 1.06647472502e-20)
(0.285883850539 -0.0934087733411 2.50242754629e-21)
(0.341862739713 -0.0934499247152 -3.84767962146e-21)
(0.392558715355 -0.0933433844069 4.13961990168e-20)
(0.440287888225 -0.0923642647207 5.52196277858e-20)
(1.09047198257 0.384638658873 -8.4900954607e-19)
(0.972635034756 0.168620884987 3.95777835118e-21)
(0.94818891492 0.0642799799982 4.01156384243e-20)
(0.947945169094 0.0153265795717 1.245342055e-20)
(0.95676960525 -0.00390181481887 1.66261223618e-21)
(0.96820395684 -0.0100222080085 2.41097904214e-21)
(0.978746494827 -0.0104497685266 5.95138771171e-22)
(0.987285436917 -0.00864668977711 1.76712508721e-21)
(0.993303398552 -0.00627483269321 8.56797475531e-21)
(0.997814466631 -0.00261324002085 0)
(0.970605230226 0.360399290709 -3.64445889025e-19)
(0.928797714885 0.151815212417 5.10664063925e-21)
(0.933284983892 0.0522391359805 -5.13029980857e-22)
(0.943376543582 0.00813657909267 4.75377211721e-20)
(0.956226542162 -0.00858287149547 -3.93299243578e-21)
(0.968986561287 -0.0131852155897 -6.64761307958e-22)
(0.979860884291 -0.0127269938074 3.61238827265e-22)
(0.988350249973 -0.0102926500335 7.00829475065e-21)
(0.994216258447 -0.00742191321132 3.15849243123e-21)
(0.99859920575 -0.0030944977946 -4.66352615731e-21)
(0.878514328769 0.329184076212 4.06146724785e-19)
(0.895875705103 0.134934615425 5.74418719424e-20)
(0.920050606926 0.0427889028278 -3.49328093065e-20)
(0.938692001868 0.00248537751734 -1.41307949232e-20)
(0.955295482685 -0.0126676875022 4.94527907043e-21)
(0.969635962772 -0.0162485144582 -1.42750085461e-21)
(0.980961428414 -0.0150058985247 1.07279506619e-21)
(0.989462682498 -0.0119394607889 7.1539333309e-21)
(0.995222698956 -0.00856244360356 -7.69187542234e-21)
(0.999505388607 -0.00356922625639 -1.72761808598e-21)
(0.804289112569 0.289859522217 2.57799704986e-19)
(0.866537997532 0.114082767819 -2.57511658115e-20)
(0.907427300411 0.0302793767235 1.47803601075e-20)
(0.934237128444 -0.0055857552322 -2.090740483e-20)
(0.954697861025 -0.017720972163 -4.07779851092e-21)
(0.970473709891 -0.0196572582397 -9.47686082586e-23)
(0.982193434203 -0.0174033387063 7.7407669762e-21)
(0.990699203851 -0.0136156694758 -3.63492866794e-22)
(0.996357690878 -0.00970136816704 -3.62280480424e-21)
(1.00053678158 -0.00404036736789 2.84794398982e-21)
(0.743011175388 0.239771019059 -1.72778216365e-19)
(0.841386646951 0.0873570203123 9.58389383387e-20)
(0.896765114944 0.0151548325314 -1.87701258547e-21)
(0.930935678006 -0.0144453574874 -6.61813634412e-21)
(0.954684600397 -0.0232250114425 -3.35576262165e-21)
(0.971619637985 -0.0232904819316 1.7515026054e-21)
(0.98362893377 -0.0198892272216 -1.50613010994e-21)
(0.992098305965 -0.0153129000042 -3.11603638139e-21)
(0.997639004121 -0.0108359330255 -1.30793600024e-22)
(1.00169911013 -0.00450655031966 -2.91247366894e-22)
(0.694190265831 0.181232077649 -2.19165987627e-21)
(0.821234227656 0.0562895897985 4.24810913588e-20)
(0.888575262938 -0.00182822553946 3.23737627135e-21)
(0.928882046593 -0.0241821106963 6.15255119356e-21)
(0.955299650393 -0.0291687981322 2.56340751126e-21)
(0.973115807985 -0.0271218211005 -2.36503052022e-21)
(0.985295208275 -0.022446163398 -5.38219782409e-21)
(0.993673518818 -0.0170224268183 9.27395644804e-22)
(0.999071305519 -0.0119621446447 -3.58104311985e-21)
(1.00299173405 -0.00496616628669 0)
(0.657459912324 0.116510084823 8.72797463721e-20)
(0.806292928581 0.0220836254394 -9.05973559635e-20)
(0.882991236336 -0.0203668940598 3.4232809091e-21)
(0.928140670409 -0.0346725023606 -1.69905090558e-20)
(0.95659063021 -0.0354735109538 -3.80700702919e-21)
(0.974992901891 -0.0311099296871 2.1778927556e-21)
(0.9872099151 -0.0250541812762 2.63122613576e-21)
(0.995432906427 -0.0187347184228 -2.50936635709e-21)
(1.00065593897 -0.0130748149655 -2.78996774566e-22)
(1.00441079574 -0.00541710469974 2.4456473509e-21)
(0.632301937987 0.0472077490422 -5.77467758235e-20)
(0.796660234262 -0.0146477527664 2.37011477837e-20)
(0.880116061918 -0.0401418411484 1.09801442853e-20)
(0.928768474445 -0.0457451699613 5.13101213606e-21)
(0.958592222654 -0.042058900966 3.01416911519e-22)
(0.977276004767 -0.0352140191465 5.46246391839e-21)
(0.989386496178 -0.0276923067677 4.48749287695e-21)
(0.997382521988 -0.0204388466644 -3.11546570047e-21)
(1.00239357863 -0.0141676281188 2.09796027982e-21)
(1.00595136045 -0.0058567728737 3.07075798752e-21)
(0.618215125069 -0.0251098317114 3.01798716766e-20)
(0.792391089791 -0.0531667438236 -5.23523684734e-20)
(0.880040935442 -0.0608127882823 7.53249969167e-21)
(0.930811181394 -0.0572454410824 -4.47497777403e-21)
(0.961331013879 -0.048846411541 -7.44972963703e-22)
(0.979986292934 -0.0393917462224 3.08972938714e-22)
(0.991836264154 -0.0303372285453 -1.24918530233e-21)
(0.999525262687 -0.0221222495363 -3.09243206663e-21)
(1.00428242056 -0.0152330827478 -2.73033055338e-21)
(1.00760648278 -0.00628215012398 1.92167255708e-21)
(0.614935698476 -0.0990753017141 -3.25417420891e-20)
(0.793528550486 -0.0926988182304 1.92159612306e-20)
(0.882804986579 -0.0820509693835 -1.81645540596e-20)
(0.934292906722 -0.0690261286042 1.88609860474e-21)
(0.964824845873 -0.0557564282916 1.458696524e-20)
(0.983139471713 -0.043599085502 3.13148448005e-21)
(0.994565858153 -0.0329650160727 2.37752997319e-21)
(1.00185950048 -0.0237712949291 -7.00797962074e-21)
(1.00631782228 -0.0162630275119 1.96434796288e-21)
(1.00937807268 -0.00668980973223 3.672685614e-21)
(0.566036421911 -0.0232352007617 9.06668681347e-20)
(0.549722630186 -0.00492560356762 -4.50873043153e-20)
(0.538762000274 -0.000688373237065 -2.85887051949e-20)
(0.535178874614 -0.000463034894402 7.81493203147e-21)
(0.537070036337 -0.000537997708905 -3.70332595466e-21)
(0.54226622296 -0.000443081448383 -6.32843922049e-22)
(0.547846434841 -0.000347646736807 4.1422822749e-21)
(0.552585204184 -0.000257124349581 -2.0524962656e-22)
(0.555993032107 -0.000162597681216 -3.2935002971e-21)
(0.558492847104 -5.56657354843e-05 1.29613038296e-21)
(1.24631961104 0.0275862326076 -1.69293638024e-19)
(1.02454172876 0.0219399939009 -1.31609271192e-19)
(0.945939602308 0.010706308044 -5.5373572727e-20)
(0.920421521951 0.0027815304575 5.20601713561e-21)
(0.916002523831 -0.00107443950793 -8.81175761079e-21)
(0.921131791069 -0.00220542436594 -2.83178225825e-21)
(0.928780498908 -0.00225755582414 -2.47920183472e-22)
(0.935980851319 -0.00185621893833 -7.38134613505e-23)
(0.941377258271 -0.00132972448263 7.58415549941e-22)
(0.945514017778 -0.000541863168826 4.08799507541e-22)
(1.31558437346 0.149432176224 -2.11639862995e-19)
(1.0802515864 0.0680471182408 1.0272897892e-20)
(0.994541906852 0.0272191218293 -2.1339278389e-21)
(0.966435062296 0.00739945986506 9.23956198024e-35)
(0.961548713981 -0.000882339251182 -8.14549169449e-22)
(0.966934688565 -0.00378332011796 0)
(0.9749988587 -0.0041177274738 1.66317022472e-21)
(0.982624546349 -0.00344434399843 -2.50895315887e-34)
(0.988362934483 -0.00249474755833 4.56503695956e-36)
(0.992798521068 -0.00102944860008 1.8853935129e-21)
(1.27673634634 0.241161665548 4.37622414602e-19)
(1.06525113008 0.107923144067 -7.02729606631e-21)
(0.989406193021 0.0428338963702 0)
(0.965663999483 0.0116159278083 3.02867383382e-20)
(0.963079912745 -0.00127922552351 0)
(0.969591389451 -0.00561559628852 0)
(0.978266144138 -0.00615768101536 0)
(0.986165783532 -0.00517303373861 3.61872557518e-23)
(0.992023514718 -0.00376553569531 2.07954955987e-23)
(0.996516712625 -0.00156432769455 -2.87768972367e-22)
(1.24040143183 0.353356433343 -6.39545321089e-19)
(1.04981461134 0.156423088668 -5.73894065277e-21)
(0.980012206278 0.0610924229573 0)
(0.960268963049 0.0164995683975 -2.5708399279e-20)
(0.960743964377 -0.00169900976058 1.82861207007e-20)
(0.968862569642 -0.00755594781696 0)
(0.978310869915 -0.00827247685891 0)
(0.986581682865 -0.00694144759364 -1.93908812326e-21)
(0.99259329337 -0.00505365982714 -1.07692348256e-22)
(0.997152084392 -0.00210416886 -9.52494789277e-23)
(0.267691470152 0.00183515451288 6.91181786558e-21)
(0.239792681155 0.00426734168229 -2.66507673999e-21)
(0.213872926554 0.00844724900285 1.22349989364e-20)
(0.185541021582 0.0149304433488 5.44638619802e-19)
(0.166823175748 0.0193412382084 4.78623589174e-19)
(0.168470051324 0.0186301670964 1.61840846363e-19)
(0.225787878128 0.0065284559257 2.75708296109e-19)
(0.306527113128 -0.00348885012934 -8.59843423276e-20)
(0.413996125204 -0.0328720501053 4.42546133092e-20)
(0.554880483937 -0.028134142211 1.73990164451e-19)
(0.792679250465 0.0166129494965 2.59137997928e-20)
(0.756764522773 0.0249759210707 -1.39923669976e-20)
(0.764463506758 0.0356719256261 3.96731794154e-20)
(0.824678592831 0.0470510625336 7.46966719395e-19)
(0.956574679494 0.0513292396588 -1.11467275019e-19)
(1.12876709584 0.0460930579623 2.39699913997e-20)
(1.34322932635 0.0205697722032 -9.51365093611e-20)
(1.47043382143 0.0256799573492 4.5859984565e-20)
(1.57066531057 -0.0181365061552 -2.05531289793e-19)
(1.56175607825 0.038592560704 -2.57835803929e-19)
(1.33010308371 0.0370484833442 -2.54608785441e-19)
(1.32158416906 0.050576657647 8.96796874587e-22)
(1.40433553321 0.0654996941868 7.84813409231e-21)
(1.57767666387 0.0797829968649 1.70610100738e-20)
(1.8062772619 0.0912500420722 -2.25794185747e-19)
(1.98638270217 0.101089599408 -4.32143904227e-19)
(2.07564337308 0.103043188619 -3.96056815286e-19)
(1.98755302205 0.146582140026 4.01864524133e-19)
(1.88810952403 0.134820683574 6.05316125655e-19)
(1.67502089155 0.234467371274 2.69137452196e-19)
(1.83245940915 0.0555993079506 2.57500562004e-19)
(1.86375050264 0.0749441229954 1.49146243865e-19)
(2.00350743254 0.0965423367914 -7.77160318522e-20)
(2.20240888355 0.122852471891 8.59665433716e-20)
(2.35385642528 0.155127533433 -3.85725340476e-19)
(2.36317907818 0.191835586326 -1.83620434374e-19)
(2.24677612066 0.229777460255 5.31235513984e-19)
(2.02372113542 0.295600085091 5.30664395705e-19)
(1.86063344034 0.304880173854 -2.70073324825e-19)
(1.60951592487 0.393919350936 -4.10148553874e-19)
(2.24056514899 0.0678241900953 1.54165845779e-18)
(2.30449577433 0.09708041558 -2.46808465194e-19)
(2.44958558452 0.131364409621 4.00203313502e-19)
(2.57494332292 0.176344663667 4.59403450416e-19)
(2.57491282511 0.231655084558 7.32157343646e-20)
(2.43953229518 0.294000480933 4.24495361365e-19)
(2.2284060155 0.360793980975 -8.90394905511e-19)
(1.99037142046 0.43287429845 7.17012119193e-20)
(1.7998277899 0.469869793015 3.1586892161e-19)
(1.52532620606 0.546985802476 -5.16265250269e-20)
(1.11444434957 -0.541690940125 5.67081347075e-20)
(1.11222101863 -0.597635195122 -2.01803540986e-20)
(1.12676405817 -0.657709191461 -3.73643274157e-19)
(1.14030251881 -0.720336878946 -1.99431058266e-19)
(1.14460838832 -0.786532947614 8.49960155897e-19)
(1.13915290297 -0.856922986236 1.47952773707e-19)
(1.11512718139 -0.923677038553 -4.52642310795e-19)
(1.02959915528 -0.940329452925 4.65652426562e-19)
(0.793805372917 -0.786671343199 -1.38960984916e-19)
(0.345078909386 -0.360101165051 -3.63830529979e-19)
(1.05691523403 -0.510378351015 -8.20259121268e-21)
(1.04390426239 -0.562914923513 7.75094832893e-20)
(1.03340682291 -0.616464843119 3.06800677964e-19)
(1.02033774462 -0.673837623632 -3.60707700209e-19)
(1.00214116823 -0.737123909334 -8.37476123707e-19)
(0.978608372097 -0.805375257014 7.21239457515e-20)
(0.941470041316 -0.869752329577 7.85069925259e-20)
(0.855125565687 -0.885779717359 -1.75765065714e-19)
(0.649573422111 -0.740484724393 4.91981771466e-19)
(0.278211000531 -0.338558154412 -1.98960379946e-19)
(0.926105211884 -0.47936776488 -4.48257580399e-20)
(0.90333345587 -0.526037678551 0)
(0.884291820692 -0.575783127282 4.24635876828e-20)
(0.864668779142 -0.629226371874 2.85109789921e-19)
(0.841127965138 -0.686731351109 -2.80794276939e-20)
(0.812302584033 -0.747617610554 -3.66250344496e-19)
(0.770852816252 -0.804150745243 4.28386383546e-19)
(0.68872175789 -0.815593998367 5.99961810937e-20)
(0.514171216388 -0.679068485025 -2.14121355614e-19)
(0.21617087838 -0.309512319988 2.14101221324e-19)
(0.823059316799 -0.425004623883 -7.61026049005e-20)
(0.798204711448 -0.466774154502 -2.75194217901e-20)
(0.77360467708 -0.511865049803 9.40429087482e-22)
(0.746125766995 -0.559779464845 -1.19042899172e-20)
(0.713766652162 -0.610755725724 1.71843848193e-20)
(0.675876531412 -0.664510298895 -1.13944064036e-19)
(0.626925489649 -0.714305425152 7.0667231653e-20)
(0.545965954824 -0.723880770306 3.39912391779e-19)
(0.397201298029 -0.601930217404 0)
(0.16238483782 -0.274027034922 0)
(0.728641342569 -0.35785884455 1.3887018622e-19)
(0.700275828991 -0.393215145448 8.49998441527e-20)
(0.669898951067 -0.43208484788 4.98561021219e-20)
(0.635744028073 -0.473554798237 1.72700673298e-20)
(0.596702628917 -0.517517217719 0)
(0.552267545182 -0.563705555422 -7.69734171863e-20)
(0.498132420625 -0.606301700753 -9.42675482292e-20)
(0.41942845178 -0.614172509488 -1.11213875326e-19)
(0.294141500032 -0.509641537564 1.75789016996e-19)
(0.115168217918 -0.231483119809 4.66658337713e-20)
(0.649097720859 -0.280029520757 -1.44846810357e-19)
(0.618084845206 -0.308639733627 1.95584227652e-20)
(0.583305262333 -0.340640033063 1.412589572e-19)
(0.543989100529 -0.374807719018 0)
(0.499602190839 -0.410857600672 0)
(0.44972683877 -0.448623619288 0)
(0.391181764833 -0.483395223843 -7.07324816283e-20)
(0.314429054709 -0.489828572376 3.37183620697e-20)
(0.208293917243 -0.405688393931 6.42927035255e-20)
(0.0757202317333 -0.183662639014 7.52886365498e-20)
(0.586244770544 -0.192822594327 3.00887493659e-19)
(0.552947996994 -0.214341779794 4.38474435822e-19)
(0.514483793388 -0.238811103802 6.65670652104e-22)
(0.470970995919 -0.264984073268 -5.45302332516e-20)
(0.422320270881 -0.292527635643 1.2588488952e-20)
(0.368171652516 -0.321339446461 -8.04445357102e-20)
(0.306238610807 -0.347889965587 -1.44446103219e-20)
(0.231150029808 -0.353258767228 1.09336627306e-19)
(0.140040099359 -0.291942177438 -8.93760741071e-20)
(0.0442177916703 -0.13102815485 -5.01955783208e-20)
(0.540928440024 -0.0981877847947 1.70317071675e-19)
(0.505902555098 -0.112595932478 -2.94270366395e-21)
(0.464703709273 -0.129217327956 -6.51456410454e-20)
(0.418121696141 -0.14699493755 5.44611586484e-20)
(0.366387227449 -0.165627714526 -6.15117782574e-20)
(0.309162523793 -0.185079827319 -1.51222474533e-19)
(0.244805167759 -0.203113562466 5.02935404222e-20)
(0.170928756058 -0.207704480674 7.01691191979e-20)
(0.090841673681 -0.170742645933 -2.98184267733e-20)
(0.0216135609705 -0.0746918163397 -6.71733449469e-21)
(0.513545225697 0.00143331434584 -4.87051383925e-20)
(0.477442840792 -0.00577613693087 -1.55040187244e-21)
(0.434553123613 -0.0143050070205 5.70716807137e-20)
(0.38609125906 -0.0234127355698 1.5789984223e-19)
(0.332489069983 -0.0328824672545 9.7301841567e-22)
(0.273414872236 -0.0427354153956 5.19309367481e-21)
(0.207620339053 -0.0520906283599 1.04055668396e-19)
(0.134551179969 -0.0561088851966 -4.62281637295e-20)
(0.0613602176801 -0.044572131151 -1.72700763589e-20)
(0.00832435864743 -0.0160300300259 1.19840436071e-20)
(0.504646628962 0.103550472481 -1.9623521916e-19)
(0.468013724557 0.10358027549 3.13555116616e-22)
(0.4244563189 0.103265201942 2.05095627908e-19)
(0.375314141538 0.10294639319 0)
(0.321068899589 0.102742849518 4.17058958682e-20)
(0.261390818233 0.102579680314 5.18088516343e-21)
(0.195163355834 0.101937873339 6.13372773738e-20)
(0.122518051791 0.0983093973035 1.59695572515e-20)
(0.0520208301945 0.0837719734079 5.40531718191e-20)
(0.00455162713644 0.0434986788158 3.05483895997e-20)
(2.6370553121 0.0213054653703 1.30491900786e-18)
(2.82837100202 -0.00420599871599 -1.36885490577e-19)
(2.90936041121 -0.0377877672106 -1.17221241412e-18)
(2.96240836169 -0.074228949299 1.15308931436e-18)
(3.01230922502 -0.111637888415 -4.18222436832e-20)
(3.05610859085 -0.150172849972 -3.99338709594e-18)
(3.04615271705 -0.190714977539 3.46266882051e-20)
(2.81897117421 -0.201353777741 2.75849909414e-18)
(2.0783532159 -0.176254754951 6.52875123051e-19)
(0.742783034443 -0.0361046818282 3.88829757114e-19)
(2.60994511971 -0.0370441045248 9.74494822735e-19)
(2.74091956169 -0.0783027993718 -1.14375213981e-18)
(2.80219483047 -0.126180560218 -2.60028059403e-19)
(2.84948511962 -0.178081418554 7.22464717636e-19)
(2.89748867309 -0.231706688047 2.29814049504e-18)
(2.94273680832 -0.288137628711 -4.96697224986e-19)
(2.94656773221 -0.341193517091 -3.54000116948e-18)
(2.76289665056 -0.356695486918 6.23421658192e-19)
(2.10515550079 -0.309813835297 -8.24726433015e-19)
(0.81874464452 -0.102984049078 2.30279112201e-19)
(2.5421285432 -0.100579677965 5.09872021334e-19)
(2.61659672846 -0.155862032688 1.243214213e-18)
(2.66077530157 -0.214982667202 -1.03717658035e-18)
(2.70282814596 -0.278465860699 -1.17287073571e-18)
(2.7481699557 -0.344796530268 2.204729141e-19)
(2.79247440753 -0.413720177661 1.69867487209e-18)
(2.80322372637 -0.479642295052 2.84772018174e-19)
(2.65281943803 -0.51249032914 -1.73980968778e-18)
(2.06634463109 -0.439484730477 -2.23307406943e-19)
(0.85485292881 -0.166742695583 -4.74730945895e-20)
(2.41267863661 -0.169816076385 -7.29856094612e-20)
(2.45619193378 -0.235239645586 -2.75390782801e-19)
(2.49226681415 -0.302593391719 8.69469924895e-19)
(2.53087557856 -0.374444810946 -1.31313056591e-18)
(2.5729340071 -0.449958930654 6.44172321542e-19)
(2.61432470636 -0.528752371145 -6.0643265129e-19)
(2.6275583338 -0.606220190682 -1.2582141544e-18)
(2.49861844247 -0.646613248857 1.83719261374e-18)
(1.97249632233 -0.557913403397 -1.72361467432e-19)
(0.85426803615 -0.234355469965 -2.5027327114e-19)
(2.24019134688 -0.247062384228 1.46131911362e-19)
(2.27526668386 -0.317300550667 2.37247034451e-19)
(2.30829912721 -0.388422341783 1.20889756625e-19)
(2.34299483928 -0.464588675452 -2.71697980082e-19)
(2.38001747243 -0.545621814115 2.21934945921e-19)
(2.41621760501 -0.631161810592 1.64842842291e-18)
(2.42773971085 -0.715837179138 -2.11330621905e-18)
(2.31258195788 -0.760785715999 -2.46055435671e-18)
(1.83871100054 -0.65720386071 8.10349936255e-20)
(0.816286625952 -0.29217357505 -2.31274767369e-19)
(2.05903824826 -0.328497916533 -4.21444756246e-19)
(2.09203607323 -0.398242313205 -7.76880180991e-19)
(2.12048037116 -0.468374014411 -1.51897560053e-18)
(2.148263777 -0.544762067591 -2.05207683999e-19)
(2.17751398917 -0.627738680134 7.47190152255e-19)
(2.20589369376 -0.716507406768 1.29317402466e-18)
(2.21215695428 -0.804915426262 1.47332357294e-18)
(2.10538036461 -0.850572239999 2.9683941674e-19)
(1.67800080769 -0.734778456314 -1.13336997173e-18)
(0.754778773474 -0.337026600897 -6.33553798514e-19)
(1.89043234699 -0.401781880341 -1.09345905077e-19)
(1.91750556926 -0.46807924126 1.68459294753e-18)
(1.93593171505 -0.534155300184 1.19198240159e-18)
(1.95235201254 -0.608122073863 -1.99924473845e-18)
(1.97070349785 -0.690630755287 -1.01742678766e-18)
(1.98903422041 -0.780202416354 6.4575554839e-19)
(1.98778309734 -0.869468818867 2.11080432982e-19)
(1.88587555333 -0.913483969686 -1.14476496524e-18)
(1.50071048968 -0.786991112444 1.35551806071e-18)
(0.677423502946 -0.366719114928 -1.41316532562e-19)
(1.73750178384 -0.452586163143 5.21817293878e-19)
(1.74881357679 -0.514490327912 -8.92625875316e-20)
(1.75089319449 -0.575955568831 -2.06579581485e-19)
(1.75298232128 -0.647557448355 6.42190806589e-19)
(1.75954618449 -0.72953447379 1.12218644457e-18)
(1.7679430648 -0.819151484062 -5.30502904402e-20)
(1.75923740229 -0.907805586877 -3.5272574953e-19)
(1.66113651396 -0.9486153232 -3.25153781628e-19)
(1.31539545083 -0.813426023889 3.12038411435e-20)
(0.59116753434 -0.380652567107 6.81710671007e-19)
(1.578188477 -0.473906311355 -7.67197065649e-20)
(1.56170192388 -0.532458684764 -4.16763793863e-19)
(1.54799042049 -0.592589934401 -5.9114879822e-21)
(1.54143090834 -0.665209942566 5.56530055908e-19)
(1.54178843821 -0.748662680413 -7.98741693372e-19)
(1.54440086973 -0.838612592147 1.52645042279e-18)
(1.53096872244 -0.925513066681 9.35447237082e-19)
(1.43771354174 -0.961489483193 -1.02444237273e-18)
(1.13020740311 -0.818614883233 -3.07032423217e-19)
(0.502737752655 -0.381019917925 3.27937540778e-19)
(1.37569989225 -0.487201221022 -2.48150632895e-19)
(1.33452997781 -0.54459637565 -2.83064453847e-19)
(1.32230525411 -0.609755146556 1.66869271243e-20)
(1.32345120435 -0.685372736747 8.65987250133e-19)
(1.32738246503 -0.767737662379 1.46949187735e-19)
(1.32851912554 -0.853361603567 -1.15346113511e-18)
(1.3119943586 -0.933430816839 5.67473868182e-19)
(1.22403186738 -0.960576075517 3.30791222014e-19)
(0.953858853412 -0.809996306288 -4.02541009348e-19)
(0.419331435548 -0.373198279509 1.73765858588e-19)
(0.806680534472 0.0552104920854 -7.27563866472e-20)
(1.17783941164 0.0386327252891 -5.45974133197e-21)
(0.903881506826 0.0227059606685 1.48596576216e-20)
(1.04264359504 0.023797599487 -5.71265674217e-21)
(0.982989530586 0.0169720263737 3.32135981099e-21)
(0.964582255778 0.0100315357262 -5.5919540921e-23)
(0.950858049727 -0.00864757959234 1.42068745515e-20)
(0.956465181967 -0.0475818570263 2.67234186958e-22)
(0.959611814381 -0.149033322613 -6.54101232752e-20)
(1.15728553964 -0.361244607757 -2.69099454124e-19)
(0.807358794033 0.0523260812617 4.11154804026e-20)
(1.17471854816 0.0393369471806 -2.78983025497e-20)
(0.904688675301 0.0253987435821 9.74607727924e-21)
(1.04084599685 0.0278917187328 1.95247935004e-20)
(0.984728339074 0.0207575287058 -9.97036209349e-21)
(0.964385458911 0.0150262260918 1.83610433409e-21)
(0.947443006959 -0.000957095058884 1.11234503814e-20)
(0.945643088131 -0.0342544591888 -3.40422153261e-20)
(0.927587270021 -0.13248170123 4.6976273676e-22)
(1.07005503813 -0.295217160329 -1.10993726044e-18)
(0.808367383295 0.049314941066 5.75428284204e-20)
(1.17289921248 0.0399035423284 3.50249258418e-20)
(0.905311279327 0.0280600139465 1.44338942295e-20)
(1.03899079999 0.031634462525 2.39987696711e-20)
(0.986143130825 0.0248166652452 2.31113630125e-21)
(0.963848424644 0.0201774268652 -6.33955347915e-21)
(0.943581049958 0.00538707077667 8.29552922459e-21)
(0.932893197263 -0.023679518536 0)
(0.894967298984 -0.123307855348 -2.48899397392e-20)
(0.98036102394 -0.27309755832 -1.34169443804e-19)
(0.809320139425 0.0460761678744 -3.43672439746e-20)
(1.17131612349 0.0404735664036 2.44067206511e-20)
(0.906057624918 0.0307433296785 -1.80684454348e-20)
(1.0372835907 0.0350554143923 4.67051722514e-21)
(0.987348356046 0.0290679139394 3.63199341631e-20)
(0.963587970532 0.0256730687172 -1.38298551787e-20)
(0.940460151277 0.0135842853017 -4.90015621856e-21)
(0.920828673151 -0.0106318743258 1.47757889541e-20)
(0.870125497624 -0.103471382457 -5.17285802503e-20)
(0.894694885879 -0.231015198611 3.27593302761e-19)
(0.810144190468 0.0427160427949 1.15471170347e-21)
(1.16982598735 0.0410277455715 -1.25220249933e-21)
(0.906896996514 0.0334258157258 6.84609765463e-21)
(1.03587206387 0.0381694656906 4.23261923825e-22)
(0.988496454766 0.0334513388415 -2.08485591822e-21)
(0.96369341866 0.0315463270494 1.42372255995e-20)
(0.938501768444 0.0224921935866 5.51308287391e-21)
(0.910251514151 0.00357041975266 8.51655255699e-21)
(0.851862518997 -0.0775607606417 3.76206808483e-20)
(0.820746902836 -0.186598580404 2.91716617863e-19)
(0.810820135789 0.0392723430851 -1.72729612261e-21)
(1.16846933616 0.0415223592541 2.4259660809e-20)
(0.907778318461 0.0361032377109 1.40125970368e-21)
(1.03483540725 0.0409929618081 -1.8804596943e-21)
(0.98967865801 0.0378850491381 -2.51909717824e-20)
(0.964203011964 0.0376883766571 1.08654986359e-20)
(0.937670673593 0.0319781555916 3.3022997262e-21)
(0.901699345113 0.0188208752751 -1.14982024308e-22)
(0.838953294927 -0.0465860497409 2.47460526145e-20)
(0.759766021709 -0.13726912326 7.40554745034e-20)
(0.811333280555 0.0357822779361 0)
(1.16727602938 0.0419324415855 -3.18280495364e-20)
(0.908652443494 0.0387622595721 -7.94358361918e-21)
(1.03419669056 0.0435459799936 -1.94774747908e-21)
(0.990975202486 0.0422999457255 -2.61872496704e-20)
(0.965153037658 0.0440222793582 -1.35611547062e-21)
(0.937957736466 0.0419653021387 -8.31345060055e-21)
(0.895597679156 0.0350702087326 1.03623301077e-20)
(0.830319236316 -0.0128970407759 4.5228441571e-21)
(0.712781404665 -0.0827587791698 -2.10448253814e-19)
(0.81166591208 0.0322831512638 0)
(1.16629699987 0.0422408323023 0)
(0.909479216111 0.0413787188853 -1.15659394614e-20)
(1.03402046381 0.0458470933797 1.53053603109e-20)
(0.992450532402 0.0466438580957 -1.57404697674e-21)
(0.966596222344 0.0504742805799 1.89276952139e-20)
(0.939306048631 0.0523727615001 -1.9555984899e-20)
(0.892085280234 0.051946390271 -1.19077477264e-20)
(0.825700784984 0.0220874838204 -7.38309204539e-21)
(0.679752474295 -0.0228018830307 -4.51603869501e-21)
(0.811803286557 0.0288090454831 0)
(1.16551371195 0.0424342307286 1.53001043853e-20)
(0.910231188247 0.0439210231562 8.8491259502e-21)
(1.03429658047 0.0479106058572 -2.73227594584e-21)
(0.994163928547 0.0508760477594 2.93130345628e-20)
(0.968596428648 0.0569703753041 -1.58421106063e-20)
(0.941663722908 0.0630866466089 -1.3638841197e-20)
(0.891312489939 0.0692479882893 -3.02091734403e-20)
(0.825023919224 0.058317364358 1.22499388874e-20)
(0.66049789741 0.0400340395288 -8.83027293834e-22)
(0.811731024216 0.0254358134766 -1.23451835175e-21)
(1.16499382949 0.0425139991895 2.68007682349e-20)
(0.910890937068 0.046353345252 -4.89303711668e-21)
(1.03505948459 0.0497455718215 -2.25303100354e-20)
(0.996159772863 0.0549634041733 1.31028763214e-21)
(0.971214646199 0.0634432127442 -9.34887297528e-21)
(0.94499031315 0.073974114028 8.88721791319e-21)
(0.893466813575 0.0868520357736 1.72078604266e-20)
(0.827750019639 0.0953340463656 -4.89872521925e-20)
(0.655722425596 0.104459041692 1.86215552093e-20)
(0.6372095822 0.047654236974 1.09969291388e-19)
(0.718533808514 0.0186869250166 1.90666471091e-20)
(0.489896790245 -0.00153482345476 -5.66802089221e-21)
(0.606846188756 0.00265606476788 -1.31450072599e-20)
(0.549496178236 0.000419265295689 1.84584594062e-21)
(0.54369794941 -0.0001187586432 4.42132680485e-24)
(0.546327295508 -0.000864888103661 3.03181581839e-21)
(0.579171265746 -0.00347256441639 -1.65630046833e-20)
(0.620979846695 -0.00809054337435 6.18020927405e-22)
(0.829905065284 -0.0139706353622 -1.92060601466e-20)
(0.797745019506 0.0909608401129 2.11848149579e-19)
(1.15191415589 0.0363000072421 2.70292689553e-20)
(0.86201753876 0.00876162011674 9.36990675747e-22)
(0.99574167695 0.00528032412648 -4.91997929153e-21)
(0.935640167063 0.00428346772535 2.48194003113e-21)
(0.924312942155 0.000712536114744 -6.66675369637e-21)
(0.924493405756 -0.00542100784717 1.29958873443e-20)
(0.965050799623 -0.0174522661446 -2.53421567704e-20)
(1.01149457577 -0.0486981085894 -5.82618308061e-20)
(1.2840870725 -0.0905557365397 1.07920775418e-19)
(0.81071567852 0.0698418605861 9.66841765727e-22)
(1.19735970636 0.0354121891144 2.11630632662e-21)
(0.906663078469 0.0109817873945 -6.81940205464e-21)
(1.04307631526 0.010596112793 -3.81246345791e-21)
(0.982428963897 0.00708301257754 0)
(0.969496216899 0.00219432054405 0)
(0.967173766928 -0.00830138392914 0)
(1.00183194084 -0.0283666096507 0)
(1.04687310378 -0.0811932536474 9.95680329735e-21)
(1.27667666418 -0.1657964286 1.59175449415e-20)
(0.809321392705 0.0649003496105 3.02826536804e-21)
(1.19207268764 0.0369101580514 -1.127839676e-20)
(0.906792028973 0.016254381946 -7.31132302161e-21)
(1.04578512176 0.0152847541893 0)
(0.984586645835 0.0103251768066 0)
(0.970478107025 0.00413714284008 0)
(0.965731379692 -0.0103263012535 0)
(0.992831810471 -0.0383660637213 0)
(1.03600747091 -0.110978939759 0)
(1.2201944267 -0.245897417475 8.10197978212e-20)
(0.80669863552 0.0593482553166 -1.41621929603e-21)
(1.18461932644 0.0378879347099 -1.01711329504e-20)
(0.903676393736 0.0196411805179 0)
(1.04487279847 0.0196494822407 -1.10510280914e-20)
(0.982892656109 0.0136251560641 0)
(0.967347735775 0.00657501986015 0)
(0.960000408171 -0.011792111557 -2.34644673924e-20)
(0.978384510578 -0.0474367587142 5.67809966793e-20)
(1.01222863464 -0.134999022759 0)
(1.15690842431 -0.338589854554 6.74920841159e-19)
(0.939471799041 -0.00241153169901 -9.9467723764e-20)
(0.916211213535 0.0138683129547 1.42700026196e-20)
(0.874183147013 0.0297074810683 3.08895455322e-19)
(0.799846165464 0.0342647778553 4.7313152385e-19)
(0.679801261754 0.0221706480343 1.9751981479e-19)
(0.558899594648 0.00607383849471 -4.3287783593e-19)
(0.473950082323 -0.00138307205848 -3.34905900822e-20)
(0.408749184748 -0.00037069810052 -5.66434620866e-20)
(0.350752871359 0.00148709463836 -1.33752618094e-19)
(0.303491147134 0.00174446238653 9.07778536829e-20)
(1.45610446636 -0.095779872517 -2.1087667461e-19)
(1.49689345456 -0.0860434507904 -1.86563210343e-19)
(1.54523926546 -0.0580047609526 -6.02058554649e-20)
(1.59056168957 -0.0177450247227 -3.34877703572e-19)
(1.57703935939 0.0101185414124 3.50633447809e-19)
(1.47453260725 0.0125965802106 4.26613487105e-19)
(1.30912856771 0.00264810802795 3.03686853586e-19)
(1.13314872573 0.00151022842167 2.84661920418e-19)
(0.981127424065 0.00711413538166 -3.1543658049e-19)
(0.867326567886 0.012004513931 -1.0051732781e-20)
(1.5187815826 -0.186312696101 -1.20837892956e-19)
(1.59837927887 -0.187162413475 -3.68921662195e-19)
(1.69928827459 -0.16208811413 3.87227938424e-21)
(1.82205208434 -0.115307259138 2.01205589251e-19)
(1.92552992097 -0.0685382741294 -5.9066382376e-19)
(1.96033673139 -0.0348540534448 -1.14882286032e-19)
(1.89195411274 -0.0158020104263 -3.84069667253e-19)
(1.73761436657 -0.00191471881014 2.73162296018e-19)
(1.55893463346 0.0121632598548 1.04340863539e-19)
(1.41401272198 0.0247403418745 1.16398500618e-19)
(1.49063719211 -0.294490219866 -1.34185434639e-19)
(1.59036839785 -0.304534907021 2.04844948276e-19)
(1.71623990116 -0.278252848987 1.04315641971e-20)
(1.86856229812 -0.220925332475 -1.6995563891e-19)
(2.02587876197 -0.157058172016 -1.41708560509e-20)
(2.15492187173 -0.0993216497076 -1.23153764337e-19)
(2.20517657483 -0.0535778224455 -2.0045576519e-19)
(2.14804686458 -0.0175082571828 -2.2229137881e-19)
(2.0211919865 0.0122307288579 -6.30950120217e-21)
(1.8972273951 0.0354583911057 -4.85143785096e-19)
(1.47427875304 -0.380412994666 -2.53346965787e-19)
(1.58675432113 -0.384637254153 -2.02207311288e-19)
(1.7098448917 -0.371274269233 2.25462749268e-19)
(1.85546925842 -0.323133587228 -4.46040617625e-19)
(2.02436024012 -0.252657330288 2.57588272179e-19)
(2.19869700995 -0.176583457975 -1.76367256502e-19)
(2.33663219358 -0.107915934394 6.11877738389e-19)
(2.38636893594 -0.0501484285688 -2.56147783312e-19)
(2.3443896122 -0.00225649446553 1.35185489259e-19)
(2.27083703333 0.0359062744722 -1.45260879338e-18)
)
;

boundaryField
{
    left
    {
        type            fixedValue;
        value           uniform (1 0 0);
    }
    right
    {
        type            zeroGradient;
    }
    down
    {
        type            noSlip;
    }
    up
    {
        type            noSlip;
    }
    cylinder
    {
        type            noSlip;
    }
    defaultFaces
    {
        type            empty;
    }
}


// ************************************************************************* //
