/*--------------------------------*- C++ -*----------------------------------*\
  =========                 |
  \\      /  F ield         | OpenFOAM: The Open Source CFD Toolbox
   \\    /   O peration     | Website:  https://openfoam.org
    \\  /    A nd           | Version:  13
     \\/     M anipulation  |
\*---------------------------------------------------------------------------*/
FoamFile
{
    format      ascii;
    class       volVectorField;
    location    "4.09";
    object      U;
}
// * * * * * * * * * * * * * * * * * * * * * * * * * * * * * * * * * * * * * //

dimensions      [0 1 -1 0 0 0 0];

internalField   nonuniform List<vector> 
1800
(
(0.0358124 -0.0362559 1.40434e-19)
(0.470647 -0.400462 6.49624e-20)
(0.961554 -0.782798 -3.69086e-19)
(1.28248 -1.00284 4.90276e-19)
(1.4328 -1.0739 1.29775e-18)
(1.48552 -1.06098 5.73402e-19)
(1.4951 -1.01371 -2.99947e-19)
(1.48804 -0.957167 -7.61226e-19)
(1.47709 -0.896103 -4.01958e-19)
(1.44459 -0.844948 -3.29421e-19)
(0.06248 -0.0520473 5.85213e-20)
(0.569998 -0.410635 -3.02635e-19)
(1.11642 -0.772215 4.25466e-21)
(1.46127 -0.973888 -4.39383e-19)
(1.6143 -1.03472 1.17924e-19)
(1.66113 -1.0176 1.31371e-18)
(1.66327 -0.969101 -9.58119e-19)
(1.65041 -0.911895 4.88712e-19)
(1.63488 -0.852423 8.06248e-19)
(1.61208 -0.807732 -4.14434e-19)
(0.0964201 -0.067042 6.68556e-21)
(0.677772 -0.410913 9.06207e-20)
(1.27366 -0.742898 2.82421e-19)
(1.63565 -0.921873 -2.78916e-19)
(1.7865 -0.97218 -1.52573e-18)
(1.82406 -0.953048 3.51631e-19)
(1.81575 -0.907159 6.27341e-19)
(1.7929 -0.855046 -7.47556e-20)
(1.76774 -0.802586 -5.31232e-21)
(1.73483 -0.76082 -3.36305e-20)
(0.137552 -0.0793587 -1.05164e-20)
(0.79205 -0.398285 -1.04281e-19)
(1.43001 -0.692169 -2.44426e-19)
(1.80273 -0.844421 6.7837e-20)
(1.94848 -0.883197 3.96882e-19)
(1.9765 -0.861968 3.59651e-20)
(1.95892 -0.818247 -2.5343e-20)
(1.92808 -0.769535 5.74651e-19)
(1.89585 -0.720649 4.7862e-19)
(1.85975 -0.683542 -1.61636e-19)
(0.185566 -0.0876783 1.06897e-19)
(0.910457 -0.372129 1.64534e-19)
(1.58123 -0.621748 -7.82522e-20)
(1.95712 -0.745647 -9.18571e-20)
(2.09393 -0.774078 -1.19267e-18)
(2.1113 -0.75311 1.07597e-20)
(2.08462 -0.714383 9.74743e-19)
(2.04643 -0.672231 3.3157e-19)
(2.00789 -0.630754 2.0905e-20)
(1.96757 -0.598584 -2.12278e-19)
(0.239185 -0.0900878 -7.56751e-20)
(1.02916 -0.330372 2.2564e-19)
(1.72241 -0.53083 9.72844e-19)
(2.09419 -0.625643 -7.77804e-19)
(2.21923 -0.644769 -8.65291e-19)
(2.22576 -0.625214 1.48217e-18)
(2.19081 -0.592258 -1.0725e-18)
(2.14622 -0.557037 -1.19579e-18)
(2.10229 -0.522688 8.61768e-19)
(2.05867 -0.49649 -2.94037e-20)
(0.296891 -0.0852861 8.17833e-20)
(1.14444 -0.272861 -5.48177e-19)
(1.84925 -0.421629 -2.59654e-18)
(2.21016 -0.48849 1.29626e-18)
(2.32127 -0.500482 2.1862e-18)
(2.31731 -0.484242 -6.4469e-21)
(2.27537 -0.458592 -2.89413e-18)
(2.22587 -0.43155 2.51287e-21)
(2.17798 -0.405414 2.60859e-18)
(2.1319 -0.385607 6.8618e-19)
(0.356372 -0.0720892 -2.5254e-21)
(1.25163 -0.199582 4.31984e-19)
(1.95702 -0.296018 2.02456e-18)
(2.30132 -0.337157 -6.47753e-20)
(2.39726 -0.344345 -1.40763e-18)
(2.38363 -0.33293 -4.45345e-19)
(2.33604 -0.315538 0)
(2.28291 -0.297331 1.01392e-18)
(2.23227 -0.279858 4.82388e-21)
(2.18462 -0.267088 -8.30067e-19)
(0.414988 -0.0499498 2.15449e-21)
(1.34634 -0.111818 9.29004e-19)
(2.04198 -0.157258 1.83001e-18)
(2.36538 -0.175918 -1.92194e-18)
(2.44585 -0.180799 -1.44208e-18)
(2.42386 -0.175587 4.51148e-19)
(2.37223 -0.167194 -1.90485e-18)
(2.31692 -0.158254 -1.31178e-18)
(2.26484 -0.149664 1.54847e-18)
(2.21654 -0.144096 1.31949e-18)
(0.469821 -0.0189464 1.12056e-19)
(1.42436 -0.0115739 6.40086e-19)
(2.10098 -0.00888539 3.45112e-19)
(2.4007 -0.0089377 -2.79705e-18)
(2.46619 -0.0138123 3.08064e-20)
(2.43748 -0.015929 4.29127e-18)
(2.38342 -0.0169222 -2.29188e-18)
(2.32734 -0.0174241 -1.27482e-18)
(2.27508 -0.0177164 4.22945e-19)
(2.22712 -0.0193491 -9.58337e-19)
(-0.00312372 -0.00081622 9.90058e-20)
(-0.001723 -0.0746381 5.44393e-20)
(0.0362655 -0.160995 -1.66665e-21)
(0.0934977 -0.21754 -8.7718e-21)
(0.158785 -0.242097 -2.35073e-21)
(0.224257 -0.246985 -6.16887e-20)
(0.285967 -0.242677 9.74818e-21)
(0.342739 -0.234975 -9.0028e-21)
(0.394243 -0.226528 3.21159e-21)
(0.442229 -0.219641 -8.29041e-21)
(-0.00403369 0.00724765 2.84453e-20)
(0.00924029 -0.110242 7.47488e-20)
(0.061902 -0.254673 -1.0299e-19)
(0.128769 -0.349846 -4.75513e-20)
(0.197938 -0.390085 -7.86886e-20)
(0.263831 -0.396247 -1.00042e-19)
(0.324364 -0.386511 4.99885e-20)
(0.379396 -0.371002 -1.95587e-21)
(0.428914 -0.354437 -1.62387e-20)
(0.475842 -0.34185 -4.02321e-21)
(-0.00598932 0.0137932 -4.40166e-20)
(0.0264547 -0.146179 1.71086e-19)
(0.103297 -0.34571 7.03367e-20)
(0.186112 -0.47697 2.73248e-19)
(0.261743 -0.531486 5.35545e-20)
(0.32837 -0.538382 -3.32909e-19)
(0.386998 -0.52317 -2.20063e-20)
(0.439197 -0.50004 1.1705e-19)
(0.485483 -0.475705 -6.10821e-20)
(0.530799 -0.457603 -1.65217e-20)
(-0.00843471 0.0182212 -1.17718e-19)
(0.0505447 -0.1823 -2.83588e-20)
(0.160501 -0.432564 3.28272e-20)
(0.265027 -0.59624 -1.39111e-19)
(0.349345 -0.663048 7.1568e-20)
(0.416831 -0.669955 2.0972e-19)
(0.472767 -0.649239 6.62644e-20)
(0.521044 -0.618781 -2.38319e-20)
(0.56293 -0.587182 2.24229e-20)
(0.606097 -0.563791 -3.03109e-21)
(-0.0106082 0.02005 0)
(0.0823466 -0.218479 8.99843e-20)
(0.233476 -0.513745 2.2311e-19)
(0.364683 -0.705056 -2.63574e-19)
(0.459429 -0.781634 -5.9311e-19)
(0.527685 -0.787691 2.15096e-19)
(0.580102 -0.761504 -3.41656e-20)
(0.623425 -0.724145 -1.04436e-19)
(0.65988 -0.685939 0)
(0.700402 -0.657495 -9.8408e-21)
(-0.0117577 0.018771 4.21724e-20)
(0.122588 -0.254558 1.07784e-19)
(0.322091 -0.587699 2.3352e-20)
(0.483868 -0.800881 2.49215e-19)
(0.590136 -0.884284 -1.97001e-19)
(0.658813 -0.888577 -3.13532e-19)
(0.706869 -0.857077 5.61982e-19)
(0.744317 -0.813424 5.62764e-20)
(0.774539 -0.769405 -3.43528e-19)
(0.811905 -0.736042 -7.62402e-21)
(-0.0108589 0.0138883 5.98143e-21)
(0.172082 -0.290064 4.73013e-20)
(0.425889 -0.65272 1.45899e-19)
(0.620834 -0.881271 2.78603e-20)
(0.738935 -0.968325 3.27307e-19)
(0.807372 -0.970038 -4.27482e-19)
(0.850217 -0.933619 -4.3769e-19)
(0.880993 -0.884565 -3.78685e-19)
(0.904478 -0.83565 2.7666e-19)
(0.937818 -0.797219 3.03042e-19)
(-0.006578 0.00527442 -1.29439e-19)
(0.231761 -0.324158 3.81847e-20)
(0.543949 -0.707039 3.12583e-19)
(0.773096 -0.944053 -1.79014e-19)
(0.902493 -1.03165 3.38873e-19)
(0.969725 -1.03033 8.37716e-19)
(1.0065 -0.989907 5.98353e-19)
(1.02988 -0.937005 -4.62762e-19)
(1.04637 -0.884465 -2.22652e-19)
(1.07335 -0.840675 3.19442e-19)
(0.00217698 -0.00668498 -2.23166e-19)
(0.301693 -0.355471 -3.66743e-19)
(0.674148 -0.748636 5.83756e-19)
(0.936669 -0.987056 7.07562e-19)
(1.07576 -1.07224 -7.55072e-19)
(1.14033 -1.06777 8.73722e-19)
(1.16994 -1.02477 1.37081e-19)
(1.18496 -0.970315 -1.08539e-18)
(1.19398 -0.91585 -2.64823e-19)
(1.2093 -0.867069 3.53147e-19)
(0.0160707 -0.0209092 5.63025e-20)
(0.381295 -0.381712 -3.67237e-19)
(0.813678 -0.774789 -4.21472e-19)
(1.1069 -1.00746 7.37133e-19)
(1.2528 -1.08708 6.13976e-19)
(1.31222 -1.07885 -7.8158e-19)
(1.33242 -1.03391 -6.58742e-19)
(1.33692 -0.978993 3.94205e-19)
(1.3366 -0.922536 -4.06381e-19)
(1.33236 -0.870293 -2.50558e-19)
(0.623267 -0.178673 4.074e-20)
(0.801681 -0.135132 -5.47845e-20)
(0.889721 -0.10594 6.54502e-21)
(0.940797 -0.0830166 1.02044e-20)
(0.970517 -0.0644177 -5.10423e-21)
(0.988237 -0.0492055 -2.36976e-21)
(0.999227 -0.0367427 -4.12421e-21)
(1.00619 -0.0263716 -3.0306e-21)
(1.01041 -0.0182871 7.41664e-21)
(1.01327 -0.00769905 2.8617e-21)
(0.640864 -0.254784 1.11143e-19)
(0.814095 -0.17459 1.14538e-20)
(0.898234 -0.127224 3.96195e-21)
(0.947273 -0.0950047 -4.94881e-21)
(0.975656 -0.0714528 -1.26062e-20)
(0.992369 -0.0534286 0)
(1.00257 -0.0393282 -4.35108e-21)
(1.00894 -0.0279593 3.68578e-21)
(1.01275 -0.019268 4.62051e-22)
(1.01526 -0.00808995 -3.49723e-21)
(0.668926 -0.3281 -7.65622e-20)
(0.832012 -0.21337 -3.41973e-20)
(0.909548 -0.14831 1.41917e-20)
(0.955168 -0.106878 -8.38336e-21)
(0.981572 -0.0783808 -3.7013e-21)
(0.996956 -0.0575482 5.92243e-21)
(1.0062 -0.0418153 0)
(1.01186 -0.0294615 0)
(1.01521 -0.0201786 -2.01153e-21)
(1.01734 -0.00844831 0)
(0.707553 -0.397094 -3.54082e-20)
(0.855095 -0.25094 7.05013e-20)
(0.923642 -0.168977 7.47421e-21)
(0.964485 -0.118521 0)
(0.988265 -0.0851307 1.84394e-20)
(1.00199 -0.0615211 -2.91546e-21)
(1.01009 -0.0441766 0)
(1.01495 -0.0308609 3.84846e-21)
(1.01778 -0.0210078 0)
(1.01949 -0.00876903 6.14523e-22)
(0.756846 -0.460251 -3.98124e-20)
(0.882933 -0.286797 9.58509e-20)
(0.940467 -0.189012 -3.97241e-21)
(0.975224 -0.12982 0)
(0.995725 -0.0916345 3.74437e-21)
(1.00747 -0.0653052 5.72619e-21)
(1.01425 -0.0463845 5.78286e-21)
(1.01818 -0.0321389 1.06538e-21)
(1.02044 -0.0217447 -2.12055e-21)
(1.02171 -0.00904816 2.61374e-21)
(0.816599 -0.516039 -7.18959e-19)
(0.915003 -0.320571 -1.81442e-19)
(0.959913 -0.208279 1.51138e-21)
(0.987375 -0.140683 2.79616e-20)
(1.00394 -0.097832 -5.86125e-21)
(1.01337 -0.0688596 4.36413e-21)
(1.01864 -0.048413 4.2091e-21)
(1.02157 -0.0332781 -8.57902e-21)
(1.02319 -0.0223768 -2.05017e-22)
(1.02398 -0.00928088 9.11653e-23)
(0.885745 -0.562529 -3.80877e-21)
(0.950174 -0.351416 7.0642e-20)
(0.981646 -0.226625 2.52327e-21)
(1.00088 -0.151055 -8.10085e-22)
(1.01289 -0.103685 -2.15272e-20)
(1.01967 -0.0721528 5.18236e-21)
(1.02324 -0.0502394 -3.1433e-21)
(1.02507 -0.0342627 -4.17516e-21)
(1.02599 -0.0228931 1.03706e-21)
(1.02629 -0.00946252 -1.81158e-21)
(0.963437 -0.598278 2.83688e-19)
(0.986334 -0.378069 8.52662e-20)
(1.00438 -0.243354 0)
(1.0153 -0.160609 -5.01529e-22)
(1.0224 -0.109045 1.74785e-20)
(1.02631 -0.0751157 1.16517e-21)
(1.02805 -0.051829 -1.42777e-20)
(1.02866 -0.0350739 4.06357e-21)
(1.02885 -0.0232844 -3.86759e-23)
(1.02862 -0.00958973 -3.20645e-22)
(1.05417 -0.627305 -4.20745e-19)
(1.02499 -0.40315 -2.29197e-19)
(1.027 -0.259688 5.17466e-20)
(1.02969 -0.169756 -2.44181e-22)
(1.03196 -0.11397 -2.21628e-21)
(1.03301 -0.077712 -1.37119e-20)
(1.03292 -0.0531404 3.62661e-21)
(1.0323 -0.035683 5.1631e-22)
(1.0317 -0.0235344 -3.13291e-21)
(1.03097 -0.00966082 -2.66295e-21)
(1.161 -0.653203 2.95797e-19)
(1.07701 -0.42703 -2.258e-19)
(1.05403 -0.278078 -3.84661e-20)
(1.04524 -0.181097 -4.07503e-20)
(1.04172 -0.120201 -2.20036e-20)
(1.03972 -0.08091 -1.08016e-20)
(1.03776 -0.0546607 -5.34783e-21)
(1.03593 -0.0363107 0)
(1.03455 -0.0237357 -3.78246e-22)
(1.03329 -0.00968666 2.07241e-21)
(1.31935 -0.638147 4.65956e-19)
(1.18065 -0.427487 1.47619e-19)
(1.11387 -0.280052 -1.1745e-19)
(1.07955 -0.183009 7.41753e-21)
(1.06169 -0.121298 8.78017e-21)
(1.05191 -0.0812875 -4.91785e-21)
(1.04563 -0.0545914 4.27044e-22)
(1.04126 -0.0360418 4.40398e-21)
(1.03843 -0.0234231 -3.08427e-21)
(1.03632 -0.0095385 4.67935e-23)
(1.37084 -0.521195 -6.55255e-21)
(1.21152 -0.362438 1.38887e-19)
(1.14075 -0.24719 1.18115e-19)
(1.10152 -0.166838 -1.43443e-20)
(1.07776 -0.112684 5.51881e-20)
(1.06318 -0.0762632 3.53768e-20)
(1.05354 -0.0514492 2.4115e-20)
(1.04692 -0.0340351 -2.37541e-21)
(1.0427 -0.0221448 8.44936e-21)
(1.03969 -0.00900971 3.77631e-21)
(1.42942 -0.448613 -1.43811e-19)
(1.26344 -0.325555 -1.16344e-20)
(1.17739 -0.226686 6.16624e-21)
(1.12648 -0.154663 5.49732e-37)
(1.09448 -0.104904 7.39051e-22)
(1.07445 -0.0710936 -9.80741e-35)
(1.06129 -0.0479479 -2.89037e-21)
(1.0524 -0.0316825 -2.09167e-34)
(1.04679 -0.0205925 8.3197e-22)
(1.04287 -0.00837281 -2.4565e-21)
(1.46587 -0.367032 -2.20045e-34)
(1.29922 -0.275567 -3.82009e-20)
(1.20597 -0.197141 -4.10976e-20)
(1.14755 -0.137146 0)
(1.10926 -0.0939951 -2.38714e-20)
(1.08463 -0.0640164 -1.61565e-20)
(1.06836 -0.0432607 -9.32961e-21)
(1.05741 -0.0285953 -2.56482e-34)
(1.05054 -0.0185893 -2.87969e-21)
(1.04577 -0.00755967 2.32663e-21)
(1.48859 -0.295262 -8.77371e-20)
(1.32656 -0.228391 4.66088e-21)
(1.22922 -0.166693 0)
(1.16532 -0.117665 0)
(1.12202 -0.0813288 0)
(1.09356 -0.0556339 0)
(1.0746 -0.0376722 -5.62267e-22)
(1.06185 -0.024918 -2.86446e-34)
(1.05386 -0.0162082 7.32704e-22)
(1.04832 -0.00659449 2.77865e-34)
(1.50261 -0.229047 -3.28421e-20)
(1.34678 -0.181581 0)
(1.24741 -0.134857 0)
(1.1797 -0.0964327 0)
(1.13262 -0.0671768 0)
(1.10108 -0.0461462 0)
(1.0799 -0.0313119 9.36379e-22)
(1.06564 -0.0207296 5.76943e-21)
(1.05669 -0.0134943 6.87648e-22)
(1.05047 -0.00549365 3.15544e-21)
(1.51071 -0.16804 0)
(1.3611 -0.135923 -1.11012e-20)
(1.261 -0.102401 -1.60207e-20)
(1.19074 -0.0740314 0)
(1.14093 -0.0519244 -1.10767e-20)
(1.10704 -0.0358042 -7.85846e-21)
(1.08413 -0.0243431 -4.48205e-21)
(1.06866 -0.0161322 -3.38145e-21)
(1.05894 -0.0105113 4.50723e-21)
(1.05218 -0.00428332 1.29715e-21)
(1.51365 -0.111661 9.01327e-21)
(1.36897 -0.0908858 6.81493e-21)
(1.26903 -0.0689702 -3.99381e-21)
(1.19746 -0.0502587 2.58093e-36)
(1.14598 -0.0354272 6.83455e-22)
(1.11055 -0.0245014 -6.0564e-35)
(1.08647 -0.0166871 6.97316e-22)
(1.07017 -0.0110695 3.04131e-21)
(1.05992 -0.00721247 5.66188e-22)
(1.05275 -0.00293523 -1.87204e-21)
(1.48871 -0.0528934 -4.45984e-20)
(1.34656 -0.0483032 1.0044e-20)
(1.24933 -0.038095 1.1409e-20)
(1.1795 -0.0282532 0)
(1.12894 -0.0200605 7.12581e-21)
(1.09389 -0.0139236 5.04713e-21)
(1.06997 -0.00950412 4.01638e-21)
(1.05378 -0.00631554 2.20698e-21)
(1.04358 -0.00411568 -2.06328e-21)
(1.03646 -0.00167205 2.27526e-21)
(1.07671 -0.000886639 0)
(0.993327 -0.00567648 0)
(0.929736 -0.00556805 0)
(0.881354 -0.00438061 0)
(0.84547 -0.00315931 0)
(0.820404 -0.00221657 0)
(0.803213 -0.00152556 5.45061e-22)
(0.791502 -0.0010261 -3.55818e-36)
(0.784105 -0.000656785 5.63318e-22)
(0.778993 -0.000255815 1.72305e-21)
(2.14198 -0.019599 8.89528e-19)
(2.13365 -0.126747 6.14655e-20)
(2.10743 -0.23216 -1.31198e-19)
(2.06344 -0.333394 -3.54185e-19)
(2.00375 -0.428517 -1.21533e-19)
(1.92602 -0.517595 -1.8282e-19)
(1.84394 -0.588431 -4.43441e-19)
(1.72752 -0.669415 1.40513e-19)
(1.6512 -0.690383 0)
(1.48539 -0.772922 4.66873e-20)
(2.05561 -0.0136452 2.26984e-19)
(2.049 -0.0939964 -3.43239e-19)
(2.02931 -0.173528 -7.0352e-21)
(1.9941 -0.251175 -1.40044e-19)
(1.95113 -0.323579 2.48919e-20)
(1.88626 -0.398925 1.30515e-19)
(1.83212 -0.446524 1.02691e-20)
(1.73386 -0.533226 9.53037e-20)
(1.68119 -0.534802 -1.1712e-19)
(1.56758 -0.625072 2.69429e-20)
(1.98091 -0.0100728 -1.16729e-19)
(1.97585 -0.0739376 2.16451e-19)
(1.96075 -0.136907 1.92713e-19)
(1.93209 -0.198946 -2.33093e-19)
(1.89934 -0.25519 9.89389e-20)
(1.84598 -0.318201 1.34553e-19)
(1.80447 -0.351522 -6.20582e-20)
(1.72822 -0.429797 7.39434e-20)
(1.68033 -0.427538 7.59742e-20)
(1.5978 -0.507774 9.90555e-20)
(1.92387 -0.0103944 -2.01521e-19)
(1.91981 -0.0592227 4.36805e-20)
(1.90727 -0.107323 -1.03821e-19)
(1.88339 -0.155519 -6.49151e-20)
(1.85603 -0.198703 1.9726e-20)
(1.8125 -0.249472 -1.06042e-19)
(1.77631 -0.274792 8.79318e-20)
(1.71754 -0.339375 2.85413e-20)
(1.67315 -0.338218 -1.31162e-20)
(1.61102 -0.404223 9.70571e-21)
(1.87926 -0.0092717 5.39861e-20)
(1.87596 -0.0464845 5.22835e-20)
(1.86515 -0.0830387 -6.17923e-20)
(1.84504 -0.119886 2.29746e-19)
(1.82087 -0.152754 1.25514e-20)
(1.78504 -0.191927 -1.41522e-19)
(1.75194 -0.211832 2.15046e-20)
(1.70512 -0.261636 -8.87898e-20)
(1.66445 -0.262462 1.13727e-19)
(1.61484 -0.313581 8.28644e-20)
(1.84554 -0.00964764 -1.0722e-19)
(1.8429 -0.0368315 -5.87545e-20)
(1.83327 -0.0635119 3.38964e-20)
(1.81585 -0.090527 8.16075e-20)
(1.79369 -0.114789 4.74411e-20)
(1.76317 -0.143704 -4.15888e-20)
(1.73213 -0.159286 3.29562e-21)
(1.69279 -0.195994 5.21054e-20)
(1.65529 -0.198335 9.93788e-20)
(1.61311 -0.236509 -5.48646e-20)
(1.82089 -0.0104906 -4.34713e-20)
(1.81886 -0.0289993 -8.1228e-20)
(1.81016 -0.0471278 -5.4784e-20)
(1.79468 -0.0655833 -1.07464e-19)
(1.77394 -0.0823464 -1.83007e-20)
(1.74688 -0.102374 -3.29823e-21)
(1.71729 -0.11379 4.65959e-20)
(1.68243 -0.13948 -1.47158e-20)
(1.64739 -0.142232 -3.39463e-20)
(1.60928 -0.169517 9.55176e-21)
(1.79849 -0.0104057 3.64801e-20)
(1.79785 -0.0212798 3.3224e-20)
(1.7907 -0.0318219 1.25966e-20)
(1.77747 -0.0425659 -2.22588e-20)
(1.75865 -0.0524913 -1.81047e-20)
(1.73463 -0.0648013 3.32695e-20)
(1.70669 -0.0720764 -2.47308e-21)
(1.67469 -0.0890651 -4.48324e-20)
(1.64162 -0.0911375 1.02089e-20)
(1.60557 -0.111006 5.0156e-20)
(1.7109 -0.0165162 -2.90505e-20)
(1.71149 -0.0187644 3.07455e-21)
(1.70877 -0.020515 4.40423e-20)
(1.70232 -0.0222465 2.33676e-21)
(1.69156 -0.0234279 -3.46555e-21)
(1.67723 -0.0265208 -4.65142e-21)
(1.65823 -0.0265042 1.77306e-20)
(1.63689 -0.0340918 -2.77003e-20)
(1.60972 -0.0324292 3.59034e-20)
(1.58569 -0.0434156 1.18442e-19)
(1.09014 -0.0100035 3.10299e-20)
(1.08045 -0.00693104 2.03304e-20)
(1.074 -0.00385061 1.63931e-20)
(1.0714 -0.000825321 1.82802e-20)
(1.07164 0.00214897 -3.50926e-21)
(1.07583 0.00465166 5.1415e-21)
(1.0793 0.00761153 -8.49013e-21)
(1.08978 0.00768892 1.96222e-21)
(1.08839 0.0116304 -3.18803e-21)
(1.10688 0.00808411 3.54444e-21)
(1.37879 0.749373 -5.62671e-20)
(1.36404 0.795825 2.5058e-20)
(1.36831 0.852755 -4.52132e-19)
(1.37912 0.917714 2.17147e-19)
(1.3902 0.986132 8.75546e-19)
(1.39566 1.05388 -1.37614e-19)
(1.37514 1.10444 -8.50688e-19)
(1.26994 1.08049 -4.57116e-20)
(0.981933 0.87367 -4.16901e-19)
(0.437641 0.398704 1.52112e-19)
(1.55675 0.721966 0)
(1.54693 0.770271 5.39683e-19)
(1.54456 0.823677 1.21916e-18)
(1.55022 0.885449 -7.42516e-19)
(1.56102 0.952551 -1.79726e-18)
(1.56934 1.02024 -1.4066e-19)
(1.54984 1.07102 -1.79569e-19)
(1.43348 1.0472 6.46467e-19)
(1.10664 0.84314 8.48895e-19)
(0.489685 0.380388 3.85045e-19)
(1.70113 0.701799 6.28505e-20)
(1.70461 0.748589 0)
(1.70762 0.797082 -6.58207e-20)
(1.71577 0.852653 7.64361e-19)
(1.72935 0.914266 5.29308e-20)
(1.74086 0.977513 -1.88328e-18)
(1.7214 1.02453 1.19307e-18)
(1.59229 0.998321 7.53135e-19)
(1.22533 0.798784 -7.71991e-19)
(0.537128 0.354684 -2.82596e-19)
(1.81428 0.670824 -1.29993e-19)
(1.83053 0.712698 -1.00917e-19)
(1.84451 0.755902 2.28505e-19)
(1.86161 0.805418 -2.86015e-19)
(1.88275 0.860975 -1.37239e-18)
(1.90016 0.918424 -1.06398e-18)
(1.88138 0.959854 1.16672e-18)
(1.73852 0.929649 7.39697e-19)
(1.33021 0.737041 0)
(0.574512 0.319572 0)
(1.90938 0.61723 -8.02431e-19)
(1.93561 0.653964 -1.41713e-18)
(1.96068 0.692653 -5.58349e-19)
(1.98845 0.736897 -3.40535e-20)
(2.01904 0.786484 0)
(2.04351 0.83752 1.43551e-19)
(2.02514 0.872535 1.71312e-19)
(1.8667 0.837929 2.19384e-19)
(1.41542 0.656051 -3.28392e-19)
(0.598659 0.275536 -8.29014e-20)
(1.99497 0.540763 9.77288e-19)
(2.02834 0.572976 -4.27842e-20)
(2.06241 0.607515 -1.15368e-18)
(2.0996 0.646631 0)
(2.13891 0.690006 0)
(2.16962 0.733933 0)
(2.14979 0.762245 1.4992e-18)
(1.97345 0.724862 -1.73647e-18)
(1.47724 0.557911 -1.07975e-18)
(0.60857 0.224634 -4.34183e-20)
(2.07176 0.446812 -1.31493e-18)
(2.11017 0.474397 -2.75638e-18)
(2.15098 0.504126 -4.82808e-21)
(2.19549 0.537388 5.68192e-19)
(2.24165 0.573772 -4.17289e-20)
(2.27654 0.610141 1.30408e-18)
(2.25353 0.63022 -7.48123e-19)
(2.05468 0.594551 -2.16223e-18)
(1.51493 0.4496 1.81592e-19)
(0.604085 0.17051 1.28336e-19)
(2.13637 0.340591 -1.06463e-18)
(2.17855 0.362695 1.65236e-20)
(2.22434 0.38645 4.16256e-19)
(2.27422 0.412809 -4.0919e-19)
(2.32521 0.44128 6.46429e-19)
(2.36224 0.46831 1.85766e-18)
(2.33206 0.483611 -2.27535e-19)
(2.10855 0.451433 -1.24035e-18)
(1.52844 0.333092 2.90767e-19)
(0.586895 0.117276 4.75829e-20)
(2.18519 0.22564 4.09152e-19)
(2.23026 0.241414 8.32242e-20)
(2.27959 0.258088 -4.43619e-19)
(2.33312 0.276503 -1.05454e-18)
(2.387 0.296235 9.49741e-20)
(2.42347 0.315115 9.79667e-20)
(2.38321 0.325138 -1.69133e-18)
(2.13473 0.300266 6.99744e-19)
(1.5167 0.215105 2.03877e-19)
(0.557823 0.0660479 -1.68727e-19)
(2.21605 0.104652 8.08194e-19)
(2.26299 0.113263 -1.24114e-18)
(2.31441 0.122164 1.91456e-19)
(2.36994 0.131974 2.63788e-18)
(2.42481 0.142438 1.38102e-18)
(2.45842 0.152805 -3.19434e-18)
(2.40657 0.159468 -3.3219e-18)
(2.13212 0.145144 1.61341e-18)
(1.48199 0.0986009 8.11231e-21)
(0.518172 0.0201153 5.58828e-20)
(0.5123 0.209401 -1.66217e-19)
(0.475131 0.216636 -1.51636e-19)
(0.43158 0.224561 8.27184e-20)
(0.383489 0.233089 -2.68292e-19)
(0.330538 0.24221 -3.28012e-20)
(0.271989 0.251651 2.25553e-19)
(0.206992 0.259038 5.42941e-20)
(0.135572 0.254542 -2.47536e-20)
(0.0652692 0.215034 3.10321e-21)
(0.0111779 0.10891 1.57474e-20)
(0.540426 0.309483 1.34533e-19)
(0.50409 0.323463 1.86882e-19)
(0.461915 0.339127 3.52099e-20)
(0.415394 0.356035 -7.17732e-20)
(0.364131 0.374033 -2.54341e-19)
(0.307374 0.392635 5.49876e-21)
(0.243841 0.407717 1.23277e-19)
(0.171941 0.402432 1.39432e-20)
(0.0960382 0.338657 -6.69855e-20)
(0.0268285 0.16924 -2.22684e-20)
(0.585797 0.405524 -1.3765e-19)
(0.550935 0.425987 -1.4112e-19)
(0.511133 0.448982 1.2531e-19)
(0.467285 0.473829 1.07345e-19)
(0.418859 0.500254 -6.25747e-20)
(0.365072 0.527542 -7.84498e-20)
(0.303912 0.549837 -8.56779e-20)
(0.231052 0.543493 -1.24998e-20)
(0.145632 0.456018 -4.10595e-20)
(0.0516655 0.226009 3.62068e-21)
(0.647296 0.495454 6.79407e-20)
(0.614518 0.522012 -2.00062e-20)
(0.578026 0.551725 -1.05215e-19)
(0.537894 0.583859 3.1655e-20)
(0.493399 0.618059 -7.75522e-20)
(0.443704 0.653355 2.02511e-20)
(0.385778 0.682186 -1.63631e-19)
(0.311457 0.674461 -1.3158e-20)
(0.212726 0.564262 -2.27097e-19)
(0.0848737 0.277606 4.73499e-20)
(0.723305 0.577354 -1.70914e-20)
(0.693197 0.609545 -3.02553e-21)
(0.660951 0.645246 -4.26361e-20)
(0.625605 0.683869 -1.78422e-19)
(0.586158 0.725027 7.99572e-20)
(0.541658 0.76747 -4.24773e-20)
(0.487754 0.801976 1.1317e-19)
(0.411491 0.792436 -4.90051e-20)
(0.295609 0.660844 2.86753e-19)
(0.125362 0.322654 2.15302e-19)
(0.811858 0.649497 -2.44084e-20)
(0.784795 0.686443 -9.07263e-20)
(0.757427 0.726927 1.15984e-19)
(0.727641 0.770895 8.7482e-20)
(0.69416 0.817982 2.32095e-19)
(0.655858 0.866566 1.4025e-19)
(0.606712 0.905753 4.35719e-19)
(0.528043 0.893874 1.94577e-19)
(0.391591 0.7425 1.67888e-19)
(0.171659 0.359412 1.91385e-19)
(0.910865 0.70955 -9.384e-20)
(0.888237 0.750759 3.43909e-19)
(0.867407 0.795235 2.12519e-19)
(0.844658 0.843481 -2.47043e-19)
(0.818244 0.895288 -1.31005e-19)
(0.786864 0.948778 4.88556e-19)
(0.742639 0.991578 -9.48695e-20)
(0.660432 0.977068 -3.03243e-19)
(0.499515 0.808023 -6.13479e-20)
(0.222771 0.387299 2.00663e-19)
(1.01058 0.758939 1.86289e-19)
(0.990732 0.801988 5.26327e-20)
(0.976356 0.848309 -5.68548e-19)
(0.962015 0.899542 7.60992e-20)
(0.945021 0.955059 3.76133e-19)
(0.923196 1.01223 -2.54321e-19)
(0.885967 1.05709 -6.12163e-20)
(0.800687 1.0388 -1.32631e-19)
(0.613185 0.85398 1.28337e-20)
(0.275606 0.404533 -2.87234e-19)
(1.13268 0.780654 2.09399e-20)
(1.12186 0.826726 -3.90004e-19)
(1.11534 0.874089 -3.10799e-21)
(1.1071 0.926973 3.25228e-19)
(1.09584 0.985696 -3.28906e-19)
(1.08001 1.04693 6.74812e-19)
(1.04663 1.09499 4.74332e-19)
(0.954821 1.07539 -7.27936e-19)
(0.73566 0.88011 -3.62355e-20)
(0.330783 0.412167 -2.88317e-19)
(1.2011 0.797641 -2.2899e-19)
(1.20387 0.84559 -2.25202e-19)
(1.21853 0.895695 2.3853e-19)
(1.2299 0.950695 5.48857e-19)
(1.23502 1.01006 2.16101e-19)
(1.23237 1.07096 -5.67235e-19)
(1.20689 1.11744 4.14153e-20)
(1.1098 1.093 1.57798e-19)
(0.857965 0.888141 -2.03092e-19)
(0.384779 0.410352 -2.05259e-19)
(0.82542 0.0212554 4.03813e-21)
(1.15459 0.0430167 -1.67498e-20)
(0.920327 0.0501912 -1.40455e-20)
(1.04029 0.0531016 0)
(0.988383 0.0607632 1.67332e-20)
(0.973546 0.0715903 2.22488e-20)
(0.950724 0.0867971 2.85484e-20)
(0.899896 0.106871 5.8639e-20)
(0.831069 0.135482 -8.49676e-20)
(0.664323 0.172573 -1.06888e-19)
(0.824873 0.0180647 3.34112e-20)
(1.15439 0.0427586 -5.34622e-20)
(0.920723 0.0520673 9.32526e-23)
(1.042 0.0547284 -1.38864e-20)
(0.99102 0.0648028 9.06221e-21)
(0.977596 0.0778217 -1.13955e-20)
(0.956069 0.0979394 -7.07483e-20)
(0.90823 0.124284 0)
(0.840798 0.173238 1.83368e-19)
(0.686961 0.237109 -2.2522e-19)
(0.824098 0.0150699 -3.07444e-20)
(1.1544 0.0423749 1.65348e-20)
(0.921049 0.0536866 3.34803e-20)
(1.04419 0.0561166 1.18891e-20)
(0.993983 0.0685941 -2.1987e-20)
(0.982422 0.0838524 8.83279e-23)
(0.962432 0.108787 -5.01769e-20)
(0.91953 0.141623 -4.23755e-21)
(0.854103 0.209921 1.18148e-22)
(0.722556 0.299849 5.97801e-19)
(0.823088 0.0123337 -2.28038e-20)
(1.15459 0.0418578 -4.14062e-22)
(0.921322 0.0550027 2.55986e-20)
(1.04687 0.0572664 1.70282e-20)
(0.997287 0.0721021 -9.56123e-21)
(0.98801 0.0896357 -1.30506e-20)
(0.969913 0.119218 7.50683e-20)
(0.933581 0.158807 -1.2152e-21)
(0.87127 0.244983 -2.21957e-19)
(0.770447 0.359757 7.01718e-20)
(0.821843 0.00987401 1.63648e-20)
(1.15486 0.04118 -2.93753e-20)
(0.921558 0.0559651 -1.90456e-20)
(1.05006 0.0581813 9.18477e-21)
(1.00093 0.0752949 0)
(0.99434 0.0951234 0)
(0.978627 0.12913 6.42041e-20)
(0.950137 0.175785 1.4514e-22)
(0.892626 0.277908 -1.06281e-19)
(0.829739 0.415847 8.5189e-20)
(0.820366 0.00776884 3.80739e-21)
(1.15514 0.0403116 2.14468e-20)
(0.921793 0.056523 -4.80723e-20)
(1.05372 0.0588693 -2.65855e-20)
(1.00493 0.0781406 6.46336e-22)
(1.00139 0.100272 5.31915e-20)
(0.988696 0.138448 1.00785e-19)
(0.968909 0.192506 -7.45237e-22)
(0.918589 0.307749 1.8446e-19)
(0.899534 0.468633 -1.93853e-19)
(0.818652 0.0060853 -2.1301e-20)
(1.15534 0.0392172 1.33342e-20)
(0.922064 0.0566295 -1.24609e-20)
(1.05786 0.0593434 -4.96976e-20)
(1.00926 0.080607 -1.22887e-21)
(1.00915 0.105049 -8.56444e-22)
(1.00021 0.147147 -6.37201e-21)
(0.989482 0.208833 -1.83923e-19)
(0.949968 0.332947 1.41525e-19)
(0.97699 0.515465 -4.63983e-19)
(0.816703 0.00485736 -4.29417e-22)
(1.15536 0.0378365 -3.07563e-20)
(0.922426 0.0562494 2.4648e-20)
(1.06245 0.0596212 3.14909e-20)
(1.01389 0.0826498 -3.68965e-22)
(1.01761 0.109417 -6.2995e-20)
(1.01322 0.155252 -5.62867e-20)
(1.01156 0.225078 3.34792e-19)
(0.98734 0.356222 1.32772e-20)
(1.06158 0.566974 7.36368e-19)
(0.814511 0.00409158 9.67864e-21)
(1.15526 0.0360327 1.21756e-20)
(0.922953 0.0553372 2.9919e-20)
(1.0675 0.0597094 -3.26229e-20)
(1.01879 0.0841791 -6.03479e-20)
(1.02671 0.113106 1.59018e-21)
(1.02762 0.161758 -7.78261e-20)
(1.03535 0.237333 4.39573e-19)
(1.03444 0.36645 -8.07743e-21)
(1.14284 0.591368 -1.00865e-18)
(0.812082 0.00425012 1.70769e-21)
(1.15606 0.0340481 1.58211e-20)
(0.923468 0.0540185 9.56085e-21)
(1.073 0.0599135 -6.62256e-20)
(1.02364 0.0859097 -5.94289e-20)
(1.03532 0.117988 -5.2634e-20)
(1.0402 0.171734 -1.3926e-19)
(1.05381 0.257139 -4.05716e-19)
(1.07546 0.393955 -2.46202e-19)
(1.23804 0.659354 -1.05461e-18)
(0.809522 0.00386428 -4.80616e-21)
(1.15936 0.0307647 -3.24912e-21)
(0.924894 0.0510204 -1.02928e-20)
(1.07997 0.0585012 1.54492e-20)
(1.03269 0.0847001 4.78604e-20)
(1.05072 0.117871 -3.7165e-20)
(1.06503 0.171727 1.23654e-19)
(1.09254 0.254932 -4.02201e-19)
(1.14661 0.37336 -1.74877e-19)
(1.23537 0.647656 5.7672e-19)
(0.809986 0.00119235 3.05386e-21)
(1.16358 0.0262814 8.74044e-21)
(0.929337 0.0454994 -6.86894e-21)
(1.08613 0.0546033 4.24017e-20)
(1.04346 0.0796136 7.51999e-20)
(1.06649 0.111534 1.08234e-19)
(1.08923 0.161444 2.65508e-20)
(1.13105 0.235925 2.11436e-19)
(1.19796 0.341872 2.60202e-19)
(1.31586 0.541704 3.65809e-21)
(0.810188 -0.00208583 -5.04693e-21)
(1.16833 0.0214093 -5.54654e-22)
(0.934254 0.0397856 3.21743e-21)
(1.09236 0.0498402 9.52412e-21)
(1.05391 0.07333 2.09113e-34)
(1.08135 0.103294 -8.10969e-21)
(1.11111 0.148425 -5.28538e-34)
(1.16451 0.214072 1.85715e-20)
(1.23525 0.300482 -5.43337e-20)
(1.38316 0.465578 -4.98578e-20)
(0.810471 -0.00659679 1.82315e-20)
(1.17332 0.015808 -9.94659e-36)
(0.939287 0.0336153 -3.57866e-21)
(1.09839 0.0441279 -1.6853e-20)
(1.06362 0.0656325 -3.03109e-20)
(1.0948 0.0929132 -3.64349e-20)
(1.13038 0.132458 -6.52633e-34)
(1.19238 0.189215 -9.18093e-20)
(1.26517 0.257398 -1.25883e-19)
(1.42837 0.388056 8.91725e-20)
(0.81094 -0.0122054 0)
(1.1787 0.0095606 -4.13677e-36)
(0.944377 0.0271492 0)
(1.10407 0.0376355 0)
(1.07232 0.0567674 0)
(1.10657 0.0807666 0)
(1.1469 0.114272 -3.88496e-34)
(1.21473 0.162013 0)
(1.28965 0.213682 -2.04078e-20)
(1.45506 0.31478 5.35578e-20)
(0.811657 -0.0189904 6.1457e-21)
(1.1848 0.00282556 -3.39043e-21)
(0.949546 0.020616 -4.35808e-21)
(1.10924 0.0305634 0)
(1.07988 0.046978 0)
(1.11649 0.0672334 6.80149e-21)
(1.16059 0.094492 2.71599e-20)
(1.23206 0.133102 -1.36526e-20)
(1.30903 0.170847 -2.99894e-20)
(1.46947 0.246102 2.04079e-19)
(0.81277 -0.0288478 -6.30828e-20)
(1.19191 -0.00487222 5.14173e-21)
(0.954779 0.0141495 -4.75173e-21)
(1.11371 0.0231331 -5.75805e-21)
(1.08614 0.0364991 -1.08803e-20)
(1.12448 0.0526621 -8.36235e-21)
(1.17142 0.0736077 -2.06448e-20)
(1.24495 0.103118 -3.80971e-20)
(1.32354 0.129473 -5.27116e-20)
(1.47661 0.182201 7.20565e-20)
(0.81426 -0.0344271 -9.73964e-21)
(1.20048 -0.0115604 -7.9773e-21)
(0.959784 0.0094156 -5.09335e-21)
(1.11686 0.0154124 -7.88852e-21)
(1.09046 0.0253555 2.18807e-35)
(1.12997 0.0371162 7.3229e-21)
(1.17894 0.0516047 -9.43842e-34)
(1.25366 0.0719457 -1.38145e-20)
(1.33319 0.0887989 1.85381e-20)
(1.47996 0.120513 2.59772e-20)
(0.811523 -0.0600039 1.59668e-19)
(1.19131 -0.0233936 -8.43654e-21)
(0.948608 0.00236366 -5.32964e-21)
(1.10313 0.00899454 3.7165e-21)
(1.07771 0.0145076 3.1983e-21)
(1.11803 0.022171 1.40711e-20)
(1.16837 0.0306358 7.94829e-21)
(1.24387 0.0427058 -4.75508e-21)
(1.32319 0.0515283 -2.00178e-20)
(1.46878 0.0676155 1.39189e-19)
(0.729222 -0.0387794 1.02543e-20)
(0.935426 -0.0193257 -5.45472e-35)
(0.707931 0.002646 -6.18052e-21)
(0.847788 0.000129295 0)
(0.814877 0.00286194 0)
(0.850348 0.00441097 7.56826e-21)
(0.89264 0.00597644 -8.99021e-36)
(0.954703 0.00865119 -1.37692e-20)
(1.02156 0.00991893 -2.6951e-20)
(1.13195 0.0125858 5.62345e-20)
(1.47453 0.638574 -1.79422e-19)
(1.58615 0.614285 -2.72561e-19)
(1.68883 0.599863 0)
(1.77694 0.579575 1.14208e-19)
(1.85699 0.536948 5.4166e-19)
(1.93267 0.470262 -1.1798e-19)
(2.00201 0.386323 1.54363e-18)
(2.0604 0.292062 -7.826e-20)
(2.10433 0.191228 -3.48482e-19)
(2.13191 0.0874177 3.30096e-19)
(1.51652 0.517171 8.03061e-20)
(1.59297 0.501028 1.08055e-19)
(1.6709 0.485753 -8.58106e-21)
(1.74686 0.460181 1.7661e-19)
(1.81912 0.41799 -1.5075e-19)
(1.8861 0.361125 -3.68896e-19)
(1.94495 0.294441 -1.10656e-19)
(1.99245 0.221738 5.09021e-19)
(2.02734 0.145318 -2.17638e-20)
(2.04837 0.0666663 -4.42101e-19)
(1.55169 0.408391 9.57577e-20)
(1.60966 0.388057 1.68911e-19)
(1.67054 0.37376 -3.31656e-19)
(1.73313 0.355926 7.02712e-20)
(1.79168 0.326765 4.53576e-19)
(1.84431 0.28529 -2.38532e-19)
(1.89055 0.234297 -5.3102e-19)
(1.92857 0.17726 -2.03412e-19)
(1.95693 0.11664 2.94397e-19)
(1.97445 0.0536511 -2.48389e-19)
(1.57016 0.327887 3.3907e-20)
(1.61612 0.310254 0)
(1.66305 0.298853 1.77912e-20)
(1.7137 0.282871 1.82989e-19)
(1.76258 0.256655 3.04772e-19)
(1.80691 0.22118 1.43636e-19)
(1.84614 0.179436 -6.90056e-20)
(1.87863 0.134074 -2.20736e-19)
(1.90286 0.0867731 1.50467e-19)
(1.91799 0.0383541 7.14827e-20)
(1.57715 0.25949 1.41239e-20)
(1.6166 0.243134 -6.5901e-20)
(1.65528 0.231784 -1.25376e-19)
(1.69786 0.217034 6.13276e-20)
(1.73989 0.19523 7.75578e-22)
(1.77799 0.167374 8.92965e-20)
(1.8116 0.135314 1.51728e-19)
(1.8396 0.100682 -1.4866e-19)
(1.86073 0.0646331 3.17419e-21)
(1.87405 0.0278453 1.68396e-19)
(1.57796 0.19965 -2.10224e-19)
(1.61347 0.185507 -2.64521e-19)
(1.64684 0.175173 5.24933e-20)
(1.68366 0.162351 2.18797e-19)
(1.72077 0.144506 -3.80314e-20)
(1.75455 0.122563 -8.24354e-20)
(1.78437 0.0979271 1.2195e-19)
(1.80942 0.0717432 -5.4867e-20)
(1.82846 0.0448266 -1.50812e-19)
(1.84063 0.0175808 -6.60012e-20)
(1.57548 0.14614 3.75544e-20)
(1.6083 0.134661 4.18513e-21)
(1.63818 0.125512 -6.45163e-21)
(1.67122 0.114479 1.49354e-19)
(1.70508 0.10015 2.05711e-19)
(1.7361 0.083391 -2.13659e-19)
(1.76349 0.0652273 -7.81336e-20)
(1.78665 0.0463888 1.39593e-19)
(1.80443 0.0273579 9.88427e-20)
(1.816 0.00834421 2.70067e-20)
(1.57062 0.0953787 -1.35032e-19)
(1.60073 0.0865216 6.87663e-21)
(1.62754 0.0786332 2.69524e-19)
(1.65764 0.0695364 6.39895e-21)
(1.68901 0.0587289 -7.81184e-20)
(1.71781 0.0469791 8.16953e-21)
(1.74326 0.0349751 -1.06196e-19)
(1.76488 0.0230939 4.47539e-20)
(1.7817 0.0115448 6.70918e-20)
(1.79297 0.000350915 8.87063e-20)
(1.54047 0.0515953 -2.5643e-19)
(1.56323 0.0427543 -1.71561e-20)
(1.58327 0.0335346 1.68327e-19)
(1.60668 0.0243573 -8.76636e-20)
(1.63103 0.0153913 -1.63568e-19)
(1.65262 0.00726996 -2.69853e-20)
(1.67106 0.000351523 1.32937e-19)
(1.68645 -0.005396 6.95473e-20)
(1.69833 -0.0100665 -1.60436e-20)
(1.70663 -0.0136745 -6.13589e-21)
(1.18668 0.00529043 2.63251e-20)
(1.19177 -0.00102012 -3.87779e-21)
(1.19019 -0.00734747 2.70008e-21)
(1.18662 -0.0124792 0)
(1.17863 -0.0156149 2.21351e-19)
(1.16585 -0.0169107 -6.74785e-21)
(1.15047 -0.016917 -1.43535e-19)
(1.13414 -0.0160436 8.88359e-20)
(1.11794 -0.0145023 -1.21655e-19)
(1.10283 -0.0124153 -9.83059e-20)
(0.701689 0.0190492 -4.38125e-20)
(1.96218 -0.0352824 6.3257e-19)
(2.74231 -0.049884 -7.46948e-21)
(3.04783 -0.0402089 -3.05637e-19)
(3.1034 -0.0144931 4.687e-19)
(3.0739 0.0106033 3.86187e-19)
(3.0247 0.0341589 0)
(2.96327 0.0561796 9.45797e-19)
(2.85563 0.0747498 -1.92654e-18)
(2.60661 0.082815 -1.03251e-19)
(0.556962 0.0593266 -1.11621e-20)
(1.78974 0.0788207 2.28843e-19)
(2.64931 0.101313 1.99381e-20)
(3.02796 0.115988 2.36331e-20)
(3.12229 0.129863 5.0947e-19)
(3.10683 0.137467 -5.76781e-19)
(3.06187 0.141732 -4.6801e-19)
(3.00381 0.143662 -2.95255e-19)
(2.90256 0.142374 1.00318e-18)
(2.65828 0.133158 -9.77017e-19)
(0.397631 0.0748942 5.22114e-20)
(1.55771 0.169289 3.48982e-20)
(2.48093 0.2428 -3.84511e-19)
(2.93771 0.273813 5.99867e-19)
(3.07987 0.28069 3.10452e-18)
(3.08448 0.271342 1.7692e-18)
(3.04655 0.255079 -2.04682e-18)
(2.99618 0.235678 -1.91472e-18)
(2.92007 0.213651 1.1198e-20)
(2.73961 0.18603 2.8943e-19)
(0.24334 0.066567 4.21529e-20)
(1.29084 0.230502 4.57053e-19)
(2.24739 0.368533 -1.07282e-18)
(2.77485 0.429679 -1.04161e-18)
(2.96901 0.437586 -6.63628e-21)
(2.99951 0.414166 -5.88708e-19)
(2.97163 0.37773 1.51067e-18)
(2.92845 0.336797 -1.1408e-20)
(2.875 0.294681 -2.33258e-18)
(2.77684 0.250093 -8.07966e-19)
(0.110891 0.0405352 -1.05241e-19)
(1.02083 0.262462 4.69169e-19)
(1.9703 0.472925 -1.35506e-18)
(2.54659 0.576404 -8.82667e-19)
(2.78815 0.594479 1.65115e-18)
(2.84757 0.561837 -1.24301e-20)
(2.83325 0.507281 -1.22023e-18)
(2.79688 0.445653 -1.50316e-19)
(2.75496 0.382899 3.10818e-19)
(2.70286 0.323568 -2.66807e-20)
(0.0108601 0.00609773 1.38818e-19)
(0.777234 0.271376 -3.91079e-19)
(1.67842 0.553002 -5.96158e-19)
(2.27106 0.705051 2.16759e-18)
(2.54548 0.740834 -1.51712e-18)
(2.63148 0.705115 2.63646e-19)
(2.63299 0.636951 1.35886e-19)
(2.60496 0.558191 -8.19581e-19)
(2.5699 0.475926 -8.19385e-20)
(2.52607 0.403465 6.96374e-19)
(-0.053708 -0.0275449 1.20208e-19)
(0.578119 0.265937 -5.23819e-19)
(1.39828 0.607179 1.47022e-18)
(1.97282 0.805043 1.56716e-18)
(2.25976 0.861425 -1.83857e-18)
(2.36489 0.827956 7.73433e-20)
(2.38205 0.751857 2.78692e-18)
(2.36386 0.66197 -1.91996e-18)
(2.33646 0.564133 -9.1917e-19)
(2.28648 0.482305 7.47717e-19)
(-0.0864997 -0.053708 3.7984e-19)
(0.427992 0.254565 3.67049e-19)
(1.14836 0.637173 6.1908e-19)
(1.67721 0.870802 -2.63896e-18)
(1.95677 0.946412 -1.48781e-19)
(2.0712 0.919632 4.80526e-19)
(2.10142 0.843114 -7.68881e-19)
(2.09443 0.750202 -4.91399e-19)
(2.07737 0.64866 9.16696e-20)
(2.02959 0.56244 -3.72506e-19)
(-0.0957038 -0.0701498 -8.90734e-21)
(0.320045 0.24048 -5.08676e-21)
(0.935307 0.643494 -3.17973e-19)
(1.40288 0.898203 -8.2315e-19)
(1.66154 0.987324 -3.53135e-19)
(1.77759 0.967807 -1.35165e-18)
(1.81847 0.894535 -1.04434e-18)
(1.82385 0.80289 9.33185e-19)
(1.81868 0.697632 5.77225e-19)
(1.77892 0.616686 1.68231e-19)
(-0.0908402 -0.0771745 -3.52307e-19)
(0.242755 0.226204 0)
(0.757274 0.63095 -2.93026e-19)
(1.15776 0.893024 -3.27101e-19)
(1.3872 0.989992 1.69161e-18)
(1.49758 0.978474 3.85995e-20)
(1.54356 0.913357 -1.17396e-18)
(1.55635 0.830732 -8.84118e-19)
(1.56123 0.735532 4.36836e-19)
(1.5136 0.646326 9.79148e-19)
(-0.079384 -0.0778458 1.02642e-19)
(0.185932 0.210572 0)
(0.609293 0.601998 -6.69066e-19)
(0.945499 0.859703 4.59555e-19)
(1.14531 0.958602 8.29007e-19)
(1.24936 0.953354 2.07942e-19)
(1.30126 0.896916 -2.3395e-19)
(1.32609 0.822926 -9.33311e-19)
(1.34049 0.744123 -1.67243e-19)
(1.34817 0.667634 -3.5409e-19)
(-0.066031 -0.0751548 -9.94017e-20)
(0.141293 0.191888 -1.90944e-19)
(0.483549 0.559018 2.5377e-21)
(0.761233 0.803209 1.77852e-19)
(0.932924 0.89884 -1.6038e-19)
(1.02944 0.897277 6.8378e-19)
(1.08431 0.848128 -8.43458e-19)
(1.11757 0.781359 3.09574e-19)
(1.13813 0.712659 5.24251e-19)
(1.17115 0.651218 -2.39415e-19)
(-0.0530404 -0.070315 9.86446e-21)
(0.104041 0.170294 4.34684e-20)
(0.37466 0.505092 3.72313e-19)
(0.60014 0.729265 -1.97322e-19)
(0.746069 0.818076 -4.56055e-19)
(0.834594 0.818642 1.66859e-19)
(0.890413 0.776268 2.83598e-19)
(0.928971 0.717519 1.09439e-19)
(0.954994 0.657372 -2.31013e-21)
(0.996526 0.608857 1.29353e-20)
(-0.0411475 -0.063888 -7.11599e-21)
(0.0727716 0.146174 -3.83141e-20)
(0.281186 0.442152 -7.54902e-20)
(0.46149 0.641428 -9.08988e-20)
(0.585314 0.721082 1.75792e-19)
(0.667091 0.723068 -2.66741e-20)
(0.723913 0.687553 -7.72412e-21)
(0.766941 0.637835 1.63794e-19)
(0.79901 0.586789 1.56742e-19)
(0.842803 0.548567 -1.13225e-20)
(-0.0306963 -0.0563073 -9.74341e-20)
(0.0468913 0.119682 -1.52868e-20)
(0.202437 0.371223 8.67123e-20)
(0.34463 0.541448 1.1046e-19)
(0.450142 0.609919 -2.62239e-19)
(0.526618 0.612512 -7.23539e-23)
(0.58469 0.583496 2.92264e-19)
(0.631747 0.542673 -4.79666e-21)
(0.669631 0.500551 -3.30314e-20)
(0.714509 0.470388 -6.18759e-20)
(-0.0218493 -0.0478637 8.10666e-20)
(0.0260609 0.0910053 2.79982e-19)
(0.13797 0.293219 5.1396e-20)
(0.248921 0.430741 -2.21274e-19)
(0.339677 0.486191 -1.31154e-19)
(0.412118 0.488554 3.18144e-19)
(0.471521 0.465551 -1.29871e-19)
(0.522139 0.43318 -2.13771e-19)
(0.565069 0.399632 5.91399e-20)
(0.611076 0.376299 2.44051e-20)
(-0.014681 -0.0387361 2.52622e-20)
(0.0101983 0.060432 -1.6432e-19)
(0.0878374 0.209194 -3.73948e-19)
(0.174344 0.31095 1.76272e-19)
(0.253709 0.351848 2.51002e-19)
(0.323191 0.353318 -5.78573e-22)
(0.383828 0.335996 -2.53307e-19)
(0.4374 0.311798 3.34612e-20)
(0.484377 0.286674 9.70222e-20)
(0.531482 0.269661 4.29282e-21)
(-0.00926386 -0.0291567 -6.95032e-20)
(-0.000674302 0.0282827 -7.022e-20)
(0.0523072 0.120354 3.21572e-19)
(0.121187 0.183967 7.85032e-20)
(0.192386 0.209141 -1.21028e-19)
(0.259808 0.209245 -4.50385e-20)
(0.321412 0.197411 0)
(0.377178 0.181252 2.00689e-20)
(0.427094 0.164532 -2.35575e-20)
(0.475068 0.153633 9.59187e-21)
(-0.00558269 -0.0194226 4.38199e-20)
(-0.00641393 -0.0051327 1.53576e-19)
(0.0316871 0.0280598 1.69663e-19)
(0.0898077 0.0519488 -1.7593e-19)
(0.155985 0.0606455 -1.00999e-19)
(0.222116 0.0590989 1.92488e-20)
(0.284285 0.0526535 -3.73743e-20)
(0.341369 0.0444827 5.76154e-21)
(0.393053 0.0361837 -5.30956e-20)
(0.441519 0.0312955 -5.92445e-20)
(-0.00357791 -0.0098526 -2.62707e-20)
(-0.00684499 -0.0395276 -1.1356e-19)
(0.0262541 -0.0662309 -3.29158e-20)
(0.0805121 -0.0827303 -3.59479e-20)
(0.144751 -0.090787 3.0324e-20)
(0.210262 -0.0940661 1.79612e-20)
(0.272492 -0.0951451 1.82029e-21)
(0.329931 -0.0953549 -2.3374e-21)
(0.382153 -0.0952368 2.54142e-20)
(0.43064 -0.0941899 3.95646e-20)
(1.10354 0.396588 -9.02169e-19)
(0.986252 0.172168 6.21968e-21)
(0.952498 0.0646478 4.69663e-20)
(0.948287 0.0148442 1.60175e-20)
(0.957053 -0.00450421 9.31804e-22)
(0.969031 -0.010563 2.26072e-21)
(0.97994 -0.0109041 5.64843e-22)
(0.988784 -0.00901772 1.68691e-21)
(0.994997 -0.00664892 8.24864e-21)
(0.999668 -0.00283948 0)
(0.978417 0.369991 -4.04079e-19)
(0.94051 0.153054 1.19766e-20)
(0.936262 0.0516885 1.66658e-21)
(0.943524 0.00710284 5.14304e-20)
(0.956621 -0.00938502 -4.55099e-21)
(0.9699 -0.0138138 -6.25793e-22)
(0.981104 -0.0132472 3.42306e-22)
(0.989878 -0.0107239 6.67221e-21)
(0.995928 -0.00786517 3.03172e-21)
(1.00047 -0.00336328 -4.52237e-21)
(0.882536 0.342021 4.36371e-19)
(0.906264 0.135611 7.21346e-20)
(0.922078 0.0416996 -3.70028e-20)
(0.938754 0.00131874 -1.39774e-20)
(0.955809 -0.0134854 4.721e-21)
(0.970621 -0.016912 -1.27889e-21)
(0.982246 -0.0155843 9.85826e-22)
(0.991019 -0.0124336 6.75465e-21)
(0.996952 -0.00907772 -7.35707e-21)
(1.00139 -0.00388148 -1.66839e-21)
(0.806932 0.303501 2.90184e-19)
(0.875531 0.11276 -2.83277e-20)
(0.908705 0.0280917 1.42564e-20)
(0.934318 -0.0070509 -2.01966e-20)
(0.955336 -0.0186922 -3.81248e-21)
(0.971526 -0.0204301 -3.92037e-23)
(0.98352 -0.0180645 7.25096e-21)
(0.992284 -0.014178 -3.50457e-22)
(0.998105 -0.0102883 -3.45362e-21)
(1.00244 -0.00439538 2.76039e-21)
(0.745002 0.252108 -2.07911e-19)
(0.848589 0.0845288 1.04986e-19)
(0.89764 0.0123167 -1.34333e-21)
(0.931193 -0.0160277 -6.13078e-21)
(0.955448 -0.0242787 -3.15764e-21)
(0.972732 -0.0241533 1.51892e-21)
(0.984996 -0.0206285 -1.321e-21)
(0.993711 -0.0159416 -2.97956e-21)
(0.999405 -0.0114934 -1.2551e-22)
(1.00361 -0.00490346 -2.82832e-22)
(0.695823 0.191345 -7.68034e-21)
(0.826653 0.052827 5.14298e-20)
(0.889324 -0.00494792 1.45041e-21)
(0.929383 -0.0258908 5.43889e-21)
(0.956186 -0.0303253 2.59273e-21)
(0.974288 -0.0280784 -2.31016e-21)
(0.986704 -0.0232638 -4.64243e-21)
(0.995316 -0.0177169 8.85373e-22)
(1.00086 -0.0126889 -3.42769e-21)
(1.00492 -0.00540422 0)
(0.658916 0.123875 1.1317e-19)
(0.810135 0.0184476 -9.1853e-20)
(0.883784 -0.0235593 2.84215e-21)
(0.928912 -0.0364823 -1.51216e-20)
(0.957597 -0.0367366 -3.18497e-21)
(0.976225 -0.0321597 1.63023e-21)
(0.988663 -0.0259498 2.20028e-21)
(0.997105 -0.0194942 -2.22855e-21)
(1.00247 -0.0138696 -2.68116e-22)
(1.00636 -0.00589544 2.37007e-21)
(0.633656 0.0515034 -8.43959e-20)
(0.799259 -0.0181475 2.27922e-20)
(0.881044 -0.0432418 9.26154e-21)
(0.929802 -0.0476331 4.54868e-21)
(0.959711 -0.0434306 1.5093e-22)
(0.97857 -0.0363563 5.13773e-21)
(0.990885 -0.0286646 3.85365e-21)
(0.999087 -0.0212618 -2.99023e-21)
(1.00423 -0.0150283 2.0539e-21)
(1.00792 -0.00637426 2.97687e-21)
(0.619495 -0.0240509 2.53746e-20)
(0.794186 -0.0563439 -5.23641e-20)
(0.881124 -0.0637052 6.42004e-21)
(0.932072 -0.0591982 -2.04085e-21)
(0.962557 -0.0503286 -1.06623e-21)
(0.981345 -0.0406252 4.17592e-22)
(0.993384 -0.031385 -1.19069e-21)
(1.00126 -0.0230071 -2.97177e-21)
(1.00614 -0.016157 -2.55753e-21)
(1.00959 -0.00683709 1.86013e-21)
(0.616121 -0.101253 -2.19623e-20)
(0.795001 -0.095523 1.56959e-20)
(0.884016 -0.0846839 -1.55859e-20)
(0.935733 -0.0710374 6.44896e-22)
(0.966153 -0.0573505 1.22963e-20)
(0.984564 -0.0449229 2.95743e-21)
(0.996163 -0.0340863 1.89134e-21)
(1.00363 -0.0247154 -6.69347e-21)
(1.0082 -0.0172465 1.82335e-21)
(1.01138 -0.00728007 3.56821e-21)
(0.513498 -0.0250022 1.06201e-19)
(0.521465 -0.00810026 -3.75794e-20)
(0.512214 -0.00206299 -2.86171e-20)
(0.508375 -0.00108978 8.12334e-21)
(0.511382 -0.000695498 -3.11427e-21)
(0.517478 -0.000488537 -5.2336e-22)
(0.523327 -0.000349926 3.95599e-21)
(0.528106 -0.000245239 -2.08062e-22)
(0.53146 -0.000148866 -3.14229e-21)
(0.533809 -4.99435e-05 1.25721e-21)
(1.23406 0.0163732 -9.69096e-20)
(1.02048 0.0140957 -1.23068e-19)
(0.936326 0.00742186 -4.85346e-20)
(0.907503 0.00120059 4.93812e-21)
(0.903286 -0.00163768 -7.9671e-21)
(0.909121 -0.00242512 -2.36541e-21)
(0.91717 -0.0023218 -1.47593e-22)
(0.924616 -0.00186439 -7.49123e-23)
(0.930135 -0.00133019 7.31296e-22)
(0.934315 -0.000549669 3.74909e-22)
(1.33989 0.14581 -2.44004e-19)
(1.09402 0.0673288 1.39314e-20)
(0.998202 0.0263329 -3.44468e-21)
(0.965239 0.00657876 8.68775e-35)
(0.959954 -0.001446 -6.52883e-22)
(0.965861 -0.00406888 0)
(0.974327 -0.00426917 1.58064e-21)
(0.982269 -0.00354111 -2.39731e-34)
(0.988206 -0.00258923 4.37976e-36)
(0.99278 -0.00109191 1.82665e-21)
(1.30166 0.241629 4.94391e-19)
(1.08181 0.106887 -9.51876e-21)
(0.995294 0.0414399 0)
(0.966369 0.0105128 2.95146e-20)
(0.963251 -0.00197232 0)
(0.970221 -0.00601242 0)
(0.979261 -0.00641383 0)
(0.987483 -0.00536156 5.78963e-24)
(0.993552 -0.00395491 2.07873e-23)
(0.998204 -0.0016821 -2.83508e-22)
(1.26665 0.361734 -6.89649e-19)
(1.06911 0.158755 -8.07341e-21)
(0.987401 0.0608181 0)
(0.961756 0.01583 -2.62231e-20)
(0.961295 -0.00225333 1.75547e-20)
(0.969712 -0.00800419 0)
(0.979475 -0.00862737 0)
(0.988048 -0.00722407 -1.86634e-21)
(0.994265 -0.00533845 -1.04005e-22)
(0.998987 -0.00227807 -9.22666e-23)
(0.295806 0.00161961 -4.44764e-21)
(0.270508 0.00235352 -9.57752e-21)
(0.24816 0.00495753 2.09224e-20)
(0.222103 0.00961076 4.26291e-19)
(0.200817 0.0148435 3.85661e-19)
(0.183434 0.0178806 1.36002e-19)
(0.220785 0.0102437 2.56249e-19)
(0.273088 0.00288463 -8.94066e-20)
(0.363797 -0.0231364 5.55426e-20)
(0.492429 -0.0228027 1.95382e-19)
(0.843013 0.0163322 1.26982e-20)
(0.802009 0.0231354 -1.78351e-20)
(0.794602 0.0333496 1.72716e-20)
(0.823252 0.0451367 5.51846e-19)
(0.91261 0.0545467 -9.29352e-20)
(1.03189 0.055236 -1.20697e-21)
(1.22705 0.0335514 -9.10114e-20)
(1.34539 0.038009 4.25684e-20)
(1.46988 -0.0101737 -2.09017e-19)
(1.52011 0.0367455 -2.69454e-19)
(1.35638 0.0370859 -2.27281e-19)
(1.32962 0.05271 6.22309e-21)
(1.37312 0.0704774 -7.80215e-20)
(1.49176 0.087724 1.26887e-20)
(1.68105 0.103213 -1.54509e-19)
(1.85642 0.113162 -3.72296e-19)
(2.00488 0.111507 -3.73717e-19)
(1.97351 0.150422 4.07839e-19)
(1.92479 0.13306 6.49411e-19)
(1.73311 0.232829 3.04572e-19)
(1.81483 0.0573716 2.23937e-19)
(1.81762 0.0815285 1.46723e-19)
(1.9131 0.10742 -1.24025e-19)
(2.08427 0.134918 2.99994e-19)
(2.26092 0.167087 -2.99822e-19)
(2.33691 0.200758 -1.75402e-19)
(2.28924 0.235511 5.21051e-19)
(2.09128 0.300417 5.41268e-19)
(1.92788 0.315911 -2.7647e-19)
(1.66911 0.404882 -4.55e-19)
(2.191 0.0726738 1.47196e-18)
(2.22619 0.107393 -2.09664e-19)
(2.35055 0.144322 4.93368e-19)
(2.50398 0.188534 7.12109e-19)
(2.57219 0.243317 1.11948e-19)
(2.49528 0.305754 3.66755e-19)
(2.30464 0.37264 -9.26335e-19)
(2.05816 0.447775 7.69323e-20)
(1.85477 0.48998 3.41122e-19)
(1.56931 0.564618 -5.82103e-20)
(1.10039 -0.535049 6.24555e-20)
(1.09999 -0.588966 -2.17758e-20)
(1.11581 -0.647732 -3.65982e-19)
(1.12945 -0.711271 -2.0539e-19)
(1.13415 -0.77832 8.19674e-19)
(1.12857 -0.847786 1.4983e-19)
(1.10242 -0.909757 -4.21163e-19)
(1.01529 -0.919833 4.52486e-19)
(0.793306 -0.777888 -1.28277e-19)
(0.364047 -0.382726 -3.73504e-19)
(1.05025 -0.505181 -9.03204e-21)
(1.03935 -0.554289 9.15089e-20)
(1.02972 -0.605271 3.0925e-19)
(1.01565 -0.661905 -3.48971e-19)
(0.996249 -0.72497 -8.00121e-19)
(0.971497 -0.792346 7.37936e-20)
(0.932231 -0.853025 8.07962e-20)
(0.844693 -0.864085 -1.8855e-19)
(0.650236 -0.731077 4.68894e-19)
(0.293623 -0.359111 -1.94464e-19)
(0.917122 -0.474897 -4.61002e-20)
(0.893938 -0.51851 0)
(0.874535 -0.566417 4.34109e-20)
(0.854549 -0.619686 2.83038e-19)
(0.831198 -0.677284 -2.85224e-20)
(0.802558 -0.737247 -3.43331e-19)
(0.760474 -0.789819 4.04064e-19)
(0.678489 -0.795936 4.26277e-20)
(0.513598 -0.670234 -1.99306e-19)
(0.22763 -0.32775 2.14093e-19)
(0.816226 -0.419233 -8.15394e-20)
(0.791413 -0.458759 -2.90719e-20)
(0.766958 -0.502491 1.1728e-21)
(0.739708 -0.550113 -1.07863e-20)
(0.707699 -0.601006 2.62371e-20)
(0.669806 -0.653956 -1.03424e-19)
(0.620208 -0.700494 5.50921e-20)
(0.539438 -0.705839 3.19826e-19)
(0.397815 -0.594127 0)
(0.171228 -0.290209 0)
(0.722889 -0.351859 1.33603e-19)
(0.694109 -0.385399 8.00695e-20)
(0.66341 -0.423092 4.9891e-20)
(0.629361 -0.464177 1.74361e-20)
(0.590692 -0.507974 0)
(0.546426 -0.553425 -7.7206e-20)
(0.492141 -0.593202 -9.42333e-20)
(0.41411 -0.597528 -1.10976e-19)
(0.294233 -0.502188 1.74644e-19)
(0.120984 -0.24472 4.6425e-20)
(0.644278 -0.273881 -1.40228e-19)
(0.612701 -0.301162 1.97821e-20)
(0.577551 -0.332319 1.40124e-19)
(0.538534 -0.366182 0)
(0.494704 -0.402076 0)
(0.445164 -0.439224 0)
(0.386783 -0.47173 -7.96713e-20)
(0.310853 -0.475465 4.8665e-20)
(0.208726 -0.399054 7.3582e-20)
(0.0794335 -0.1938 7.33343e-20)
(0.58208 -0.186839 2.9231e-19)
(0.548138 -0.207383 4.31198e-19)
(0.509296 -0.231206 6.52682e-22)
(0.466208 -0.257097 -5.3167e-20)
(0.418209 -0.284473 1.24719e-20)
(0.364481 -0.312783 -8.30514e-20)
(0.302924 -0.33763 -9.66737e-21)
(0.22879 -0.341083 1.24276e-19)
(0.140854 -0.285724 -8.7131e-20)
(0.0464615 -0.137806 -4.93126e-20)
(0.537298 -0.0927472 1.66235e-19)
(0.501581 -0.106437 -2.80914e-21)
(0.460033 -0.122565 -6.361e-20)
(0.413999 -0.14009 5.30454e-20)
(0.363008 -0.158556 -6.09763e-20)
(0.306281 -0.177627 -1.52624e-19)
(0.242471 -0.194513 4.8187e-20)
(0.169696 -0.197916 7.80661e-20)
(0.09213 -0.165097 -3.16494e-20)
(0.0229125 -0.0782076 -7.01646e-21)
(0.510491 0.00613842 -4.83836e-20)
(0.473658 -0.000551823 5.07887e-23)
(0.430425 -0.00869793 5.59096e-20)
(0.382574 -0.0175735 1.53995e-19)
(0.329757 -0.0268724 1.29405e-21)
(0.271222 -0.0364607 5.19413e-21)
(0.206084 -0.0452272 1.0627e-19)
(0.134222 -0.0487984 -5.16863e-20)
(0.0630951 -0.0395987 -1.94137e-20)
(0.00908877 -0.016271 1.05557e-20)
(0.502135 0.10752 -1.94797e-19)
(0.464784 0.107854 5.97771e-22)
(0.420887 0.107797 2.00204e-19)
(0.372362 0.107676 0)
(0.318901 0.107639 4.53887e-20)
(0.259768 0.10762 5.64137e-21)
(0.194243 0.107 6.44413e-20)
(0.122841 0.103069 1.72662e-20)
(0.0541481 0.0880207 5.93641e-20)
(0.00518732 0.0465794 3.31785e-20)
(2.59022 0.0261625 1.26188e-18)
(2.79695 0.00190999 -1.45094e-19)
(2.88833 -0.0330855 -1.15712e-18)
(2.94512 -0.0720824 1.14059e-18)
(2.9949 -0.112418 -4.58324e-20)
(3.03289 -0.153832 -3.89993e-18)
(3.00582 -0.192447 3.93658e-20)
(2.7614 -0.204185 2.51119e-18)
(2.06293 -0.164075 6.91863e-19)
(0.814872 -0.0411639 5.12415e-19)
(2.5707 -0.03478 9.41132e-19)
(2.71438 -0.0761132 -1.1306e-18)
(2.78148 -0.124711 -2.67563e-19)
(2.82999 -0.177296 7.16282e-19)
(2.87757 -0.23185 2.26581e-18)
(2.91908 -0.28834 -4.86162e-19)
(2.91038 -0.338626 -3.49676e-18)
(2.71511 -0.354977 5.63833e-19)
(2.09269 -0.297354 -8.33767e-19)
(0.887 -0.112951 1.22466e-19)
(2.50988 -0.101022 5.20951e-19)
(2.59489 -0.156653 1.26218e-18)
(2.64234 -0.215768 -1.04244e-18)
(2.6842 -0.278783 -1.17143e-18)
(2.7286 -0.34482 2.20654e-19)
(2.76989 -0.413182 1.67799e-18)
(2.77086 -0.47687 2.84709e-19)
(2.61096 -0.500148 -1.5779e-18)
(2.05831 -0.426681 -2.29857e-19)
(0.916913 -0.186774 -7.72524e-20)
(2.38813 -0.173745 -5.78211e-20)
(2.43913 -0.238755 -2.88174e-19)
(2.47706 -0.304916 8.73102e-19)
(2.51471 -0.375167 -1.31072e-18)
(2.55519 -0.449357 6.3856e-19)
(2.59368 -0.52667 -5.95031e-19)
(2.59881 -0.59957 -1.19061e-18)
(2.46204 -0.631668 1.72071e-18)
(1.96996 -0.547066 -1.86635e-19)
(0.908277 -0.25686 -2.84819e-19)
(2.22214 -0.25185 1.4126e-19)
(2.26267 -0.321256 2.40182e-19)
(2.29701 -0.390636 1.19537e-19)
(2.33006 -0.464496 -2.69905e-19)
(2.36466 -0.543498 2.17029e-19)
(2.39767 -0.626856 1.61351e-18)
(2.4022 -0.706434 -2.04696e-18)
(2.28089 -0.743608 -2.31484e-18)
(1.83754 -0.646888 8.0321e-20)
(0.864816 -0.316169 -1.84725e-19)
(2.04672 -0.331195 -4.15274e-19)
(2.08443 -0.40031 -7.77633e-19)
(2.11354 -0.468758 -1.50658e-18)
(2.13865 -0.542613 -2.03492e-19)
(2.1644 -0.623218 7.28646e-19)
(2.1891 -0.709588 1.25884e-18)
(2.18913 -0.792854 1.4e-18)
(2.0774 -0.831375 2.6276e-19)
(1.67788 -0.724937 -1.1147e-18)
(0.798113 -0.362226 -6.55337e-19)
(1.88452 -0.400318 -1.11591e-19)
(1.91486 -0.466505 1.66606e-18)
(1.93251 -0.531544 1.17501e-18)
(1.94497 -0.603402 -1.96433e-18)
(1.95896 -0.683742 -9.96216e-19)
(1.97344 -0.771051 6.18753e-19)
(1.96676 -0.85529 2.08265e-19)
(1.86092 -0.892559 -1.06483e-18)
(1.50074 -0.777085 1.32643e-18)
(0.715411 -0.392451 -1.17876e-19)
(1.73739 -0.447697 5.08113e-19)
(1.74918 -0.509678 -8.69393e-20)
(1.74804 -0.571118 -1.94462e-19)
(1.74526 -0.641575 6.26931e-19)
(1.74772 -0.721851 1.09267e-18)
(1.75298 -0.809291 -4.62557e-20)
(1.73994 -0.89278 -3.39211e-19)
(1.63875 -0.926763 -3.01027e-19)
(1.31509 -0.803357 3.01352e-20)
(0.623803 -0.406212 6.91733e-19)
(1.57802 -0.470644 -7.44557e-20)
(1.56028 -0.526391 -3.90044e-19)
(1.54108 -0.586442 -5.51151e-21)
(1.53002 -0.658841 5.25986e-19)
(1.52833 -0.741047 -7.69546e-19)
(1.5297 -0.828778 1.47045e-18)
(1.51331 -0.910208 8.89343e-19)
(1.41763 -0.939032 -9.36509e-19)
(1.12923 -0.808043 -2.97651e-19)
(0.530051 -0.405565 3.22183e-19)
(1.36444 -0.48642 -2.76928e-19)
(1.32407 -0.53566 -2.70634e-19)
(1.3085 -0.598969 3.95044e-22)
(1.30803 -0.675491 8.06813e-19)
(1.31288 -0.758232 1.35315e-19)
(1.3147 -0.842736 -1.11406e-18)
(1.29625 -0.91793 5.52191e-19)
(1.20639 -0.938235 3.10225e-19)
(0.952569 -0.799603 -3.8796e-19)
(0.441941 -0.396514 1.70519e-19)
(0.821243 0.0569417 -7.37508e-20)
(1.17176 0.0410766 -6.55523e-21)
(0.91462 0.0247896 -1.06371e-21)
(1.04504 0.0235178 1.65452e-21)
(0.972207 0.0170483 2.44608e-21)
(0.966091 0.0104836 1.1435e-22)
(0.950089 -0.00851749 1.18189e-20)
(0.954201 -0.0466585 6.911e-22)
(0.951609 -0.144303 -6.85539e-20)
(1.15084 -0.365648 -2.77623e-19)
(0.821891 0.0536417 4.34193e-20)
(1.16775 0.0414264 -2.86252e-20)
(0.915206 0.0277836 1.23412e-21)
(1.04364 0.02772 5.76712e-21)
(0.973898 0.0208251 -7.67311e-21)
(0.965692 0.0159088 1.9748e-23)
(0.947075 -0.000719084 8.50847e-21)
(0.944515 -0.0329294 -3.32404e-20)
(0.921156 -0.127328 5.15253e-22)
(1.0605 -0.299345 -1.09506e-18)
(0.822773 0.0501216 4.6422e-20)
(1.16525 0.0417233 3.56875e-20)
(0.915606 0.0305609 7.52929e-21)
(1.04217 0.0315267 7.05652e-22)
(0.975324 0.0248666 2.06736e-21)
(0.964756 0.0211813 -3.94054e-21)
(0.943363 0.00526614 6.98053e-21)
(0.932691 -0.0223039 0)
(0.888659 -0.119202 -2.51994e-20)
(0.975059 -0.278908 -1.3782e-19)
(0.823623 0.046468 -2.91001e-20)
(1.16313 0.0420735 2.39394e-20)
(0.916116 0.0332574 -1.69011e-21)
(1.04076 0.0350786 2.88937e-21)
(0.976596 0.029174 3.28471e-20)
(0.964131 0.026877 -1.13236e-20)
(0.940394 0.0134966 -3.59414e-21)
(0.921397 -0.00816424 1.22619e-20)
(0.864304 -0.0994991 -5.18609e-20)
(0.889805 -0.232518 3.19161e-19)
(0.824366 0.0427735 -3.2849e-21)
(1.1612 0.0424242 -4.64622e-22)
(0.916721 0.0358908 4.79267e-22)
(1.03957 0.0383814 1.07722e-20)
(0.977851 0.033674 -2.37698e-21)
(0.963871 0.0329261 1.25392e-20)
(0.938654 0.022389 9.90646e-21)
(0.911389 0.00674963 6.63655e-21)
(0.846553 -0.075086 3.42743e-20)
(0.816879 -0.186767 2.99868e-19)
(0.824977 0.0390562 4.28463e-21)
(1.15948 0.0427312 2.41458e-20)
(0.917378 0.0384776 1.60869e-20)
(1.03869 0.041434 -9.27176e-21)
(0.979162 0.0382818 -2.55209e-20)
(0.964035 0.0392068 1.06395e-20)
(0.938094 0.0320373 3.87546e-21)
(0.903098 0.0223458 1.42938e-21)
(0.834207 -0.045667 1.916e-20)
(0.756669 -0.135643 7.61485e-20)
(0.825439 0.0353482 0)
(1.15796 0.0429728 -3.11725e-20)
(0.918047 0.0410137 -1.23217e-23)
(1.03816 0.044241 -1.62795e-21)
(0.980589 0.0429265 -2.72754e-20)
(0.964686 0.045649 -7.70751e-22)
(0.938658 0.0423236 -9.67819e-21)
(0.896986 0.0385669 1.16561e-20)
(0.826225 -0.0127935 4.21198e-21)
(0.710377 -0.0800238 -1.92864e-19)
(0.82573 0.0316827 0)
(1.15671 0.0431325 0)
(0.918698 0.0434819 -1.6778e-20)
(1.03803 0.0468083 3.04923e-20)
(0.982186 0.0475483 -1.51476e-21)
(0.965893 0.0521763 2.04466e-20)
(0.940261 0.053102 -2.15444e-20)
(0.893358 0.0552359 -1.27202e-20)
(0.822163 0.0223791 -6.84741e-21)
(0.678033 -0.0198928 3.62677e-21)
(0.825835 0.0280817 0)
(1.15573 0.043195 1.68604e-20)
(0.919306 0.0458565 6.92277e-23)
(1.03832 0.0491399 -1.58973e-21)
(0.983993 0.0520935 3.13132e-20)
(0.967731 0.0587161 -1.70315e-20)
(0.942834 0.0642164 -1.51754e-20)
(0.892494 0.0722407 -3.19826e-20)
(0.821825 0.0593704 1.69758e-20)
(0.659453 0.0428761 -1.50061e-20)
(0.825738 0.0245924 2.27972e-21)
(1.15502 0.0431566 3.01641e-20)
(0.919854 0.0481054 -1.72107e-23)
(1.03907 0.0512378 -2.67753e-20)
(0.986047 0.0565131 1.26529e-21)
(0.970266 0.0652054 -9.77644e-21)
(0.946322 0.0755036 9.50569e-21)
(0.894649 0.0894847 1.82527e-20)
(0.824746 0.0973237 -5.4434e-20)
(0.65513 0.107269 2.33506e-20)
(0.64383 0.0488381 1.08634e-19)
(0.69013 0.0201559 2.08354e-20)
(0.475194 -0.00178969 -4.24307e-21)
(0.58028 0.00284696 -1.07246e-20)
(0.511733 0.000284038 2.04301e-21)
(0.519292 -0.000249756 -3.93056e-22)
(0.52002 -0.000872351 2.69842e-21)
(0.552514 -0.00348824 -1.68867e-20)
(0.590595 -0.00834032 5.19587e-22)
(0.806496 -0.01415 -1.96419e-20)
(0.808637 0.095373 2.13545e-19)
(1.1334 0.0422144 1.53272e-20)
(0.860811 0.00796316 -3.82533e-22)
(0.984951 0.0061109 -6.22428e-21)
(0.911371 0.00420403 2.58101e-21)
(0.913011 0.000422338 -7.8852e-21)
(0.910484 -0.00540813 1.21679e-20)
(0.951151 -0.0166813 -2.73341e-20)
(0.990315 -0.0494496 -5.8276e-20)
(1.26898 -0.0894965 9.42625e-20)
(0.824496 0.0724592 4.52417e-21)
(1.19165 0.0388825 3.33078e-21)
(0.916883 0.0112598 -1.38041e-21)
(1.04391 0.0112523 -2.95819e-21)
(0.969614 0.00684698 0)
(0.969393 0.00217245 0)
(0.964199 -0.00835019 0)
(0.998187 -0.0270825 0)
(1.03772 -0.0817933 1.03244e-20)
(1.26095 -0.165339 1.6402e-20)
(0.823604 0.0685042 3.03102e-21)
(1.18752 0.0405107 -1.31795e-20)
(0.918271 0.0175683 -5.62493e-21)
(1.04825 0.015577 0)
(0.973528 0.0101707 0)
(0.972114 0.00428944 0)
(0.964594 -0.0102057 0)
(0.990233 -0.0368597 0)
(1.03005 -0.110339 0)
(1.19911 -0.243223 9.63704e-20)
(0.821146 0.0616443 -1.49052e-21)
(1.17938 0.0407934 -1.17792e-20)
(0.914757 0.0213047 0)
(1.04736 0.0195344 -2.37229e-21)
(0.972011 0.0135674 0)
(0.969254 0.00676497 0)
(0.959433 -0.0117286 -2.1935e-20)
(0.976215 -0.0465349 5.75815e-20)
(1.00795 -0.131651 0)
(1.13826 -0.342234 6.96345e-19)
(0.909527 -0.00309185 -1.1204e-19)
(0.893982 0.0123293 1.14753e-20)
(0.866889 0.0256454 3.06027e-19)
(0.807083 0.0281776 4.51032e-19)
(0.707692 0.017726 1.74053e-19)
(0.605242 0.0069342 -4.15603e-19)
(0.519719 0.00322256 -3.09955e-20)
(0.444407 0.00319264 -5.97866e-20)
(0.379654 0.00280304 -1.52644e-19)
(0.330146 0.00197517 9.80798e-20)
(1.43471 -0.0966592 -2.23696e-19)
(1.47658 -0.0850793 -2.01561e-19)
(1.52551 -0.060079 -5.78764e-20)
(1.56616 -0.0256449 -3.22387e-19)
(1.55341 -0.00134178 3.093e-19)
(1.46495 0.00330577 4.00688e-19)
(1.32307 0.001451 2.84293e-19)
(1.16713 0.00435709 3.44342e-19)
(1.0262 0.00856131 -4.30579e-19)
(0.916766 0.0119941 -2.89855e-20)
(1.50475 -0.187835 -1.43811e-19)
(1.58971 -0.181943 -3.89162e-19)
(1.68939 -0.158369 8.24846e-22)
(1.80101 -0.119372 1.9254e-19)
(1.89486 -0.0770811 -5.36275e-19)
(1.92661 -0.0438019 -1.10786e-19)
(1.86618 -0.0213835 -3.34128e-19)
(1.7309 -0.00372363 2.90099e-19)
(1.57315 0.0109814 7.05274e-20)
(1.44073 0.0236422 4.49769e-20)
(1.4766 -0.297964 -1.30707e-19)
(1.58657 -0.296369 2.12806e-19)
(1.71147 -0.269778 5.57987e-21)
(1.85323 -0.220747 -1.71742e-19)
(2.00138 -0.161644 -1.03806e-20)
(2.12251 -0.105109 -7.87137e-20)
(2.16704 -0.0580821 -1.63016e-19)
(2.11378 -0.0197162 -2.21692e-19)
(1.9994 0.0103329 7.02046e-20)
(1.88501 0.0342114 -4.3803e-19)
(1.45965 -0.394023 -2.58221e-19)
(1.58444 -0.385893 -1.96458e-19)
(1.70732 -0.365549 2.20095e-19)
(1.84491 -0.320775 -4.35391e-19)
(2.00622 -0.254785 2.58812e-19)
(2.17349 -0.180862 -1.90651e-19)
(2.30248 -0.111526 5.77403e-19)
(2.34569 -0.0514202 -2.59619e-19)
(2.30419 -0.00287167 1.68514e-19)
(2.23221 0.0363222 -1.30002e-18)
)
;

boundaryField
{
    left
    {
        type            fixedValue;
        value           uniform (1 0 0);
    }
    right
    {
        type            zeroGradient;
    }
    down
    {
        type            noSlip;
    }
    up
    {
        type            noSlip;
    }
    cylinder
    {
        type            noSlip;
    }
    defaultFaces
    {
        type            empty;
    }
}


// ************************************************************************* //
