/*--------------------------------*- C++ -*----------------------------------*\
  =========                 |
  \\      /  F ield         | OpenFOAM: The Open Source CFD Toolbox
   \\    /   O peration     | Website:  https://openfoam.org
    \\  /    A nd           | Version:  13
     \\/     M anipulation  |
\*---------------------------------------------------------------------------*/
FoamFile
{
    format      ascii;
    class       volScalarField;
    location    "6.73";
    object      p;
}
// * * * * * * * * * * * * * * * * * * * * * * * * * * * * * * * * * * * * * //

dimensions      [0 2 -2 0 0 0 0];

internalField   nonuniform List<scalar> 
440
(
-0.753001
-0.736989
-0.755573
-0.733488
-0.839829
-0.773858
-0.755776
-0.738751
-0.72137
-0.71765
-0.86619
-0.834712
-0.798412
-0.756929
-0.711935
-0.979862
-0.930101
-0.849189
-0.752624
-0.654995
-1.06191
-0.996797
-0.855391
-0.709086
-0.575446
-0.65363
-0.653839
-0.660055
-0.672643
-0.686526
-0.597063
-0.602476
-0.614293
-0.630376
-0.646318
-0.583002
-0.592112
-0.607327
-0.627054
-0.64278
-0.655102
-0.662419
-0.681025
-0.708619
-0.738878
-0.721563
-0.724981
-0.752944
-0.75481
-0.813512
-0.765541
-0.59212
-0.740138
-0.39196
-0.184171
-0.730313
-0.382718
-0.816766
-0.502896
-0.14912
-0.658886
-0.0947492
-0.781408
-0.686903
-0.121518
-0.59917
0.186891
-0.646699
-0.805674
-0.112927
-0.589557
0.343229
-0.487738
-0.816424
-0.115574
-0.393137
0.42273
-0.321033
-0.724258
-0.125092
-0.12707
0.261799
-0.107881
-0.450201
-0.137121
-0.14932
0.322644
0.105709
-0.1972
-0.131898
-0.0628399
0.405398
0.227562
-0.101053
-0.128065
-0.0152544
0.447355
0.384805
0.0236787
-0.1263
-0.347039
-0.465761
-0.651411
-0.825632
-0.958588
-0.10111
-0.222617
-0.308456
-0.35069
-0.352191
0.0711967
-0.0380787
-0.105436
-0.15538
-0.182866
0.170492
0.0645628
-0.0099642
-0.0614982
-0.0873598
0.212525
0.107002
0.03143
-0.0173055
-0.0338813
1.03503
0.891785
0.708823
0.502002
0.271383
0.612919
0.457749
0.2679
0.0510616
-0.196808
0.199694
0.0418724
-0.158428
-0.384713
-0.610078
-0.164094
-0.325929
-0.523781
-0.738475
-0.908115
-0.408855
-0.567918
-0.750958
-0.94258
-1.04993
2.20969
2.24093
2.26996
2.28548
2.28381
2.01666
2.03788
2.05421
2.05387
2.03271
1.78614
1.77777
1.74777
1.69538
1.61683
1.52861
1.49634
1.43017
1.33338
1.20679
1.28615
1.18836
1.06007
0.908808
0.723704
1.96476
1.95359
1.9441
2.0017
2.09182
1.95435
1.94035
1.92455
1.97523
2.00046
1.94494
1.92385
1.90247
1.93666
1.88532
1.93684
1.90474
1.87795
1.88777
1.71752
1.92997
1.88489
1.85204
1.83225
1.54185
1.92467
1.85315
1.81815
1.73032
1.34016
1.92275
1.81977
1.80019
1.62623
1.40274
1.93006
1.80203
1.78772
1.55966
1.37554
1.92295
1.77899
1.78228
1.50532
1.32275
1.961
1.76943
1.78045
1.48104
1.30488
0.99692
0.689854
0.340909
0.0361527
-0.166988
0.899692
0.677979
0.438397
0.225492
0.0477431
0.878643
0.701325
0.521383
0.355973
0.199616
0.907375
0.749545
0.59063
0.438762
0.295121
0.933788
0.782918
0.630748
0.481012
0.338554
-1.14778
-1.00647
-0.841487
-0.707062
-0.628307
-1.18737
-1.12651
-1.00417
-0.905055
-0.847573
-1.08823
-1.04042
-0.971941
-0.917144
-0.88515
-0.919672
-0.879511
-0.838822
-0.808251
-0.790706
-0.786051
-0.765007
-0.738437
-0.720342
-0.743267
-0.706793
-0.695951
-0.667127
-0.656291
-0.638432
-0.704455
-0.691269
-0.667695
-0.650997
-0.653239
-0.737533
-0.724517
-0.708551
-0.697695
-0.700672
-0.753374
-0.744709
-0.739171
-0.743365
-0.753614
-0.723621
-0.718671
-0.718172
-0.728402
-0.739813
-0.751522
-0.677827
-0.259611
-0.193388
-0.0169423
-0.737238
-0.641668
-0.25907
-0.2108
-0.0354892
-0.714221
-0.660328
-0.314987
-0.259619
-0.0881646
-0.766914
-0.707232
-0.43957
-0.317445
-0.151888
-0.781086
-0.692986
-0.595051
-0.362441
-0.189368
-0.278746
-0.776599
-0.38325
-0.224887
-0.0147747
-0.646178
-0.768188
-0.304302
-0.185021
-0.00875451
-0.583411
-0.829871
-0.85763
-0.818278
-0.590486
-0.602869
-0.826537
-0.871246
-0.800238
-0.799667
1.91252
1.88763
1.84465
1.78456
1.7053
2.08813
2.10764
2.11062
2.09568
2.06391
2.23494
2.26763
2.29169
2.30303
2.30006
2.31492
2.3546
2.39615
2.42985
2.44518
2.30481
2.34265
2.38461
2.41996
2.43642
-0.179198
-0.283965
-0.449909
-0.65038
-0.886552
0.419202
0.281231
0.0967062
-0.125413
-0.409607
0.953911
0.809208
0.636954
0.43375
0.176441
1.38088
1.27001
1.1341
0.967972
0.765691
1.71944
1.64099
1.53835
1.41534
1.27035
2.03122
1.98921
1.98532
2.00096
2.03134
2.01531
1.98492
1.98276
2.01471
2.08557
2.00133
1.9795
1.98022
2.02928
2.15181
1.98821
1.97296
1.97219
2.03027
2.15596
1.97601
1.96479
1.95985
2.02126
2.14112
2.08652
1.99738
1.97568
1.93039
1.91778
2.04217
1.98735
1.9699
1.94927
1.92356
1.60458
1.39623
1.02125
0.466769
-0.148601
1.68689
1.42695
1.0356
0.486205
-0.13977
)
;

boundaryField
{
    left
    {
        type            zeroGradient;
    }
    right
    {
        type            fixedValue;
        value           uniform 0;
    }
    down
    {
        type            zeroGradient;
    }
    up
    {
        type            zeroGradient;
    }
    cylinder
    {
        type            zeroGradient;
    }
    defaultFaces
    {
        type            empty;
    }
}


// ************************************************************************* //
