/*--------------------------------*- C++ -*----------------------------------*\
  =========                 |
  \\      /  F ield         | OpenFOAM: The Open Source CFD Toolbox
   \\    /   O peration     | Website:  https://openfoam.org
    \\  /    A nd           | Version:  13
     \\/     M anipulation  |
\*---------------------------------------------------------------------------*/
FoamFile
{
    format      ascii;
    class       volScalarField;
    location    "7.38";
    object      p;
}
// * * * * * * * * * * * * * * * * * * * * * * * * * * * * * * * * * * * * * //

dimensions      [0 2 -2 0 0 0 0];

internalField   nonuniform List<scalar> 
440
(
-0.861669
-0.8454
-0.851165
-0.841381
-0.923355
-0.903384
-0.883389
-0.863745
-0.845738
-0.836367
-1.00803
-0.972776
-0.929463
-0.87815
-0.823544
-1.12842
-1.07506
-0.980375
-0.868511
-0.756209
-1.20236
-1.13007
-0.972028
-0.810504
-0.664353
-0.353917
-0.358353
-0.36672
-0.376276
-0.383064
-0.487391
-0.498958
-0.519173
-0.544478
-0.562851
-0.644381
-0.660803
-0.692518
-0.739786
-0.784388
-0.808568
-0.820876
-0.848319
-0.89037
-0.946881
-0.836173
-0.833339
-0.837424
-0.843523
-0.883445
-0.370079
-0.12165
-0.409629
-0.1404
-0.332288
-0.455298
-0.155837
-0.581335
-0.112979
-0.388915
-0.547859
-0.0713691
-0.56332
-0.0390114
-0.368466
-0.632075
0.227599
-0.25315
-0.0423767
-0.276898
-0.716828
0.519874
0.135027
-0.17214
-0.19899
-0.547944
0.744168
0.432327
-0.298012
-0.14916
-0.260441
0.591046
0.440977
-0.186606
-0.10824
-0.155163
0.544214
0.647555
0.0577797
-0.0773506
-0.0373293
0.540918
0.696199
0.16831
-0.0791523
0.0147389
0.561188
0.778099
0.352755
-0.0648876
-0.417453
-0.540524
-0.722064
-0.891784
-1.03868
-0.160004
-0.28682
-0.37926
-0.436899
-0.455479
0.0173238
-0.0960397
-0.160992
-0.207254
-0.22976
0.121805
0.0181636
-0.0487982
-0.0886385
-0.102282
0.167356
0.0642672
-0.00190837
-0.0391036
-0.0420747
1.04264
0.89094
0.696446
0.478371
0.239306
0.598302
0.435959
0.238874
0.0139351
-0.244113
0.168051
0.00221494
-0.207783
-0.441908
-0.685242
-0.216772
-0.387312
-0.597395
-0.82423
-1.01131
-0.481638
-0.652098
-0.848606
-1.05501
-1.17639
2.22939
2.25879
2.28506
2.29727
2.29225
2.02032
2.03947
2.05244
2.04801
2.02208
1.78474
1.77239
1.73677
1.67787
1.59186
1.5178
1.48395
1.4144
1.31322
1.1815
1.28145
1.17578
1.03926
0.881483
0.688753
2.00738
1.99586
1.98367
2.04483
2.12021
1.99595
1.98167
1.96133
2.0154
2.01739
1.98551
1.96433
1.93685
1.97358
1.88972
1.97633
1.94422
1.91013
1.92044
1.70637
1.96844
1.92397
1.88213
1.86278
1.51629
1.96196
1.89036
1.84631
1.7569
1.3049
1.959
1.85429
1.82482
1.65403
1.39063
1.96514
1.83357
1.8072
1.59681
1.39568
1.95709
1.80986
1.7996
1.54752
1.37036
1.99519
1.80071
1.79703
1.51877
1.35703
1.00011
0.674453
0.314265
-0.0115697
-0.221617
0.887123
0.657007
0.409551
0.184125
-0.00536795
0.868932
0.683143
0.492259
0.317246
0.148678
0.899779
0.727263
0.555815
0.397043
0.245439
0.921048
0.753843
0.590807
0.437471
0.291253
-0.672414
-0.5525
-0.403322
-0.283079
-0.212005
-0.70255
-0.648633
-0.540121
-0.45348
-0.405326
-0.604822
-0.559687
-0.502198
-0.459232
-0.437373
-0.446985
-0.411379
-0.376641
-0.352202
-0.339979
-0.331521
-0.312785
-0.290598
-0.273742
-0.296586
-0.260994
-0.251607
-0.22934
-0.212781
-0.197318
-0.261056
-0.251529
-0.231905
-0.213508
-0.21247
-0.292282
-0.282979
-0.270828
-0.260381
-0.254907
-0.307919
-0.301607
-0.297559
-0.297139
-0.296204
-0.30944
-0.307486
-0.307161
-0.30885
-0.310002
-0.275882
-0.30567
-0.0575778
0.0477723
0.0120559
-0.23864
-0.270502
-0.0454244
0.0383375
0.00324457
-0.248434
-0.278561
-0.0643837
0.000303655
-0.0409023
-0.304359
-0.255271
-0.126755
-0.0581931
-0.119174
-0.320639
-0.180818
-0.241985
-0.113321
-0.22962
0.108181
-0.378871
-0.173287
0.001659
0.0139761
-0.190965
-0.396875
-0.105423
0.0465712
0.0230478
-0.171773
-0.394663
-0.422275
-0.377771
-0.165974
-0.189027
-0.390071
-0.433058
-0.357889
-0.36054
2.0319
2.01362
1.97883
1.92868
1.86231
2.18548
2.2077
2.21494
2.20594
2.18187
2.31032
2.34435
2.37059
2.38505
2.38592
2.37017
2.40963
2.45081
2.48433
2.50004
2.34188
2.37851
2.41873
2.45214
2.46717
0.183281
0.0891769
-0.0598634
-0.241235
-0.443772
0.71599
0.591612
0.424826
0.224438
-0.0228751
1.18939
1.0592
0.904196
0.721779
0.496812
1.56464
1.46635
1.34541
1.19787
1.02101
1.86175
1.79411
1.70494
1.59786
1.4726
2.07763
2.03731
2.03831
2.06542
2.11521
2.06112
2.03206
2.03329
2.07461
2.15571
2.04644
2.02552
2.02799
2.08427
2.20911
2.03257
2.01774
2.01733
2.08107
2.20405
2.01953
2.00819
2.00216
2.06806
2.17908
2.13438
2.0474
2.03264
2.00384
2.01341
2.08925
2.03669
2.02517
2.02074
2.02014
1.75814
1.58091
1.25178
0.758694
0.210782
1.83053
1.60598
1.26334
0.775905
0.218911
)
;

boundaryField
{
    left
    {
        type            zeroGradient;
    }
    right
    {
        type            fixedValue;
        value           uniform 0;
    }
    down
    {
        type            zeroGradient;
    }
    up
    {
        type            zeroGradient;
    }
    cylinder
    {
        type            zeroGradient;
    }
    defaultFaces
    {
        type            empty;
    }
}


// ************************************************************************* //
