/*--------------------------------*- C++ -*----------------------------------*\
  =========                 |
  \\      /  F ield         | OpenFOAM: The Open Source CFD Toolbox
   \\    /   O peration     | Website:  https://openfoam.org
    \\  /    A nd           | Version:  13
     \\/     M anipulation  |
\*---------------------------------------------------------------------------*/
FoamFile
{
    format      ascii;
    class       volScalarField;
    location    "4.51";
    object      p;
}
// * * * * * * * * * * * * * * * * * * * * * * * * * * * * * * * * * * * * * //

dimensions      [0 2 -2 0 0 0 0];

internalField   nonuniform List<scalar>
440
(
-1.57008462952
-1.55294423883
-1.55478372449
-1.47897077648
-1.55680839477
-1.6842731881
-1.67205844321
-1.64304432982
-1.59265399025
-1.5511688956
-1.8465251307
-1.81962604346
-1.78014095792
-1.73143241115
-1.68076848463
-2.02236844161
-1.97563412969
-1.89892860063
-1.81033960083
-1.72389363098
-2.16786677624
-2.10736284682
-1.97774449768
-1.84654213827
-1.72813581784
-1.4311724977
-1.44253963652
-1.46055553225
-1.48356452857
-1.50802869657
-1.43782668822
-1.43955429961
-1.44577300287
-1.45738950876
-1.47154795106
-1.46935171956
-1.46338812022
-1.45835540494
-1.45483783192
-1.45077867713
-1.49177386732
-1.48097350598
-1.46823843772
-1.44746647607
-1.43905056228
-1.50348408214
-1.49018829505
-1.46826748729
-1.41735319493
-1.42277240411
-1.69473477541
-1.3720003721
-0.815713829207
-0.272074405802
-0.0199294954848
-1.71296339998
-1.5440405184
-0.859761864981
-0.29734619227
-0.0232011107903
-1.67338670141
-1.68871028963
-0.90134434816
-0.326740100279
-0.0369438290427
-1.54519125719
-1.78388165203
-0.947739651086
-0.35822855797
-0.0559663579691
-1.43328469915
-1.82556252321
-0.994096484758
-0.393344249727
-0.0743119060558
-1.24632204033
-1.74651100237
-0.978372439769
-0.417578206329
-0.0986909853562
-1.17152004018
-1.47232398459
-0.930795262683
-0.441990387055
-0.123006685245
-1.12782633906
-1.25094203177
-0.939937831306
-0.509126664166
-0.147191533461
-1.06506113842
-1.09266101888
-0.921168003182
-0.539738750448
-0.161908193147
-0.988938175324
-0.96928276832
-0.908391398701
-0.573437919632
-0.171491334376
-1.53386511373
-1.57528837013
-1.66402055223
-1.76032227599
-1.75827411039
-1.33930352402
-1.39841082784
-1.41410818354
-1.40915413218
-1.35880901573
-1.2029271974
-1.25145721216
-1.25912680623
-1.25132698819
-1.23659510137
-1.1264224526
-1.16737875362
-1.18528856908
-1.17884413988
-1.16764050235
-1.09170554905
-1.13461719731
-1.15624520953
-1.14680895856
-1.12216942312
-0.541221806493
-0.679899496017
-0.860166436964
-1.05597827224
-1.25454495206
-0.883758056236
-1.02802603646
-1.19851891833
-1.39118896153
-1.60547087588
-1.19706281543
-1.33798415444
-1.51694006332
-1.71691935287
-1.92397214533
-1.48095364494
-1.62329442052
-1.79918354236
-1.98864881432
-2.145325133
-1.64049919364
-1.78257199676
-1.94683534886
-2.11811352555
-2.21967126332
0.249981494629
0.285081690496
0.316072724403
0.332584099562
0.331847495877
0.0763991220545
0.101693281348
0.120662079942
0.123429903276
0.10420424719
-0.102979540507
-0.108880177784
-0.138947548634
-0.190719558475
-0.266903813292
-0.298010010562
-0.319858243719
-0.37668827007
-0.461717086659
-0.569478700764
-0.431693707648
-0.529210109544
-0.654319853411
-0.791152375106
-0.954462627376
-0.424566724814
-0.334911703512
-0.224987486344
-0.0287400768173
0.104483695022
-0.432639818918
-0.340539381945
-0.240377979623
-0.0338395359973
0.0203988571713
-0.439591142315
-0.348069193154
-0.253764320832
-0.0465896820882
-0.0904554426382
-0.445372677696
-0.355560500858
-0.265046635537
-0.0761019592214
-0.243178030694
-0.449933313054
-0.361685064027
-0.27321438725
-0.0878210419916
-0.401474745867
-0.453189554105
-0.378006377738
-0.290825807771
-0.18024026957
-0.584096459259
-0.45648585702
-0.401853408366
-0.288871419077
-0.271408336512
-0.379144488388
-0.447635222414
-0.414582636588
-0.29302965053
-0.303820341544
-0.278661057976
-0.450349456656
-0.436554443041
-0.290332441737
-0.360548833798
-0.217886075902
-0.41505477999
-0.43806608333
-0.291801440595
-0.396132337142
-0.185365730482
-0.555760338238
-0.796364519158
-1.06505750156
-1.30525198081
-1.43083307613
-0.684148448703
-0.837569880059
-1.00377385848
-1.14885217989
-1.26619384737
-0.70861906426
-0.835568761029
-0.94769880676
-1.04067286803
-1.1372129593
-0.650109030433
-0.78764645352
-0.892607803091
-0.977523915893
-1.05860467076
-0.615394249607
-0.756159376675
-0.860541612017
-0.944675407522
-1.02285734184
-2.62853896648
-2.49332403807
-2.33767002465
-2.20625706785
-2.12623672805
-2.64054011826
-2.57604190242
-2.4531230952
-2.34338491931
-2.26953521271
-2.5127316187
-2.46963051135
-2.39764518607
-2.33096461229
-2.27654808016
-2.33190746712
-2.29671945646
-2.26765515986
-2.23588921132
-2.19867980385
-2.19425377697
-2.1794278912
-2.1732230843
-2.159137507
-2.11407109848
-2.08585800652
-2.0837842134
-2.09006857021
-2.09389393217
-2.03122846262
-1.95393393015
-1.94982101407
-1.9464478259
-1.94803102974
-1.90388615753
-1.87219378928
-1.87365447531
-1.87657367188
-1.88114921929
-1.87394423588
-1.7034027734
-1.71481804063
-1.73413887737
-1.75857022317
-1.77605760819
-1.53369343893
-1.54564865749
-1.56535198842
-1.58935170081
-1.61085937061
-1.74022305391
-1.02993182757
-0.616295444852
-0.274373953194
-0.068982777115
-1.6818021298
-0.963822142782
-0.561504795513
-0.253144718792
-0.0598337658286
-1.64484744364
-0.988091524353
-0.566171271496
-0.233432790462
-0.0467962530793
-1.6413295028
-1.0687672514
-0.636132292682
-0.231741925956
-0.0362049100616
-1.64953002568
-1.19309993706
-0.738103943488
-0.245535499797
-0.026147404127
-1.5396975976
-1.15791555436
-0.723204944435
-0.30708676879
-0.0740377992312
-1.72115099881
-1.09027676165
-0.660763073297
-0.297976150711
-0.0725333451333
-2.07841354909
-2.22739888169
-2.25484227699
-2.13794304791
-1.92641956144
-2.09614308288
-2.23410106076
-2.24993924054
-2.14502038471
-2.02511844571
-0.00384959179523
-0.0204346800477
-0.0531570522697
-0.101208586876
-0.168009933405
0.146485880415
0.17143368921
0.183002562129
0.178866160692
0.158426346009
0.274416925483
0.310888321366
0.341247314359
0.359583302871
0.36260845754
0.344299443814
0.386487047553
0.430024826872
0.465022671914
0.481669658526
0.333814304887
0.372234460329
0.411733299013
0.442461051724
0.456151249553
-1.76636172225
-1.86247193185
-2.01312147494
-2.19329566113
-2.40644329116
-1.2618557252
-1.38330815632
-1.5470489516
-1.74468925242
-1.99401818303
-0.809754611356
-0.935923049225
-1.0867892628
-1.26481579901
-1.48745284854
-0.445992738863
-0.540794178703
-0.658971506736
-0.804265546341
-0.979822010911
-0.160796634245
-0.226153252497
-0.312711370826
-0.418208030007
-0.543618494272
-0.370025319413
-0.296988016193
-0.168707393382
-0.0382550053471
0.0744482404902
-0.384189108809
-0.305871126006
-0.179283328171
-0.0329886815423
0.110429026896
-0.395681909605
-0.313682443003
-0.188341931175
-0.022348748552
0.16749345727
-0.406251599442
-0.321118678685
-0.198927813352
-0.0202440431471
0.167186064296
-0.415958939223
-0.327478548826
-0.212158063637
-0.0205426966149
0.152490732201
-0.317857138917
-0.286512599737
-0.175165820901
-0.0991253898912
-0.0364754745319
-0.360039194094
-0.297173139199
-0.177009014983
-0.0796053403759
-0.0219337908312
-0.261099238651
-0.429305815711
-0.745363877245
-1.21631603102
-1.73598845645
-0.190325446432
-0.40733898841
-0.737512110659
-1.20252917382
-1.73010723472
)
;

boundaryField
{
    left
    {
        type            zeroGradient;
    }
    right
    {
        type            fixedValue;
        value           uniform 0;
    }
    down
    {
        type            zeroGradient;
    }
    up
    {
        type            zeroGradient;
    }
    cylinder
    {
        type            zeroGradient;
    }
    defaultFaces
    {
        type            empty;
    }
}


// ************************************************************************* //
