/*--------------------------------*- C++ -*----------------------------------*\
  =========                 |
  \\      /  F ield         | OpenFOAM: The Open Source CFD Toolbox
   \\    /   O peration     | Website:  https://openfoam.org
    \\  /    A nd           | Version:  13
     \\/     M anipulation  |
\*---------------------------------------------------------------------------*/
FoamFile
{
    format      ascii;
    class       volVectorField;
    location    "0.4";
    object      U;
}
// * * * * * * * * * * * * * * * * * * * * * * * * * * * * * * * * * * * * * //

dimensions      [0 1 -1 0 0 0 0];

internalField   nonuniform List<vector>
1800
(
(-0.0050811313881 -0.0118565900036 -9.78744099584e-17)
(0.543415899567 -0.463709278529 1.30218519607e-18)
(1.05597929788 -0.862268168658 -2.73663288986e-18)
(1.33341078104 -1.04685646859 7.3498083694e-18)
(1.445912906 -1.08574299996 -8.60562643072e-19)
(1.48033440493 -1.05729283356 7.48483824231e-18)
(1.48390830086 -1.00530454745 2.55852584811e-19)
(1.47621435319 -0.948437256859 -1.38684771488e-18)
(1.46516151743 -0.889777029342 -6.81083144127e-19)
(1.4319397024 -0.841633906354 1.13780585583e-18)
(0.0163900895119 -0.0290522590197 6.10042484637e-19)
(0.648992675294 -0.468486911983 -9.12617401363e-19)
(1.21703579986 -0.846115150389 -6.52177620013e-20)
(1.51308189958 -1.01548340431 -5.72915905523e-19)
(1.62456033401 -1.04673281224 1.24729198318e-19)
(1.65136607227 -1.01540660985 1.24678728066e-18)
(1.64665044919 -0.96242971328 -8.69432541141e-19)
(1.63221635372 -0.90462951717 5.01935931965e-19)
(1.61573201744 -0.846675126066 7.66097247768e-19)
(1.59185469068 -0.803297264025 -3.77807928424e-19)
(0.045216352392 -0.0458646539378 -2.38760914695e-20)
(0.761063398162 -0.461396259249 2.43727266128e-19)
(1.37846256003 -0.809134790158 3.51959376609e-19)
(1.68781761993 -0.959737047563 -2.80615221693e-19)
(1.79504165641 -0.983607244601 -1.52616805588e-18)
(1.81229245927 -0.951714167299 3.39649310756e-19)
(1.79753610745 -0.901494944269 5.96043294508e-19)
(1.77368884604 -0.848273913652 -7.80346861316e-20)
(1.74850409035 -0.796469798281 -4.9905856527e-21)
(1.71583300949 -0.755853995014 -3.43396947759e-20)
(0.0815147365249 -0.0605771448698 1.19228591314e-20)
(0.877514123256 -0.440445382599 -9.05974557147e-20)
(1.53666543561 -0.75015452499 -2.85215512777e-19)
(1.85404355368 -0.878834359594 7.10587430677e-20)
(1.95478377849 -0.895072304563 3.94361505374e-19)
(1.96236419701 -0.863177497697 3.68093221727e-20)
(1.93847339978 -0.815954937077 -2.42242945496e-20)
(1.90668244993 -0.766440566224 5.46841455676e-19)
(1.87446750872 -0.718422255235 4.51937419437e-19)
(1.83841528275 -0.682244441894 -1.49231953805e-19)
(0.125020392994 -0.0716745950705 8.90054145329e-20)
(0.995636291067 -0.404984387868 1.55480967345e-19)
(1.68731435775 -0.670473667959 -8.38716874068e-20)
(2.00664985125 -0.775741595889 -9.83069978294e-20)
(2.09842869303 -0.785523929024 -1.19208676175e-18)
(2.09593836074 -0.755708975149 1.06364570118e-20)
(2.0633849422 -0.713818673582 9.30173909667e-19)
(2.02439390641 -0.670588902279 3.23291498049e-19)
(1.9860284109 -0.629382726414 2.31907879415e-20)
(1.94606503286 -0.59804324464 -1.99734918691e-19)
(0.174689109071 -0.0773454991329 -8.10881741423e-20)
(1.1118602336 -0.353932049845 1.764185262e-19)
(1.82588591578 -0.570601590212 1.12183741304e-18)
(2.14128298281 -0.651833101024 -8.21085792878e-19)
(2.22227887594 -0.656370756242 -8.66154128e-19)
(2.20995150791 -0.629999157891 1.43818608568e-18)
(2.16969882007 -0.594500302643 -1.03871594839e-18)
(2.12453893852 -0.558265589895 -1.1437681765e-18)
(2.08098818927 -0.524037077498 8.30450811586e-19)
(2.03788619122 -0.498407085353 -3.22206393687e-20)
(0.229011169876 -0.0761234676368 -2.49562634649e-20)
(1.22241347849 -0.287417109069 -5.02844803517e-19)
(1.94818051538 -0.452753505808 -2.98806330282e-18)
(2.25411809947 -0.510635184458 1.3639587824e-18)
(2.32303803238 -0.511859438689 2.18842435629e-18)
(2.30159012852 -0.490645626369 -6.3301388903e-21)
(2.2549148714 -0.462928850485 -2.81060144058e-18)
(2.20491674291 -0.43485946343 -2.80756694924e-21)
(2.15745531724 -0.408602605815 2.52114127537e-18)
(2.11193392748 -0.389216846045 6.64089711514e-19)
(0.285772285379 -0.0667666814334 5.99012653949e-20)
(1.32310569145 -0.206017176073 4.36301453736e-19)
(2.05010082134 -0.319326075288 2.30023345615e-18)
(2.34175134313 -0.355433974835 -8.2853437811e-20)
(2.39809196414 -0.355501912258 -1.40940116883e-18)
(2.36861716694 -0.340826359007 -4.3453278619e-19)
(2.31695159317 -0.321821845038 0)
(2.26345214496 -0.302601306712 9.88076648399e-19)
(2.21325544668 -0.284784917053 1.05827687709e-20)
(2.16611966094 -0.27218376667 -8.02619936818e-19)
(0.342273314589 -0.0486324811267 8.71201855639e-21)
(1.4099687529 -0.111367740815 8.753122745e-19)
(2.12820725588 -0.173678598447 2.06867623928e-18)
(2.40177142558 -0.190372643222 -1.98964855966e-18)
(2.44587709252 -0.191652330455 -1.4292207367e-18)
(2.40983469654 -0.184625651439 4.45788790474e-19)
(2.35474947532 -0.175011692895 -1.87857759247e-18)
(2.29916259742 -0.165097055193 -1.2760998407e-18)
(2.24746425987 -0.155990906436 1.51966977472e-18)
(2.19959702365 -0.150341769859 1.2937929848e-18)
(0.395554594014 -0.0218025280228 4.42825675226e-20)
(1.47949528142 -0.00583926435858 6.03275194355e-19)
(2.17959038573 -0.0193981390171 3.89020636155e-19)
(2.43272225534 -0.0197488603531 -2.89240762299e-18)
(2.46566492117 -0.0245586695412 4.11001899499e-20)
(2.42465023324 -0.0257239653045 4.25635480026e-18)
(2.36766311734 -0.0258473134178 -2.25586482365e-18)
(2.31128352994 -0.0254399403018 -1.26886391393e-18)
(2.25926726219 -0.0250895916788 4.13110582917e-19)
(2.21161113946 -0.02633291223 -9.39590774103e-19)
(-0.00574517896343 0.00288756917665 1.08923979609e-19)
(-0.00413823554341 -0.0904427669897 6.56239214048e-20)
(0.0427406662132 -0.179193684004 -1.62573376843e-21)
(0.104415059181 -0.226648495686 -8.81693584676e-21)
(0.17070664404 -0.243168943177 -2.0111925991e-21)
(0.235533961541 -0.243863998965 -4.27999086036e-20)
(0.29599346541 -0.237970338187 1.59016591845e-20)
(0.351389179632 -0.229875021766 -2.80955871491e-20)
(0.401627126268 -0.221428660296 3.17977945992e-21)
(0.449306056156 -0.214573288687 -8.37364813079e-21)
(-0.00789829288062 0.0160322128726 3.50399680712e-20)
(0.00948969501073 -0.135905375796 7.9920904256e-20)
(0.0717148908679 -0.285983428462 -1.02725188294e-19)
(0.141337366141 -0.366020328444 -4.55825993029e-20)
(0.210044196565 -0.392407584584 -7.59744406034e-20)
(0.274591555535 -0.391250680768 -8.09726943816e-20)
(0.333667698936 -0.378721582194 2.9605353347e-20)
(0.38732729881 -0.36251311635 -2.07472522298e-20)
(0.435670882761 -0.345914149572 2.85899510821e-21)
(0.482379259985 -0.333331994256 -8.40803127209e-21)
(-0.0120095199531 0.0272454728425 -4.13431245662e-20)
(0.0310577073013 -0.181240240845 1.72497226214e-19)
(0.118644368189 -0.389379928036 7.11469833714e-20)
(0.201523380915 -0.499813174031 2.71705233904e-19)
(0.274301081796 -0.535052246094 4.95666912325e-20)
(0.338411871779 -0.531739808883 -2.81394534223e-19)
(0.3952225188 -0.512633876847 -3.05552820109e-20)
(0.446022997085 -0.488540459925 8.91587545194e-20)
(0.491259406494 -0.464149687355 -3.59865379461e-20)
(0.536473106357 -0.446009382185 -4.70911969617e-21)
(-0.0174495391817 0.0357771395823 -1.13127923191e-19)
(0.0610632183718 -0.226108355971 -2.64363281645e-20)
(0.183363965728 -0.487519928286 3.20678539738e-20)
(0.28431479847 -0.625179769359 -1.34557070075e-19)
(0.362547848755 -0.667837865976 6.92245144825e-20)
(0.425937090448 -0.661975716175 1.89311445213e-19)
(0.479561066824 -0.636416733126 5.29570298112e-20)
(0.526396750638 -0.604787607382 -1.16239227695e-20)
(0.567387747044 -0.57312203273 2.13610248657e-20)
(0.61058451081 -0.54963669155 -2.54358982244e-21)
(-0.0233710027726 0.040909812542 0)
(0.100115438176 -0.270136398972 8.85032551619e-20)
(0.265547485624 -0.578541749601 2.57732003812e-19)
(0.388675081997 -0.739322205922 -2.75529293152e-19)
(0.473379362934 -0.787589170706 -5.76889852283e-19)
(0.535615207849 -0.77873749932 1.96197089592e-19)
(0.585118056248 -0.746947952412 -2.73819973922e-20)
(0.626946232412 -0.708285864337 -1.00095263414e-19)
(0.662686269386 -0.670023451644 0)
(0.703349520889 -0.641421152864 -8.85562124988e-21)
(-0.028705274527 0.0420205114049 5.48313225503e-20)
(0.148869638619 -0.312819978433 8.49645677899e-20)
(0.364622846091 -0.660560711675 4.19527751246e-20)
(0.513088064657 -0.839531775884 2.41739641232e-19)
(0.604808263065 -0.891315454969 -1.91425834783e-19)
(0.665298768567 -0.879055972501 -2.92178041636e-19)
(0.709768583113 -0.841408377745 5.10644699908e-19)
(0.745665362305 -0.79639792941 5.48620856654e-20)
(0.775365494208 -0.752366504829 -3.02683719184e-19)
(0.812951955733 -0.718827638082 -7.08210054783e-21)
(-0.032196322682 0.0386953123693 -3.39713313867e-21)
(0.207929413401 -0.353404035533 7.30498569905e-21)
(0.479659219949 -0.731638084178 1.32502859603e-19)
(0.655467715386 -0.923281474011 2.61431036849e-20)
(0.754182513227 -0.976370560672 3.22344345679e-19)
(0.812168871119 -0.96043335353 -4.02933353184e-19)
(0.85075742814 -0.917544000816 -4.07300725321e-19)
(0.879967162344 -0.86713495521 -3.4304942911e-19)
(0.90312894072 -0.818299840789 2.52270294704e-19)
(0.936856750586 -0.779831444547 2.74224168201e-19)
(-0.0325245453844 0.0308914028602 -1.28235110811e-19)
(0.277567936323 -0.390743419622 6.12553601806e-20)
(0.609073342334 -0.789769882607 2.98242883404e-19)
(0.812901504683 -0.988309360151 -1.77417048723e-19)
(0.917979973635 -1.04065331905 3.35836558589e-19)
(0.972570787804 -1.02115085142 7.93204876634e-19)
(1.00455384202 -0.974127291117 5.46807720286e-19)
(1.02653365814 -0.919844051648 -4.30518170142e-19)
(1.04300401878 -0.867470009558 -2.05025262447e-19)
(1.0710585124 -0.823904165012 2.96467666636e-19)
(-0.028614270957 0.0191382004761 -1.79382886817e-19)
(0.357283045976 -0.423114082735 -2.81354665236e-19)
(0.750138905984 -0.832671054281 6.74507791744e-19)
(0.981066336805 -1.03233963922 7.626799085e-19)
(1.09103100743 -1.08215116875 -7.50499891469e-19)
(1.14095344258 -1.05961666187 8.24646098853e-19)
(1.1654409867 -1.01015433754 1.38032570639e-19)
(1.17957389734 -0.954286264886 -9.93866512653e-19)
(1.18925994574 -0.900025863862 -2.4547786837e-19)
(1.20703889084 -0.851558434294 3.35965738762e-19)
(-0.0197448608919 0.00450964883872 8.94721728586e-20)
(0.446035335889 -0.448190611412 -3.06322403599e-19)
(0.899673405618 -0.857636973457 -4.47613310646e-19)
(1.15525627264 -1.05261438582 7.719321165e-19)
(1.26754881842 -1.09798810773 6.07598944315e-19)
(1.31049620755 -1.07270753076 -7.4527743275e-19)
(1.32527589622 -1.02205906775 -6.15004599882e-19)
(1.3293796935 -0.966151029132 3.66441711934e-19)
(1.33027473747 -0.910467354079 -3.84637949911e-19)
(1.32850560499 -0.859117436837 -2.28611508599e-19)
(0.620902131135 -0.174242332075 3.88426100348e-20)
(0.7997216283 -0.133040283354 -7.73835283913e-20)
(0.888052704514 -0.103924077358 5.70640360737e-21)
(0.939050056174 -0.0812341480985 1.32953895538e-20)
(0.969016452757 -0.0629316342276 -6.28061923105e-21)
(0.986734489387 -0.0479627545686 -3.15695008607e-21)
(0.997607028848 -0.035683742426 -4.83404653398e-21)
(1.00443839687 -0.0254678357533 -3.1563500668e-21)
(1.00856290598 -0.0173525448049 7.91701011755e-21)
(1.01134685623 -0.00714918786129 2.95774090561e-21)
(0.638676367557 -0.247944993547 1.05845095045e-19)
(0.811577475678 -0.172737539445 1.69331685035e-20)
(0.896522832805 -0.125478442582 4.6255644665e-21)
(0.945476338537 -0.0931981252595 -7.73420696643e-21)
(0.974079425247 -0.0698740419267 -1.72750835742e-20)
(0.99080297669 -0.0521102451519 0)
(1.00090597437 -0.0382088000673 -5.064414101e-21)
(1.00715321029 -0.0270081340943 3.90064124917e-21)
(1.01087559125 -0.0182881609883 4.78789389934e-22)
(1.01332611696 -0.00751308048356 -3.61110774052e-21)
(0.666939162501 -0.319148086275 -6.07181820555e-20)
(0.828575110062 -0.211527188945 -4.18734323351e-20)
(0.907783346512 -0.146728353424 1.88367426214e-20)
(0.953365818996 -0.105027920113 -9.25711431618e-21)
(0.979926231712 -0.0767046701517 -3.93117906054e-21)
(0.99532403438 -0.056153390471 6.23835253501e-21)
(1.00448098531 -0.0406378559141 0)
(1.01004244818 -0.0284667238573 0)
(1.01331094097 -0.0191580354592 -2.18729780926e-21)
(1.0153862005 -0.0078467561769 0)
(0.705776652733 -0.386467478921 -3.32162746579e-20)
(0.850485544426 -0.248826243277 7.9099572784e-20)
(0.92176059496 -0.167404466165 8.68160085421e-21)
(0.962701216005 -0.116596294126 0)
(0.986552625125 -0.0833510982864 2.33350999161e-20)
(1.00028953526 -0.0600484841439 -3.61829257638e-21)
(1.00832125868 -0.0429444031153 0)
(1.01309426313 -0.0298266391486 4.43516709961e-21)
(1.01585388799 -0.0199517267072 0)
(1.01752262645 -0.00814583910103 6.22941201605e-22)
(0.755270511157 -0.448549859633 -3.04048515519e-20)
(0.877043430088 -0.284102843161 1.05670700481e-19)
(0.93834039103 -0.187246160102 -4.6914548837e-21)
(0.973453952546 -0.127778932451 0)
(0.993949628389 -0.0897450302333 5.20555122174e-21)
(1.00568950496 -0.0637539167259 7.13002748929e-21)
(1.01241104649 -0.0451014439252 5.9908587091e-21)
(1.0162996052 -0.0310707429859 1.09377278925e-21)
(1.01849128921 -0.0206582332653 -2.24054958077e-21)
(1.01971628965 -0.00840601471167 2.69918908852e-21)
(0.815240322199 -0.504022047702 -6.84368814534e-19)
(0.907911963214 -0.316883699683 -1.88106389953e-19)
(0.957370427268 -0.206044615468 1.88473170667e-21)
(0.985577299431 -0.13846639423 3.39210897824e-20)
(1.00209960913 -0.0958250244261 -8.10571855759e-21)
(1.01150774399 -0.067230623871 5.10177574241e-21)
(1.01673730598 -0.0470833808768 5.24137793439e-21)
(1.01963259096 -0.0321820586685 -9.48672738679e-21)
(1.02119831265 -0.021266690808 -2.10902604991e-22)
(1.02197544861 -0.0086229581703 1.3247386526e-22)
(0.884786218627 -0.551314350182 -1.99607760335e-20)
(0.942347400788 -0.346287769138 7.22346451697e-20)
(0.97852841585 -0.223570041541 3.70003721141e-21)
(0.998973905803 -0.148553522458 -9.4975506617e-22)
(1.0109667324 -0.101539073962 -2.4835068416e-20)
(1.01772672769 -0.0704454377783 5.37106635968e-21)
(1.02129144443 -0.0488674282481 -3.57224109508e-21)
(1.02308657683 -0.0331444847017 -4.29604180184e-21)
(1.02397496583 -0.0217666325354 1.11046952052e-21)
(1.0242521344 -0.00879252521195 -1.8707800364e-21)
(0.962590232904 -0.589629148153 3.00653485164e-19)
(0.97864926623 -0.371829192685 8.26891438654e-20)
(1.00073868541 -0.239468544128 0)
(1.01325975626 -0.157839908063 -4.36097094035e-22)
(1.02040498301 -0.106790839065 1.97746790632e-20)
(1.02426346941 -0.0733519866041 1.14122627505e-21)
(1.02601926594 -0.0504289936392 -1.56650844398e-20)
(1.02664745033 -0.0339433512868 4.37099557832e-21)
(1.02679647585 -0.0221493732486 -4.15328037595e-23)
(1.02657185274 -0.0089121186074 -3.12320390855e-22)
(1.05103717014 -0.621977167428 -4.36813879378e-19)
(1.0167860406 -0.396882368099 -2.18422832451e-19)
(1.02268667796 -0.255447313387 5.1917561443e-20)
(1.02745423988 -0.166994621048 -1.86849849707e-22)
(1.02992697782 -0.111796725968 -2.314500412e-21)
(1.03090731958 -0.0760016655717 -1.50819922883e-20)
(1.03082082601 -0.0517700390897 3.96410508969e-21)
(1.030244499 -0.0345698423701 5.30044680846e-22)
(1.02963608632 -0.0224064801446 -3.22469310903e-21)
(1.02888576822 -0.00898073892527 -2.78399227973e-21)
(1.15605264602 -0.645499459507 3.04323772604e-19)
(1.06732272687 -0.41803489571 -2.19875245951e-19)
(1.04843022272 -0.272091093787 -3.98721958104e-20)
(1.04263892884 -0.177199627163 -4.18559773197e-20)
(1.03966298021 -0.11740355712 -2.36875946096e-20)
(1.03757699987 -0.0788669470751 -1.15948977236e-20)
(1.0356464435 -0.0531170439179 -5.59390723205e-21)
(1.03384156655 -0.0351164463837 0)
(1.03245490355 -0.0225707534851 -3.96476188004e-22)
(1.03119805878 -0.00899235853842 2.07761626247e-21)
(1.31098934518 -0.631907776344 5.08532525699e-19)
(1.16724755508 -0.418518428443 1.64226442963e-19)
(1.10442782899 -0.273907069469 -1.12365978092e-19)
(1.07470437835 -0.178908164808 7.27593481739e-21)
(1.05854695429 -0.11835549788 9.08558226008e-21)
(1.04924367236 -0.0791509070263 -5.27018086777e-21)
(1.04321680282 -0.0530001384473 3.12177054876e-22)
(1.03902936605 -0.0348327488975 4.54034760396e-21)
(1.03624972246 -0.0222653900316 -3.16355493186e-21)
(1.03416639612 -0.00885324381163 9.01981419456e-23)
(1.36355372363 -0.518765351993 -1.31866397047e-20)
(1.20217271156 -0.357292874294 1.55796086131e-19)
(1.13354293474 -0.24276630137 1.17467638224e-19)
(1.09760315794 -0.163795366322 -1.40443222074e-20)
(1.07489312737 -0.110408380086 5.51081270284e-20)
(1.06055817546 -0.0745167062292 3.58281374182e-20)
(1.05109880958 -0.0500918168901 2.45361322785e-20)
(1.04464241339 -0.0329687803554 -2.42120760216e-21)
(1.04050706098 -0.0210877128617 8.59213539383e-21)
(1.03752008673 -0.00837777704649 3.85533356394e-21)
(1.42142756125 -0.444996519086 -1.41214178723e-19)
(1.25317843394 -0.31830540569 -1.07732886031e-20)
(1.16890557843 -0.220241502751 5.72507295136e-21)
(1.12163940878 -0.15056400164 4.22394969137e-37)
(1.09112922303 -0.102252372174 8.20131983682e-22)
(1.07155078696 -0.0692437960317 -9.83556647918e-35)
(1.05867884609 -0.0465879452694 -2.93653291377e-21)
(1.0500231308 -0.0306509469258 -2.1394549459e-34)
(1.04454174648 -0.0195950617006 8.55352769604e-22)
(1.04066116355 -0.0077813394398 -2.54662278579e-21)
(1.45724701823 -0.36635786914 -2.00994507705e-34)
(1.28977406104 -0.271461721436 -4.10116330113e-20)
(1.19732867457 -0.192241790542 -4.13321073746e-20)
(1.142178495 -0.133661399644 0)
(1.10553516227 -0.0916856192884 -2.32868367154e-20)
(1.08150799832 -0.0623969039607 -1.60040797437e-20)
(1.06559991531 -0.0420643541069 -9.30287176228e-21)
(1.05496159138 -0.0276859365769 -2.63578373486e-34)
(1.04823576734 -0.0177028205535 -2.86452638223e-21)
(1.04351512222 -0.00703168021553 2.4175800726e-21)
(1.48002317131 -0.294979430133 -8.77051933331e-20)
(1.31781190364 -0.225560520142 4.54009768213e-21)
(1.22054651879 -0.162804838862 0)
(1.15949057647 -0.11472582197 0)
(1.11798881106 -0.0793754675687 0)
(1.09023782087 -0.0542736314632 0)
(1.07172543195 -0.0366679487738 -5.77359679223e-22)
(1.05932625775 -0.0241518442892 -2.94714265354e-34)
(1.05152784951 -0.015452506232 7.55119357677e-22)
(1.04604609408 -0.0061416432975 2.89258493256e-34)
(1.49399004233 -0.229229888873 -3.7263235109e-20)
(1.3386530306 -0.180024309148 0)
(1.23886285606 -0.132122296465 0)
(1.17358775696 -0.0941787112123 0)
(1.12832300743 -0.0656558752646 0)
(1.09759559723 -0.0450893347292 0)
(1.07693108251 -0.0305301077439 9.70017986783e-22)
(1.06305636528 -0.0201272102676 5.74610568911e-21)
(1.05431940188 -0.0128884081596 7.09985550663e-22)
(1.0481898815 -0.0051267170115 3.2241272396e-21)
(1.50210361625 -0.168556516221 0)
(1.35347517684 -0.135339174345 -1.30764490364e-20)
(1.25265882245 -0.100700968666 -1.67767187544e-20)
(1.18449756142 -0.0724645810355 0)
(1.13646305283 -0.050845553422 -1.07782047359e-20)
(1.10345241442 -0.0350546485808 -7.69847604613e-21)
(1.08110123015 -0.0237856000324 -4.38895439439e-21)
(1.06605495893 -0.0156962577277 -3.3677343746e-21)
(1.05657445513 -0.0100603485019 4.50666304234e-21)
(1.04990588797 -0.00400561671961 1.40609140523e-21)
(1.5053619757 -0.111822161007 9.135325169e-21)
(1.36215575698 -0.0914649994278 7.07578664084e-21)
(1.26128038705 -0.0686882772428 -4.01073030134e-21)
(1.19144617443 -0.0497766966478 2.92319881397e-36)
(1.14163650286 -0.0351005116935 5.9686141345e-22)
(1.10710862923 -0.0242749086907 -6.13667998521e-35)
(1.08359339581 -0.0165003515727 7.38768626883e-22)
(1.06773174482 -0.0108978389223 3.16497614753e-21)
(1.05771864216 -0.00698559417459 5.86880112062e-22)
(1.05066309001 -0.00277726899791 -1.96853536942e-21)
(1.48432678843 -0.0557318689183 -4.50840831269e-20)
(1.34508078842 -0.0506111441318 1.2209640206e-20)
(1.24677076157 -0.0391744683664 1.30790403586e-20)
(1.17801468354 -0.0287581869706 0)
(1.12865200514 -0.0204123992246 7.75638778837e-21)
(1.09422607056 -0.0141657847364 5.49340437588e-21)
(1.07069532232 -0.00964696927946 4.38349646293e-21)
(1.05480451915 -0.00637854818036 2.42983635258e-21)
(1.04477196184 -0.00409029481118 -2.29115044253e-21)
(1.03768115731 -0.0016230290863 2.41021610409e-21)
(1.11112786162 -0.00315294271424 0)
(1.02271174111 -0.00701644099436 0)
(0.953988595661 -0.00624449020223 0)
(0.904066101585 -0.00476422128135 0)
(0.86759491367 -0.00342647122942 0)
(0.841963954503 -0.00240006525981 0)
(0.824341677291 -0.00164518169419 5.74560617638e-22)
(0.812381759093 -0.00109733878573 -3.61203434596e-36)
(0.804786565025 -0.000690577739041 5.80674271197e-22)
(0.79943140476 -0.000262464304946 1.80631740043e-21)
(2.12713755682 -0.0261874277548 8.64879203407e-19)
(2.11763941709 -0.132664497202 5.99679455658e-20)
(2.09034048607 -0.236929848994 -1.30109391084e-19)
(2.0453617987 -0.336781866573 -3.37549663673e-19)
(1.9848517208 -0.430124327405 -1.1989512543e-19)
(1.90727643906 -0.516721872537 -1.76191152965e-19)
(1.82404139341 -0.587274418439 -4.09719138032e-19)
(1.71142587183 -0.664086046037 1.3318385328e-19)
(1.63424188246 -0.683580402788 0)
(1.46800077802 -0.772304308304 3.37661106905e-20)
(2.04090201175 -0.0191966227463 2.13724471671e-19)
(2.03311255533 -0.098856657841 -3.34310838533e-19)
(2.01217704955 -0.177558433278 8.63115563386e-22)
(1.97679950405 -0.254328154499 -1.32710293955e-19)
(1.9323854122 -0.326000513649 1.34085462152e-20)
(1.86939633951 -0.398242963317 1.14784330238e-19)
(1.8125842601 -0.448486453751 3.4900060911e-20)
(1.71808278863 -0.528814814056 9.8564769687e-20)
(1.66666485447 -0.529144949184 -1.20112672778e-19)
(1.54945482313 -0.624284329543 2.18137436935e-20)
(1.96706335442 -0.0142614882809 -1.14064872419e-19)
(1.96119408579 -0.0775467375268 2.03912813033e-19)
(1.94510653767 -0.13967666255 1.89527132179e-19)
(1.91677769444 -0.20062056046 -2.19531170886e-19)
(1.88242181615 -0.256568155102 1.085235243e-19)
(1.83147668311 -0.316076619383 1.0284780515e-19)
(1.78754332931 -0.353222264297 -7.06470613264e-20)
(1.7138452239 -0.424676707524 8.35394728664e-20)
(1.66768075312 -0.422382840325 8.40681533326e-20)
(1.58219905036 -0.50648215491 1.07938412279e-19)
(1.91031990244 -0.0131746545397 -1.84909533428e-19)
(1.90562817938 -0.0616816970667 5.41926765083e-20)
(1.892272299 -0.109446514875 -1.15412140304e-19)
(1.86873901782 -0.156954425951 -6.80276663886e-20)
(1.84000998797 -0.200483935933 4.155814137e-20)
(1.79840930773 -0.248335109294 -1.03880719804e-19)
(1.7604125931 -0.277596880283 7.34579866215e-20)
(1.70304678977 -0.336273693072 3.05564680657e-20)
(1.66001509399 -0.335984998304 -1.77053927154e-20)
(1.59586774434 -0.40442117943 8.25164703321e-21)
(1.86603034456 -0.0112385823554 5.58735998082e-20)
(1.86216847963 -0.0482126229377 4.22528451601e-20)
(1.85067644658 -0.0845929144286 -6.52563692582e-20)
(1.83073599772 -0.120948892915 2.29694488966e-19)
(1.80556528384 -0.154319458595 1.79067919084e-20)
(1.77099409601 -0.191334666864 -1.30270098513e-19)
(1.73667863131 -0.214530152548 1.95903133243e-20)
(1.6908483799 -0.259813842394 -8.5372551171e-20)
(1.65117280735 -0.261727633038 1.17336454639e-19)
(1.60033074577 -0.314440945729 8.53236181079e-20)
(1.8324661861 -0.0105737109436 -9.98948671527e-20)
(1.82928841925 -0.0376563639518 -5.7560601843e-20)
(1.8190949008 -0.0643129730554 3.82626365789e-20)
(1.80165096613 -0.0910614285167 7.86058638291e-20)
(1.77885727554 -0.115824276336 3.01072181248e-20)
(1.7491036629 -0.143306217071 -3.90749205752e-20)
(1.71735186381 -0.161338347512 3.02388807069e-21)
(1.67889923815 -0.194855568842 5.81590315655e-20)
(1.64203718537 -0.198224116379 1.09251046957e-19)
(1.59915299238 -0.237407311546 -5.29407091075e-20)
(1.80798495724 -0.0103433562704 -4.28168687711e-20)
(1.80540042632 -0.0288668794109 -7.74480590612e-20)
(1.7961863103 -0.0470722780608 -4.55666789649e-20)
(1.78050113531 -0.0654242541032 -9.4649346777e-20)
(1.75933263562 -0.0826231102657 -2.50785160789e-20)
(1.73269944395 -0.101803374191 -7.5339287466e-21)
(1.70271015812 -0.115000808466 4.82261468825e-20)
(1.66872104168 -0.138676762269 -1.91584431246e-20)
(1.63403482124 -0.142416800391 -3.05040904192e-20)
(1.59566229585 -0.170514317124 1.19653857435e-20)
(1.78735127017 -0.0100469264309 3.34499236173e-20)
(1.78583614325 -0.0208769970409 3.59184404858e-20)
(1.77800485487 -0.0314274888919 1.25337903028e-20)
(1.7642044819 -0.0420568308741 -2.17106626491e-20)
(1.74482771611 -0.0521507341751 -1.73925762009e-20)
(1.7207180374 -0.0637883692842 3.85278677722e-20)
(1.6922848039 -0.0720602587109 -5.39183834907e-22)
(1.6610625992 -0.0875046744897 -5.0779914997e-20)
(1.62790115501 -0.0903968571138 1.2187605226e-20)
(1.59191531022 -0.110311727925 4.98279273794e-20)
(1.71468001357 -0.0142015247747 -2.13922485523e-20)
(1.71470121585 -0.0167209485442 6.2397117645e-21)
(1.71100835242 -0.018899031166 3.57781401755e-20)
(1.70316206618 -0.0211177722433 3.92227339754e-21)
(1.69074045683 -0.0231077701327 -7.89114138345e-22)
(1.67466944614 -0.0264879059599 -1.09022723158e-20)
(1.65358346728 -0.0280605419783 2.24177243868e-20)
(1.63085137623 -0.0353388971042 -3.1254784878e-20)
(1.6022147032 -0.0350934561981 3.55531195755e-20)
(1.57560118379 -0.0471220176823 1.19094846404e-19)
(1.12428535009 -0.00838407104573 2.9006373384e-20)
(1.11635725061 -0.00554644541542 1.7966179544e-20)
(1.11148458244 -0.00272883050908 1.41974658069e-20)
(1.11001274189 -4.53099674439e-05 1.46600091428e-20)
(1.11106775264 0.00245398843294 -7.13727799392e-22)
(1.11531741318 0.00449214022721 6.53304734318e-21)
(1.11864523289 0.00659475558324 -9.86027622717e-21)
(1.12788884451 0.00640064524258 3.17038276642e-21)
(1.12568393365 0.00944378719045 -5.00457885306e-21)
(1.14268022069 0.00475678259639 5.59161662627e-21)
(1.38314046374 0.75089187354 -5.56912493564e-20)
(1.36703281906 0.802376835034 2.34550428006e-20)
(1.37178125977 0.858503467748 -4.84675170645e-19)
(1.38233682685 0.92113981985 2.07512748501e-19)
(1.39266601922 0.988245120128 9.11326078681e-19)
(1.39883710775 1.05674642917 -1.32197832532e-19)
(1.38370008686 1.11359638899 -8.80213575278e-19)
(1.28716614938 1.1022767495 -2.03688924604e-20)
(0.9840891169 0.886713044488 -4.17924266968e-19)
(0.39832765707 0.358718569417 1.69645614964e-19)
(1.54868119502 0.724746069869 0)
(1.54063680309 0.774232172376 5.59425278568e-19)
(1.54118043751 0.82663275644 1.26714825339e-18)
(1.54869841035 0.88720674685 -7.70596977633e-19)
(1.56052072206 0.953808706453 -1.84395521787e-18)
(1.57092967581 1.02268947625 -1.38548541896e-19)
(1.5586339664 1.08000782309 -1.78806234294e-19)
(1.45322473169 1.06913020664 6.60395981886e-19)
(1.10948654556 0.856772402434 8.53110166832e-19)
(0.443731715015 0.339876391731 3.54654015519e-19)
(1.68797819047 0.703065856709 6.30177142989e-20)
(1.69270317056 0.749023818093 0)
(1.69856666073 0.797238206765 -6.48662493115e-20)
(1.70972061404 0.852491817059 7.79125992338e-19)
(1.72575908378 0.913866892085 5.20651494924e-20)
(1.74080175146 0.978283294565 -1.91798747107e-18)
(1.73064248604 1.03180569372 1.25069189062e-18)
(1.61498226665 1.01886443974 7.95280699772e-19)
(1.22923649319 0.811966057775 -7.67295030438e-19)
(0.48459955679 0.314307795123 -2.76782584023e-19)
(1.80076202747 0.667792786315 -1.27825994031e-19)
(1.81697777747 0.709326327821 -1.00412943171e-19)
(1.83313737503 0.753146616378 2.27579512663e-19)
(1.85321194418 0.802897339238 -2.86451227208e-19)
(1.87716578169 0.858368508369 -1.37524141251e-18)
(1.89902977637 0.916973779976 -1.08058382409e-18)
(1.89175873489 0.964868381904 1.20633121529e-18)
(1.76517569965 0.948592738429 8.1917180095e-19)
(1.33654217943 0.749953421171 0)
(0.51633491521 0.280423227116 0)
(1.8968160146 0.610092852714 -7.82263897467e-19)
(1.92248834849 0.647415292678 -1.39639283055e-18)
(1.94907344915 0.687081265719 -5.52994959569e-19)
(1.97912849339 0.731674926326 -3.28966524652e-20)
(2.01221197916 0.781246113013 0)
(2.04174140784 0.833497608712 1.38569827224e-19)
(2.03722554878 0.874881025231 1.64971017313e-19)
(1.89845387876 0.85519380679 2.13652461699e-19)
(1.42617965387 0.66931881339 -3.23487666692e-19)
(0.535611299429 0.238651062012 -8.03928521925e-20)
(1.98326973588 0.531420396281 9.53329677595e-19)
(2.01605612358 0.564607145416 -4.05523067587e-20)
(2.05108279512 0.599953696716 -1.14223640275e-18)
(2.08977498147 0.639207531212 0)
(2.1311249631 0.682495036243 0)
(2.16741269475 0.727754319404 0)
(2.16416741552 0.761927827654 1.53586788861e-18)
(2.01105019627 0.739351710327 -1.87874066518e-18)
(1.49498602795 0.572148376369 -1.06936764494e-18)
(0.540779042321 0.191612026102 -9.0881612018e-20)
(2.06022937324 0.436995969631 -1.28210546398e-18)
(2.09818030991 0.465418183953 -2.71086185504e-18)
(2.1395362874 0.495544842008 -4.78814532902e-21)
(2.18496889486 0.52862730186 5.67883685835e-19)
(2.23291636043 0.564827613302 -3.98174908607e-20)
(2.2742054181 0.602270108019 1.30820933572e-18)
(2.26987641025 0.628986456305 -7.76380246831e-19)
(2.10037516273 0.604123288228 -2.38977579624e-18)
(1.54014953364 0.462946151716 1.77642989161e-19)
(0.532235320269 0.143638701888 1.2236223196e-19)
(2.12429447411 0.331237588609 -1.03596082172e-18)
(2.16613070477 0.353798816477 1.51611191069e-20)
(2.21217495818 0.37750092789 4.10433572827e-19)
(2.26263037321 0.403379402947 -4.06787390195e-19)
(2.31541374835 0.431603531966 6.49390691137e-19)
(2.35976199987 0.460610117545 1.85445045803e-18)
(2.3520971786 0.479319090103 -2.1782476604e-19)
(2.16257871081 0.455363008703 -1.39103606043e-18)
(1.56073095198 0.34742135538 2.7278665809e-19)
(0.511979364264 0.0967230640212 1.29223315406e-20)
(2.1720020371 0.217137198279 4.01427497374e-19)
(2.21679613338 0.232967462873 7.65534303368e-20)
(2.26626396935 0.249231252359 -4.3487848666e-19)
(2.32017714902 0.266949623805 -1.05423408249e-18)
(2.3761284619 0.286231207073 8.69312043235e-20)
(2.42149089566 0.305955128132 8.60918407139e-20)
(2.40806266567 0.319496131635 -1.69850931439e-18)
(2.19647193343 0.29791701646 7.79247031068e-19)
(1.55673338484 0.227514232184 1.92196621809e-19)
(0.481760876269 0.0534805080047 -1.21866442877e-19)
(2.20167423974 0.097004761736 7.88845264036e-19)
(2.24840008187 0.10515371809 -1.22403734267e-18)
(2.2998030798 0.113501728713 1.80798844098e-19)
(2.3556845147 0.122552733832 2.61238178972e-18)
(2.41302750482 0.132434001943 1.36369087623e-18)
(2.4572461449 0.14177233813 -3.25372474646e-18)
(2.43507584069 0.151562216756 -3.42589833209e-18)
(2.20237359812 0.13969152775 1.75697063132e-18)
(1.52887903584 0.108069889045 4.23271383804e-21)
(0.442847695046 0.0127985335143 1.08525546217e-19)
(0.514305737985 0.206750160635 -1.67424255148e-19)
(0.47774352429 0.213936942155 -1.49797278612e-19)
(0.434533836751 0.221740834562 8.41382070341e-20)
(0.385778721293 0.230111071701 -2.73128470488e-19)
(0.332053014171 0.239081410874 -3.36325828042e-20)
(0.27299863934 0.248506418246 2.1903263096e-19)
(0.207341237801 0.256510932413 5.05449344815e-20)
(0.134732368277 0.253572483416 -1.86048397393e-20)
(0.0623367173362 0.213068663385 4.81874212814e-21)
(0.00981243242892 0.10141430444 1.49650534574e-20)
(0.54204195676 0.307620584635 1.35125975184e-19)
(0.506247710114 0.321758534992 1.87185602261e-19)
(0.464397420672 0.3373539194 3.34988033535e-20)
(0.417274912423 0.354074220993 -7.32845773886e-20)
(0.365305009091 0.371900945315 -2.51416343707e-19)
(0.30809828315 0.390605915755 5.43466823264e-21)
(0.244015743716 0.406947782872 1.11758809035e-19)
(0.171108276005 0.404409201036 1.68091531303e-20)
(0.0929707562643 0.338025638228 -6.95256172415e-20)
(0.0244891944378 0.156949400326 -2.20265115371e-20)
(0.587023220134 0.404210018958 -1.41619351113e-19)
(0.552613981357 0.425085628335 -1.43325672722e-19)
(0.513128183392 0.448091862926 1.2493002801e-19)
(0.468789157927 0.472728068248 1.07524915142e-19)
(0.419763948531 0.498969040475 -6.0173747849e-20)
(0.365623635616 0.526494866853 -7.35158200057e-20)
(0.304112297398 0.550714478674 -8.28882324726e-20)
(0.230524946359 0.548345617377 -2.34912241988e-20)
(0.142507575587 0.456685856425 -4.26390882011e-20)
(0.0476413778401 0.208898806811 3.14766086632e-21)
(0.648216745438 0.494325785407 7.22071528988e-20)
(0.615781015438 0.521633325939 -1.66899552202e-20)
(0.579587319221 0.551501722681 -1.02793091302e-19)
(0.539106433083 0.583422380393 3.26562373718e-20)
(0.494153829014 0.617440484692 -7.44488721042e-20)
(0.444247503816 0.65312668495 1.77441937598e-20)
(0.386277544809 0.684570383206 -1.68943208397e-19)
(0.311632618843 0.682102522767 1.02218221695e-21)
(0.20945542206 0.566329588491 -2.29231097595e-19)
(0.0782723078088 0.25581086728 4.45508112e-20)
(0.72419469271 0.575993077954 -1.90595142071e-20)
(0.694269799743 0.60933336657 -3.57221571651e-21)
(0.662228655645 0.64536163988 -4.08919109235e-20)
(0.626637881047 0.683767285267 -1.72800542137e-19)
(0.586852712284 0.724744373401 7.85285553554e-20)
(0.542291291461 0.767734350376 -3.27492113901e-20)
(0.48876713278 0.805545907007 9.46720966164e-20)
(0.41277001353 0.802561785415 -7.47253237299e-20)
(0.292079674796 0.664335069474 2.87839323025e-19)
(0.115355876644 0.296613728442 2.11271825499e-19)
(0.813012482511 0.647567655246 -1.8688721615e-20)
(0.785946670492 0.686200313876 -8.54467078788e-20)
(0.758668442198 0.727319613763 1.09214757636e-19)
(0.728780961307 0.771114712009 8.42074466853e-20)
(0.695121083428 0.818031707891 2.31091217298e-19)
(0.656940968546 0.867326476314 1.47808245914e-19)
(0.608695131395 0.910508064751 4.49124251832e-19)
(0.531082382442 0.906465581932 1.99800414771e-19)
(0.388295024422 0.747568876717 1.56482764109e-19)
(0.157856229651 0.329717314527 1.87412941318e-19)
(0.912530308751 0.707025827552 -9.02247027391e-20)
(0.889373257127 0.750303051918 3.20281160111e-19)
(0.868169145005 0.795574756167 2.07951183057e-19)
(0.845244021709 0.843595078004 -2.5444821231e-19)
(0.818743703832 0.895226930932 -1.37195505638e-19)
(0.787731790984 0.949614543668 4.89280471853e-19)
(0.745155867342 0.9970811146 -9.15772324789e-20)
(0.665164990006 0.991616481785 -3.28261144654e-19)
(0.496452540051 0.814372745088 -4.58148655239e-20)
(0.204553827904 0.35423025007 1.92620234408e-19)
(1.01394891618 0.75481359782 1.63955322179e-19)
(0.993769426285 0.800804341381 5.03700927771e-20)
(0.979089084236 0.848356639918 -5.47602691634e-19)
(0.964692226152 0.899304276464 8.02025784454e-20)
(0.947543724467 0.954598086172 3.82385248222e-19)
(0.92599441465 1.01290599652 -2.52246584806e-19)
(0.890891840869 1.0632751696 -6.76053077339e-20)
(0.808858155673 1.05547389098 -1.42611308407e-19)
(0.611607915335 0.862155384214 1.32145953346e-20)
(0.252905706858 0.36892893005 -2.85344877111e-19)
(1.13507756249 0.776766434475 2.00450544851e-20)
(1.12237913345 0.826273072612 -3.62591223779e-19)
(1.1149485759 0.87554093649 -3.05335873027e-21)
(1.10714650372 0.928482992089 3.28656193536e-19)
(1.09647436294 0.987022395672 -3.38808299852e-19)
(1.08169039845 1.04932045401 6.97362950633e-19)
(1.05175544173 1.10303797503 4.97581743019e-19)
(0.965011985276 1.09445999759 -7.74311985453e-19)
(0.734618732382 0.890048831509 -4.0289432283e-20)
(0.30273203961 0.374422537461 -2.7790403095e-19)
(1.20985085272 0.795286295439 -2.20702874457e-19)
(1.21000789639 0.845894025077 -2.21098386567e-19)
(1.22233917986 0.897077191398 2.32309520282e-19)
(1.23291891287 0.950994779118 5.68475967443e-19)
(1.23755370118 1.00965211497 2.17820038402e-19)
(1.23554018196 1.07181442567 -5.93927107505e-19)
(1.21429141373 1.12481760703 6.02548232748e-20)
(1.12384304546 1.11279804199 1.75838852468e-19)
(0.858720780483 0.899225686743 -2.08299952392e-19)
(0.351312977048 0.370992724079 -1.95317112719e-19)
(0.813464987994 0.0221369899403 -5.03495956058e-21)
(1.16610838554 0.0423878001489 -1.34065448213e-20)
(0.908534161998 0.0487453784452 -2.67053562798e-20)
(1.03352180422 0.0515263731084 0)
(0.997843783562 0.059021472968 1.61581762223e-20)
(0.974376560158 0.0699723733691 2.10247316182e-20)
(0.94922159528 0.0850526040325 2.69696643105e-20)
(0.898530881796 0.104871968005 5.47073887702e-20)
(0.834104526742 0.132863275598 -8.19148737811e-20)
(0.664673647548 0.170377944525 -9.22983310847e-20)
(0.812930158821 0.0189888967511 3.33558468221e-20)
(1.1659971048 0.0422094687568 -3.9333101811e-20)
(0.908961231669 0.0508493804927 1.79186985957e-21)
(1.03526820196 0.0529471807074 -8.52007439479e-21)
(1.00050823348 0.0627252736676 8.63772276645e-21)
(0.978359367064 0.0761962410861 -1.06575399686e-20)
(0.954541649672 0.0958783535992 -6.77215725508e-20)
(0.906693420051 0.122716446695 0)
(0.843952875087 0.169878832909 1.74603695218e-19)
(0.687181183018 0.235110794183 -2.3304757207e-19)
(0.812161609038 0.0159875805179 -1.45885800612e-20)
(1.16607644944 0.0418873303954 1.68873794089e-20)
(0.909290788004 0.0527050699703 3.97000662743e-20)
(1.03753600931 0.0541418730907 1.55168138347e-20)
(1.00353921842 0.066213277197 -2.12519617205e-20)
(0.983053567118 0.0822303707832 7.80489299274e-22)
(0.960936537039 0.106476031109 -4.84384284474e-20)
(0.917783024498 0.140482790194 -3.80551347223e-21)
(0.857476881276 0.206265934483 2.790375867e-22)
(0.72271671596 0.297670041689 5.83222605294e-19)
(0.811153538686 0.0132453813663 -3.66385891673e-20)
(1.16628567504 0.0414188849708 -7.83529544043e-21)
(0.909536530555 0.0542649015626 2.49963449191e-20)
(1.04032867796 0.0551125860418 1.39977754329e-20)
(1.00694566898 0.0694675247472 -9.79760887517e-21)
(0.988454906133 0.0880286071106 -1.21490613529e-20)
(0.968497662731 0.116747409059 7.27818486055e-20)
(0.931681390596 0.158050257383 -1.03014682682e-21)
(0.874859025232 0.241755640478 -2.17833640075e-19)
(0.770568654369 0.356739873876 6.28530658274e-20)
(0.809897123517 0.0108087892432 2.49917952157e-20)
(1.16656330415 0.0407780683703 -2.45872499033e-20)
(0.909727660384 0.055479087197 -1.67602752626e-20)
(1.04364184905 0.0558649068889 6.45882527975e-21)
(1.01072860295 0.0724697282938 0)
(0.994557405973 0.0935484633683 0)
(0.97732592832 0.126622260237 6.23475448407e-20)
(0.948254384102 0.17526903029 -4.07326646826e-23)
(0.896297028883 0.275891627977 -1.05804105107e-19)
(0.829853885886 0.411336647369 8.38425393879e-20)
(0.808391315578 0.00873478244523 8.44939195125e-21)
(1.16681790986 0.0399304741917 1.18912155671e-20)
(0.909901671121 0.056300208678 -5.43108064471e-20)
(1.04748381563 0.0564095754502 -3.32765560867e-20)
(1.01487178779 0.0752000021287 4.17554476238e-22)
(1.00135315601 0.0987535870705 5.05845128347e-20)
(0.987509202314 0.136068660124 9.77715963218e-20)
(0.967290700459 0.191936028594 -8.58921938042e-22)
(0.922102831496 0.307416956581 1.74964351183e-19)
(0.89958206068 0.461865480128 -1.88004154526e-19)
(0.806630251104 0.00710254510716 -2.07561615268e-20)
(1.16695286475 0.0388310255205 1.35754178062e-20)
(0.910108094705 0.0566852793503 -2.17890792489e-20)
(1.05185972793 0.0567628466728 -5.6316526309e-20)
(1.01936273356 0.0776323422108 -8.76874168836e-22)
(1.00884683322 0.103611503933 -1.0702178622e-21)
(0.999103463586 0.145055431173 -6.03918229703e-21)
(0.988375063302 0.207956244029 -1.74610556445e-19)
(0.953016055068 0.334457370975 1.3001469522e-19)
(0.977444969085 0.507250006656 -4.4948857318e-19)
(0.804603976651 0.00598790913418 -9.08491857043e-21)
(1.16688720663 0.0374058080718 -1.59571890402e-20)
(0.9104119272 0.0565968535208 3.33812521442e-20)
(1.05675937657 0.0569426023962 4.21229154226e-20)
(1.0241644986 0.0797267769427 -3.11824895037e-22)
(1.01704501124 0.10807495861 -5.95462529042e-20)
(1.01214553166 0.153444106465 -5.40006963313e-20)
(1.0111022007 0.22346061736 3.14863225621e-19)
(0.989727959089 0.357772071621 1.17296383667e-20)
(1.06165727026 0.553961729492 7.27801945241e-19)
(0.802298632372 0.00548371090493 1.94222680313e-20)
(1.1666622379 0.0355797762922 3.96823740504e-21)
(0.910898819187 0.0559728736899 6.20518294227e-20)
(1.06212147019 0.0569617247378 -4.35554504212e-20)
(1.0292136139 0.0814435197002 -5.99912329985e-20)
(1.02587114327 0.112072332298 1.23208277185e-21)
(1.02654187557 0.160781985116 -7.40970558533e-20)
(1.03551598037 0.236452920566 4.09382538903e-19)
(1.03567803716 0.369959794258 -7.47221202555e-21)
(1.14662480631 0.578365133245 -9.87724522452e-19)
(0.799764397505 0.00589788355035 -2.25689461487e-21)
(1.16718384429 0.0336405162949 6.52352031043e-22)
(0.911369930079 0.0547973580128 1.05953572227e-21)
(1.06804991454 0.0569301361426 -9.27516398054e-20)
(1.03430072698 0.083048192475 -5.81098225905e-20)
(1.03444111983 0.116538636276 -5.10332894912e-20)
(1.03962889659 0.170251593444 -1.32461982784e-19)
(1.05514257204 0.255504461983 -3.78235383205e-19)
(1.07655232786 0.396883226023 -2.20774389426e-19)
(1.23727969308 0.644946554093 -1.03926401934e-18)
(0.797406251766 0.00570945398727 6.23267164141e-21)
(1.17030175972 0.0305164183307 6.24075344591e-23)
(0.912730203598 0.0518533206677 -5.82852247218e-21)
(1.07459442696 0.0558163945001 8.98496219701e-21)
(1.04347414248 0.0817849897003 4.75107074735e-20)
(1.04938810174 0.116155818588 -3.53512818891e-20)
(1.06385384086 0.169955871663 1.17714965668e-19)
(1.09354077296 0.252908713169 -3.72377435337e-19)
(1.14306146698 0.375322825919 -1.61380393865e-19)
(1.24710645328 0.631585454751 5.36475627833e-19)
(0.797894364558 0.00306941151812 -9.16898648434e-21)
(1.17461875174 0.0263587344556 7.34584949949e-21)
(0.916980098814 0.0462985296277 -2.04977645695e-20)
(1.08017608332 0.0527947163669 4.07711071907e-20)
(1.05443273112 0.0771330841756 7.55159235753e-20)
(1.06556889162 0.110385776345 1.05028287436e-19)
(1.08846033459 0.160652606344 2.4946313815e-20)
(1.13215748726 0.235901422263 1.94495408202e-19)
(1.19633187397 0.341834122111 2.50148583735e-19)
(1.32734595399 0.537444908648 5.1610096632e-21)
(0.798107944532 -0.000202196765548 5.72108864014e-21)
(1.17940997992 0.0218346139223 5.59217817997e-21)
(0.921701749866 0.0404892402201 1.98751560448e-20)
(1.08586038028 0.0486340901052 1.6126209754e-20)
(1.06497176047 0.071213243899 2.09366171649e-34)
(1.08075169633 0.102354952016 -6.84353871377e-21)
(1.11065762421 0.147954936273 -4.82088669189e-34)
(1.16519518883 0.214401478496 1.70122280831e-20)
(1.23508486449 0.300083231421 -5.17250422902e-20)
(1.38976479601 0.458773883296 -4.60909150664e-20)
(0.798396070178 -0.0044709981073 9.12963611725e-21)
(1.184275388 0.0166319548433 4.73776189724e-35)
(0.926535818626 0.0343323645257 -2.02092599345e-20)
(1.0914373184 0.0434108668958 -1.50566584921e-20)
(1.07467807989 0.0639718260154 -2.9873753976e-20)
(1.0944989685 0.0922078041605 -3.58697574191e-20)
(1.13020098482 0.132317235644 -5.9424466235e-34)
(1.19250962265 0.189576050544 -8.42954861908e-20)
(1.26613774176 0.256673408698 -1.21556340912e-19)
(1.43124451987 0.382043739539 8.25659129199e-20)
(0.798862617878 -0.00991028719968 0)
(1.18944166337 0.0108068732932 -1.92269656184e-36)
(0.931408271748 0.0279098645208 0)
(1.09673390238 0.0373178157072 0)
(1.08336420691 0.0555594605366 0)
(1.10652393312 0.080277079673 0)
(1.14694668581 0.114393603568 -3.54239975358e-34)
(1.214413581 0.162269195059 0)
(1.29117151351 0.213227561536 -1.91452318129e-20)
(1.4556600202 0.309753697613 4.97425947676e-20)
(0.799596307255 -0.0164176826572 -4.78367111732e-21)
(1.19515417251 0.00446872986797 -2.9126404798e-21)
(0.936310037504 0.0214013917731 -2.0878582813e-20)
(1.10157915585 0.0305746176179 0)
(1.0908750489 0.0461754308385 0)
(1.11668327744 0.0669194473249 5.77525741176e-21)
(1.16078393594 0.0947801562247 2.47378650216e-20)
(1.23142326291 0.133240360799 -1.27060663327e-20)
(1.31070871241 0.170746149358 -2.80010410598e-20)
(1.46894254261 0.242036901186 1.91462612235e-19)
(0.800682239646 -0.0253207973126 -7.99393104188e-20)
(1.20171011618 -0.00250496632698 4.12585044558e-21)
(0.941230226929 0.0150129221666 -2.12115371868e-20)
(1.10582676605 0.023415517733 -4.55166189268e-21)
(1.09705431788 0.036030379908 -9.986535353e-21)
(1.12484736835 0.052467110067 -8.36625752126e-21)
(1.17169120058 0.0739502808813 -1.86217614011e-20)
(1.24413276156 0.103137431335 -3.51684909015e-20)
(1.32518735405 0.129563165192 -4.83371352926e-20)
(1.47557491422 0.178989969501 6.38545995151e-20)
(0.802181322951 -0.0322287702098 4.40487372205e-21)
(1.20950174156 -0.0092918215818 2.48437299239e-21)
(0.94586680787 0.00954756694384 -2.10192415784e-20)
(1.10889858196 0.0160762903563 -1.24722717145e-20)
(1.10141104126 0.0252927959612 2.07387480732e-35)
(1.13060167025 0.0371811123238 6.23636697256e-21)
(1.17937008689 0.0521941265967 -8.50529694826e-34)
(1.25276975154 0.0722590787934 -1.28501470682e-20)
(1.33478788968 0.0893074079154 1.72153326118e-20)
(1.47844030426 0.118991913387 2.42303831169e-20)
(0.800420222298 -0.0556163858601 1.55895375122e-19)
(1.20348927039 -0.0186267481909 -1.08410323643e-20)
(0.937624030513 0.00226913279406 -2.17194988155e-20)
(1.09839456334 0.00986859568653 2.31282728042e-21)
(1.09164705663 0.0148431035804 2.19694025394e-21)
(1.12181543664 0.0223264443488 1.16143885441e-20)
(1.1718563765 0.0312591600088 6.34488099976e-21)
(1.24587311358 0.0430947475769 -5.59235959652e-21)
(1.32779557614 0.052437187317 -2.1213446739e-20)
(1.4687214242 0.0672044186246 1.34477808467e-19)
(0.721255897264 -0.0364202180091 -4.49895442975e-22)
(0.962307212426 -0.0168442363161 -2.74141358411e-35)
(0.713974005233 0.00280791369045 -2.25797165692e-20)
(0.862332403113 0.000495486096364 0)
(0.847997002233 0.00291503978544 0)
(0.873489918825 0.00445587869339 6.45079495201e-21)
(0.915944778405 0.00615040172826 -8.43929449669e-36)
(0.977526361783 0.00870675035203 -1.27178033847e-20)
(1.04683160122 0.0102611813035 -2.49037092459e-20)
(1.1554243931 0.0124394323672 5.19874942003e-20)
(1.47956039404 0.623143463039 -1.58815578102e-19)
(1.57579552331 0.613787934112 -2.63544206379e-19)
(1.67592162008 0.606686481559 0)
(1.7671858969 0.581673260258 1.11904839043e-19)
(1.84864578081 0.53194050289 5.26410772796e-19)
(1.92412685099 0.461249713292 -1.10509635179e-19)
(1.99269422081 0.376313668607 1.50515943701e-18)
(2.04999871302 0.282497069657 -7.96528788134e-20)
(2.09266535135 0.182687083058 -3.29382949415e-19)
(2.11864967873 0.0800626336354 3.18095169327e-19)
(1.51558704304 0.512450976824 6.74529131738e-20)
(1.58029051598 0.50947875332 1.02371699718e-19)
(1.65940224613 0.496136122844 -8.82542318828e-21)
(1.74137832115 0.463009017148 1.78716673376e-19)
(1.81514041247 0.414084915745 -1.49059143747e-19)
(1.88004778359 0.354286603341 -3.55366874431e-19)
(1.93625378626 0.28696502634 -1.14060345842e-19)
(1.98175151338 0.214452818001 4.84129030836e-19)
(2.01500149183 0.138502729834 -2.14301442693e-20)
(2.03479378422 0.0603170838435 -4.21113338059e-19)
(1.5495642184 0.406208213186 8.71829539714e-20)
(1.59961757684 0.396871221372 1.55278944687e-19)
(1.65902128166 0.385279682956 -3.18674074747e-19)
(1.72451977754 0.361468284841 7.02114766167e-20)
(1.78420844772 0.325883258748 4.37161616506e-19)
(1.83591018311 0.280988757632 -2.38932783474e-19)
(1.88078653706 0.228899291565 -5.12793957193e-19)
(1.91774456631 0.171807659337 -1.94947402278e-19)
(1.94517394358 0.111474136194 2.76948150614e-19)
(1.9616757788 0.0490281032182 -2.40417755408e-19)
(1.5660375314 0.326127011268 3.06192503959e-20)
(1.60692143673 0.315787294671 0)
(1.65238937931 0.305812640332 1.75332724393e-20)
(1.70512317701 0.28550442494 1.76581542131e-19)
(1.75528195524 0.255118008418 2.97983083122e-19)
(1.79902697981 0.217812060601 1.45204925676e-19)
(1.83682444658 0.175791182207 -6.21981282816e-20)
(1.86802346228 0.13063031095 -2.13908029789e-19)
(1.8911942617 0.083549419314 1.46057222894e-19)
(1.90537159633 0.0353352463635 6.75817507569e-20)
(1.57217508528 0.258164216991 1.17345823202e-20)
(1.60827300002 0.247113528149 -5.89544780988e-20)
(1.64530874868 0.237064313954 -1.15831954742e-19)
(1.68875454244 0.219639411942 5.90188831244e-20)
(1.73160656817 0.194956583427 7.2352209483e-22)
(1.76933912202 0.165564388349 9.03387355557e-20)
(1.80186260858 0.133024983687 1.4193452047e-19)
(1.82881207877 0.0983450413897 -1.38252353632e-19)
(1.84904480351 0.0623633372729 3.3766278497e-21)
(1.86158593202 0.0256991337459 1.56954046403e-19)
(1.57261322569 0.198769570565 -1.90934530671e-19)
(1.60568761976 0.188375574425 -2.37945663916e-19)
(1.6373418366 0.178862729135 4.79422625051e-20)
(1.67433776217 0.164229257732 2.07090936973e-19)
(1.71195531483 0.144511298991 -3.83870939869e-20)
(1.74554828937 0.121620544312 -8.29069905648e-20)
(1.7744994755 0.0967577000254 1.15147615849e-19)
(1.79858589379 0.0706238187371 -4.8865489895e-20)
(1.81682183381 0.043780803958 -1.4689983203e-19)
(1.82826429183 0.0165986030267 -6.21015023313e-20)
(1.57022856173 0.145271330555 3.51394429785e-20)
(1.60112536551 0.136322148727 3.97325733726e-21)
(1.62924259223 0.127728221747 -6.10889175113e-21)
(1.66202937078 0.115642428663 1.39899847752e-19)
(1.69617125135 0.100305627793 1.96912371752e-19)
(1.72702595497 0.0831232070279 -2.02532400273e-19)
(1.75366290873 0.0649534355099 -6.8822414824e-20)
(1.77591424432 0.0462521178396 1.32716483767e-19)
(1.79289690851 0.0273428686331 9.18860462075e-20)
(1.80376317563 0.00841442278383 2.39725171876e-20)
(1.56576582724 0.0949060636185 -1.24102425394e-19)
(1.59459269199 0.087500874908 6.84616006286e-21)
(1.6198731791 0.0798190039274 2.44688190173e-19)
(1.64972575009 0.0700840333994 5.95347948303e-21)
(1.68144077462 0.058794956462 -7.29436102194e-20)
(1.71025996862 0.0469139568258 1.08828011398e-20)
(1.73515790865 0.0349829292537 -9.94084881409e-20)
(1.75601755829 0.0232447929219 4.11959421008e-20)
(1.77211741636 0.011821878143 6.00833461802e-20)
(1.78267861195 0.000732529809957 8.23947584266e-20)
(1.53966346636 0.0523428591516 -2.35394458793e-19)
(1.56224770189 0.0445495660161 -1.74114374231e-20)
(1.5816848752 0.0357061500428 1.52345398327e-19)
(1.60589740923 0.0266971004686 -7.74214037107e-20)
(1.63182585659 0.0180347068321 -1.54434534329e-19)
(1.65474776737 0.0101494608417 -3.00178167297e-20)
(1.6739963104 0.00330917228761 1.218586573e-19)
(1.6899055872 -0.0024664811611 6.0694702719e-20)
(1.70220137645 -0.00723952957894 -1.78210380126e-20)
(1.71058761874 -0.0110807296913 -6.7249468302e-22)
(1.21131943818 0.0059178224629 2.45334416413e-20)
(1.21479329964 -0.000183664895336 -5.29183089548e-21)
(1.21060320085 -0.00625545825265 3.93387670683e-21)
(1.20700347273 -0.0108706910416 0)
(1.20075906252 -0.0135304822606 2.09910851304e-19)
(1.19000001883 -0.0146513881654 -1.23826400787e-20)
(1.17650404204 -0.0147050386188 -1.34697004044e-19)
(1.16212934506 -0.0139637145483 8.20505213258e-20)
(1.14795090243 -0.0125795266429 -1.12891187964e-19)
(1.13497509575 -0.0106806569273 -8.92621491634e-20)
(0.60711908384 0.0209315356788 -5.90782081008e-20)
(2.00833355301 -0.046735248249 6.02132320931e-19)
(2.8206196996 -0.0371170956976 5.43891108975e-21)
(3.08609399883 -0.0263598961924 -3.98483256199e-19)
(3.11382120264 -0.00395612988308 4.9546446454e-19)
(3.0745726724 0.0157263356915 4.11155466303e-19)
(3.02455534165 0.0331224500929 0)
(2.96950440789 0.0489360479528 9.36213014253e-19)
(2.8827653803 0.0624919676939 -1.92415758902e-18)
(2.67399099976 0.069840008241 -1.03771235512e-19)
(0.463581316597 0.0568222076486 2.21772541753e-21)
(1.85440892036 0.0746127063899 2.36162250833e-19)
(2.74139725755 0.124104082041 6.74155068529e-21)
(3.06813272023 0.140410725822 2.56028408696e-20)
(3.12384952311 0.147949125202 5.43780467353e-19)
(3.09325702886 0.148138235981 -5.31778546501e-19)
(3.04512785801 0.144777801245 -4.3258395051e-19)
(2.99222508494 0.139345307154 -2.96615164733e-19)
(2.91374981092 0.131698486356 9.71185854114e-19)
(2.72692064552 0.120197593474 -9.06887183058e-19)
(0.308271093108 0.0691116591434 3.75517413467e-20)
(1.64614150408 0.177302187515 9.00459312371e-20)
(2.5914073955 0.278555912583 -4.34495818608e-19)
(2.98158870663 0.308908598055 6.60710509193e-19)
(3.07240967238 0.305619384073 3.22779197732e-18)
(3.05530055195 0.286616110993 1.77656169505e-18)
(3.01140996824 0.261921123324 -2.04694614303e-18)
(2.96302051651 0.2350937457 -1.87564240364e-18)
(2.90182569567 0.206711897961 1.96189678656e-20)
(2.77360697494 0.176292852173 2.23448517628e-19)
(0.160678609414 0.0587059188588 -2.55965547649e-20)
(1.40310772863 0.254821934933 5.19689232863e-19)
(2.37869151225 0.418989241315 -1.30018871307e-18)
(2.82539965663 0.473354388884 -1.14222907792e-18)
(2.95504566372 0.465421729659 -7.86805328335e-21)
(2.95635351195 0.429619687762 -6.10083403044e-19)
(2.91949694951 0.384300597671 1.43958384884e-18)
(2.87575728588 0.336601583624 -1.12317286601e-20)
(2.82840641262 0.28870199363 -2.31345821889e-18)
(2.75551677417 0.241202211737 -8.19315022241e-19)
(0.0372370923411 0.0317395420329 -2.65734575974e-19)
(1.15130669013 0.305101600075 4.90542766358e-19)
(2.12033333678 0.537894230816 -1.70757848032e-18)
(2.60626404017 0.625056222981 -9.45880747752e-19)
(2.77233804258 0.619875592906 1.67731984885e-18)
(2.79530424575 0.571768559589 -1.20382436643e-20)
(2.76872542439 0.508381143117 -1.13677999989e-18)
(2.73011810566 0.441510735208 -1.78369315834e-19)
(2.69005979762 0.374818143795 3.03486893637e-19)
(2.64275270945 0.313220579784 2.1549359714e-20)
(-0.0526626511908 -0.00293256271482 2.24856342783e-20)
(0.916085002893 0.331062181926 -4.33619844809e-19)
(1.84023060663 0.630081575349 -7.19915710506e-19)
(2.34011454959 0.754691383579 2.37345860989e-18)
(2.53343574736 0.759089061779 -1.46847821013e-18)
(2.57781956746 0.704767395917 2.19775865492e-19)
(2.56414615609 0.628245595328 1.53294537923e-19)
(2.53253180424 0.54638751537 -7.20123101348e-19)
(2.49778921938 0.463483511226 -8.8756079736e-20)
(2.45352618788 0.391437993446 6.64465702809e-19)
(-0.10770248191 -0.0369067554999 1.27540947025e-19)
(0.714728864723 0.338574560072 -5.47977498143e-19)
(1.56241584156 0.692918018465 1.68551746245e-18)
(2.04943268337 0.853383221238 1.68775929573e-18)
(2.25632900873 0.871414399228 -1.79243965262e-18)
(2.3183339331 0.816828431736 7.81754474421e-20)
(2.31865461345 0.733181105778 2.50941360875e-18)
(2.2961848457 0.642242841376 -1.75212798201e-18)
(2.26841494797 0.547376435098 -8.52071192636e-19)
(2.21983439647 0.469464715867 7.36417603973e-19)
(-0.132803155849 -0.0643426949718 3.81133140891e-19)
(0.55368536272 0.334354214451 2.9908508209e-19)
(1.30547262471 0.727482245058 6.54893888023e-19)
(1.75750637371 0.916741488927 -2.7816873609e-18)
(1.96384612278 0.949290681027 -1.44635532151e-19)
(2.03742640167 0.899545453262 4.36552819368e-19)
(2.05085863694 0.815663405339 -7.1251777561e-19)
(2.039270101 0.722729494865 -4.74613967185e-19)
(2.02127867574 0.62557340956 8.80617899696e-20)
(1.97541350155 0.545039173295 -3.41138996693e-19)
(-0.136381729107 -0.0831072073575 5.44560444903e-20)
(0.429692276696 0.322686049049 -3.57472147049e-21)
(1.07862649968 0.735840050406 -2.62753884592e-19)
(1.48230114642 0.943154114038 -8.56326780259e-19)
(1.67749841674 0.987433437443 -3.38059808843e-19)
(1.75703728291 0.944395630111 -1.21481821667e-18)
(1.78196932408 0.86400162096 -9.23824142621e-19)
(1.78231242057 0.772685159613 8.23723850401e-19)
(1.77513355869 0.672778353743 5.02748875092e-19)
(1.73595897378 0.597683488366 1.48556501563e-19)
(-0.12694888259 -0.0935194317521 -3.28870856995e-19)
(0.334699938425 0.306493040068 0)
(0.88280638334 0.722676905685 -2.73900908784e-19)
(1.23251495713 0.937389815213 -3.00052916474e-19)
(1.40975252329 0.989921566981 1.61750140092e-18)
(1.48963897126 0.955127604102 3.55679111629e-20)
(1.52198720287 0.882995673761 -1.02893245533e-18)
(1.53056591936 0.800619980243 -7.74686076754e-19)
(1.53351526181 0.710921480431 3.848928753e-19)
(1.48693786634 0.628835053247 8.67426353763e-19)
(-0.111229058862 -0.0975216526582 9.49011700038e-20)
(0.260217600899 0.286065609441 0)
(0.715128327072 0.691029069313 -6.94232484532e-19)
(1.01230669322 0.903547663745 4.83642789888e-19)
(1.17044685176 0.959856927769 8.16029860913e-19)
(1.24980427096 0.931946368498 1.9224285433e-19)
(1.290311207 0.868012933246 -2.0875065706e-19)
(1.31121548637 0.793615310416 -8.3110676861e-19)
(1.32437752146 0.71738431642 -1.4270703683e-19)
(1.33399189721 0.643264840907 -3.1545778324e-19)
(-0.0937083518519 -0.0971501386568 -7.76965323309e-20)
(0.199061941915 0.261058292531 -1.12578235174e-19)
(0.570038440685 0.643355529716 2.77067476085e-21)
(0.818753648653 0.845890350241 1.42820731468e-19)
(0.958108503934 0.901877967019 -1.45309315881e-19)
(1.03518621101 0.878915093689 6.32848020147e-19)
(1.0807929876 0.822100981553 -7.57271797509e-19)
(1.11018284864 0.754460889891 2.73889950355e-19)
(1.12930992449 0.687014049327 4.65403848361e-19)
(1.16282157432 0.62639048069 -2.12812391424e-19)
(-0.0765352914141 -0.0935454302702 -1.23545990497e-21)
(0.147104428153 0.231976924024 2.75470191749e-20)
(0.443249163787 0.582671874868 3.72128532645e-19)
(0.648278586151 0.769526356407 -1.99782279159e-19)
(0.770000400017 0.82248410175 -4.58619036055e-19)
(0.843643431633 0.803565479234 1.5435550154e-19)
(0.892093446389 0.753937779037 2.5408174444e-19)
(0.92702603067 0.694119077035 9.9275595945e-20)
(0.951509495529 0.634716862896 -2.03326693148e-21)
(0.992357282206 0.586517937957 1.20408791368e-20)
(-0.0604372016887 -0.0871759636541 3.44974699527e-22)
(0.103043257061 0.19945548641 -2.70137893868e-20)
(0.333595188262 0.511181982523 -7.99075924123e-20)
(0.500512969163 0.677993520933 -8.33942269676e-20)
(0.607009334794 0.726122992261 1.69121773417e-19)
(0.67778151685 0.710872834928 -2.40522730202e-20)
(0.728894518535 0.668751691525 -6.87862300538e-21)
(0.768805640452 0.617773842599 1.42564559282e-19)
(0.799393752082 0.567037646726 1.36143612396e-19)
(0.842491345173 0.528666580312 -9.92763158879e-21)
(-0.0458241994203 -0.0783584362251 -9.22078008722e-20)
(0.0664505848412 0.163928749864 -1.87051380967e-20)
(0.240800647519 0.430223007467 8.00991068849e-20)
(0.375400976945 0.57322252086 1.00928301413e-19)
(0.469339071516 0.614951389468 -2.54145650018e-19)
(0.538067369466 0.602842502373 -3.9215657968e-23)
(0.591845153174 0.568068217344 2.57041533221e-19)
(0.63632953719 0.52593015178 -6.78450710499e-21)
(0.672776774006 0.483823622928 -2.93099274529e-20)
(0.717229012151 0.45333779068 -5.22957998634e-20)
(-0.0330748242479 -0.0674465853001 7.30925838976e-20)
(0.0370426781447 0.1257660441 2.56812030321e-19)
(0.164714957163 0.340951680038 6.09574838691e-20)
(0.272726839273 0.456811630334 -2.14234086543e-19)
(0.356590581533 0.490709649364 -1.24384978307e-19)
(0.423912140358 0.48117184062 2.82320397855e-19)
(0.480139664475 0.453443105763 -1.07839309236e-19)
(0.528610598703 0.419871624937 -1.74716583358e-19)
(0.570117836016 0.386205294263 4.06763531143e-20)
(0.615829058657 0.362574436415 2.16949264285e-20)
(-0.0225017284635 -0.0548240079648 2.77098130042e-20)
(0.0146774491403 0.0853614228274 -1.60826672686e-19)
(0.105466314988 0.244664220872 -3.66728024046e-19)
(0.192615229652 0.330603111242 1.69853986147e-19)
(0.26872239266 0.355498847864 2.28634724542e-19)
(0.335101819413 0.3480866592 -4.81905463383e-22)
(0.393401512541 0.327203003988 -1.9339016099e-19)
(0.44512876039 0.302043014607 2.86632922715e-20)
(0.490689586702 0.276765386466 3.82198443497e-20)
(0.53751048774 0.259533086167 -1.13599154604e-20)
(-0.0143575068418 -0.0409296994565 -6.64035378573e-20)
(-0.000677889037565 0.0431193824409 -5.21201875386e-20)
(0.0633553739971 0.14282841787 3.04227581578e-19)
(0.135409450932 0.196704495846 6.94551272962e-20)
(0.205959941092 0.211717785923 -1.04620872044e-19)
(0.271718266493 0.206128133134 -3.57820128636e-20)
(0.331571096311 0.191985842684 0)
(0.385702697969 0.17517913933 -1.64668227593e-22)
(0.434220229467 0.158326725829 -1.95742531902e-20)
(0.481874674391 0.147281067758 2.91905374245e-20)
(-0.00882546523247 -0.0262714388563 3.54859366717e-20)
(-0.00900356741209 -0.000525495960571 1.69766930697e-19)
(0.0386998017814 0.0370718823925 1.63041896753e-19)
(0.10148191596 0.0574746280559 -1.5763744199e-19)
(0.168588510086 0.062048211867 -8.26053201835e-20)
(0.233934800467 0.0580998853261 1.24804578823e-20)
(0.294717508765 0.050650912229 -4.67612674593e-21)
(0.350306512074 0.0421791626756 2.99960118124e-20)
(0.400614299612 0.0337925062885 -8.17813980118e-20)
(0.448729050854 0.028810966647 -7.88928919984e-20)
(-0.00597258220519 -0.011447186402 -3.82072273393e-20)
(-0.0102106873039 -0.045180651984 -1.34431356603e-19)
(0.0317567348964 -0.0708777593016 -2.96176445408e-20)
(0.0910964753631 -0.0845438164309 -3.11523745224e-20)
(0.156814469237 -0.0906094972786 2.38339353584e-20)
(0.221879245369 -0.0929671240087 1.0491840293e-20)
(0.282887412369 -0.0937386708342 2.81591600475e-21)
(0.338913790552 -0.093895153718 -4.32499954351e-21)
(0.389802541612 -0.0938171054882 4.06740482035e-20)
(0.437938823525 -0.0928265396675 5.48640663669e-20)
(1.09302794917 0.386836716362 -8.39297127047e-19)
(0.973705548536 0.17070607593 3.71766708305e-21)
(0.948382821315 0.0648166592551 4.26518682593e-20)
(0.947865021185 0.0154721506851 1.35311506778e-20)
(0.956679479467 -0.00390014975519 1.46918189557e-21)
(0.968144295996 -0.0100565357529 2.42221563145e-21)
(0.978721994721 -0.0104882327561 5.80965317292e-22)
(0.98729676738 -0.00867721410622 1.77288863109e-21)
(0.993338204749 -0.00630903690473 8.59186942649e-21)
(0.997895844816 -0.00263727311247 0)
(0.971854631392 0.363155030432 -3.60448130359e-19)
(0.929649704738 0.153063225761 4.43408205144e-21)
(0.93318659211 0.0526243598956 -3.46600881084e-22)
(0.943217498004 0.00820801578589 4.90220222679e-20)
(0.956118043336 -0.00860081133664 -4.1906082982e-21)
(0.96892564151 -0.0132302337889 -6.68145558679e-22)
(0.979839447507 -0.01277404955 3.62141592122e-22)
(0.988363867945 -0.0103300780554 7.02471475595e-21)
(0.994254138749 -0.00746410358663 3.1681948569e-21)
(0.998681760508 -0.00312413055593 -4.67898407987e-21)
(0.878688916197 0.331981171976 3.96590376845e-19)
(0.89628023789 0.13564132163 5.93632350076e-20)
(0.919735623477 0.0430260595567 -3.59256820753e-20)
(0.938485332296 0.00250670905783 -1.43757545261e-20)
(0.955183297947 -0.0127069869639 5.05070629604e-21)
(0.969576540394 -0.0163050818074 -1.38303645998e-21)
(0.980942772552 -0.015061529531 1.0666146911e-21)
(0.989480130221 -0.0119837128817 7.16841178656e-21)
(0.995262786609 -0.00861256242625 -7.71867399177e-21)
(0.999585578634 -0.00360439773016 -1.73165959431e-21)
(0.803665712286 0.292558241141 2.53163473696e-19)
(0.866713979151 0.114294635908 -2.65170177195e-20)
(0.907051574401 0.0304010971805 1.49618136356e-20)
(0.934021612398 -0.00558117003543 -2.15025103358e-20)
(0.954584355156 -0.0177770995138 -4.17683573629e-21)
(0.970417099459 -0.0197263503162 -7.34603305994e-23)
(0.98217949998 -0.01746840794 7.75730106462e-21)
(0.990720181609 -0.0136669556909 -3.65040232912e-22)
(0.996400507721 -0.00975924659705 -3.63763044499e-21)
(1.00062040162 -0.00408098523021 2.85825781048e-21)
(0.741998887486 0.24213759995 -1.70819953864e-19)
(0.841373293152 0.0873440993304 9.74436424681e-20)
(0.896374473376 0.0151884992299 -1.87552408028e-21)
(0.930713419449 -0.0144774241328 -6.8171922249e-21)
(0.954568260114 -0.0233018188484 -3.49779512219e-21)
(0.971565306671 -0.0233727599725 1.73082633588e-21)
(0.983619432716 -0.01996395246 -1.50316258818e-21)
(0.992123393292 -0.0153710551935 -3.12823578959e-21)
(0.997683735669 -0.010901396073 -1.3126407978e-22)
(1.00178357722 -0.00455251814419 -2.94982898365e-22)
(0.692962659993 0.183057571883 -2.16575987987e-21)
(0.821075188695 0.0562008823456 4.33260074108e-20)
(0.888179581804 -0.00186345992252 3.1562989007e-21)
(0.928654612777 -0.024252417486 6.20688769671e-21)
(0.955182591888 -0.0292676146932 2.71346513501e-21)
(0.973065140131 -0.0272179534949 -2.3903292391e-21)
(0.985290214027 -0.0225308445001 -5.39482104455e-21)
(0.993702737214 -0.0170876232752 9.31220613755e-22)
(0.999119619938 -0.0120349879249 -3.5960700972e-21)
(1.00307720264 -0.00501732363247 0)
(0.656124629009 0.117755301459 8.52691437573e-20)
(0.806022779055 0.0219880094746 -9.40886692985e-20)
(0.882598006945 -0.0204666126499 3.43856571156e-21)
(0.927913779781 -0.0347827735579 -1.72804612203e-20)
(0.956477213713 -0.035595883595 -3.77890272896e-21)
(0.974948707908 -0.0312208735141 2.17221849634e-21)
(0.987210380315 -0.0251490458949 2.65057481219e-21)
(0.995467509965 -0.0188067668605 -2.53557540877e-21)
(1.00070857268 -0.0131546863399 -2.80017783067e-22)
(1.00449686612 -0.00547326306303 2.45913417362e-21)
(0.63094343513 0.047879921395 -5.51723343693e-20)
(0.796340407727 -0.0148043675142 2.46090325936e-20)
(0.879712412786 -0.0403061998466 1.10820829036e-20)
(0.928545556513 -0.0458983386147 5.18152016938e-21)
(0.958483466263 -0.0422057043731 2.97180870771e-22)
(0.977239694064 -0.0353400292576 5.49910432044e-21)
(0.989393533785 -0.027797060159 4.53617662516e-21)
(0.997421885884 -0.0205173784643 -3.12784167336e-21)
(1.00245005489 -0.0142542291904 2.09594834664e-21)
(1.00604019087 -0.00591770792968 3.07974695472e-21)
(0.616856350909 -0.0249717137953 2.98688113093e-20)
(0.792042934185 -0.0534414907839 -5.31202146148e-20)
(0.87964654936 -0.0610437142258 7.60921144206e-21)
(0.930596851459 -0.0574430908441 -4.45549931838e-21)
(0.961229132749 -0.049018367809 -7.49595585893e-22)
(0.979958789432 -0.0395327835073 3.05469702544e-22)
(0.991849750261 -0.0304518799981 -1.25577869061e-21)
(0.999569182263 -0.0222071811628 -3.10454311492e-21)
(1.00434321987 -0.0153261042092 -2.76331883634e-21)
(1.00769875479 -0.00634755964267 1.91804582211e-21)
(0.613605856441 -0.099432945632 -3.46720226563e-20)
(0.793180037008 -0.0930497902417 1.92291445175e-20)
(0.882421946168 -0.0823461514173 -1.83521258188e-20)
(0.934092349266 -0.0692690586956 1.91325012146e-21)
(0.964736562113 -0.0559535520708 1.47617680144e-20)
(0.983119207468 -0.0437552996295 3.152902527e-21)
(0.994586994632 -0.0330893540687 2.43972464102e-21)
(1.00190862729 -0.0238623324753 -7.04518844442e-21)
(1.00638366484 -0.0163619719664 1.99918751009e-21)
(1.00947060769 -0.0067593289101 3.69288578816e-21)
(0.564241931134 -0.0212961762205 9.00205276823e-20)
(0.549957512295 -0.00479274480904 -4.02167530232e-20)
(0.539592129413 -0.00077191702084 -2.67691090191e-20)
(0.535893784795 -0.00048817405754 7.1447115637e-21)
(0.537876195654 -0.000524275336563 -4.1095832118e-21)
(0.543119302431 -0.000442929993619 -6.72615712781e-22)
(0.548718534707 -0.000350128748989 4.14422220822e-21)
(0.553468414668 -0.000258778412892 -2.27611350057e-22)
(0.556882569648 -0.000163305395701 -3.28316241012e-21)
(0.559390326791 -5.59016051394e-05 1.30413427139e-21)
(1.23865340313 0.0281952049896 -1.82906704816e-19)
(1.02171971613 0.0212156927944 -1.27074226144e-19)
(0.944354646966 0.0103262908414 -5.33574988891e-20)
(0.918734241103 0.00266793955757 5.06841665485e-21)
(0.914397405714 -0.00107209860147 -9.82888823195e-21)
(0.919570877455 -0.00222128140515 -2.98681295949e-21)
(0.927250059594 -0.00226815380431 -2.62054609609e-22)
(0.934468883137 -0.00186047348291 -8.02070727401e-23)
(0.939877268544 -0.00133139881694 7.88303885193e-22)
(0.944033902983 -0.000543072395874 4.22274083646e-22)
(1.31962751194 0.14680633897 -2.09747120277e-19)
(1.08065482777 0.0678140698618 9.87025140204e-21)
(0.994493491306 0.027192305395 -2.23605528051e-21)
(0.965920288549 0.00739701699627 9.59761140411e-35)
(0.960999168313 -0.000924389529438 -7.90251400447e-22)
(0.966394845321 -0.0038058870519 0)
(0.974494007217 -0.00413328822158 1.66557276956e-21)
(0.982149871882 -0.00345382120162 -2.51548695287e-34)
(0.987908343656 -0.00250375953079 4.57865121457e-36)
(0.992383422935 -0.00103594827785 1.89136148712e-21)
(1.28261028381 0.240888049049 4.44555968099e-19)
(1.06671165307 0.108528190258 -6.68260952887e-21)
(0.989955381639 0.0428960006289 0)
(0.965630050365 0.0116293309675 3.12326816995e-20)
(0.962966843644 -0.00132969181191 0)
(0.969480973036 -0.00564489364918 0)
(0.978180904183 -0.00618084628532 0)
(0.986113895135 -0.00518925338117 5.05880288312e-23)
(0.991994046226 -0.00378261516722 2.06744103447e-23)
(0.996533731227 -0.00157649165108 -2.88396932336e-22)
(1.24615632459 0.354508469563 -6.36304287887e-19)
(1.05188583591 0.158133607469 -5.42464492201e-21)
(0.980711829627 0.0614402637092 0)
(0.960339636797 0.0165990847456 -2.69083964282e-20)
(0.960686728447 -0.00169259532981 1.86324608815e-20)
(0.968807188327 -0.00758509199998 0)
(0.9782823954 -0.00830304413883 0)
(0.986586118265 -0.00696486315337 -1.93408534863e-21)
(0.992622312207 -0.00507937080864 -1.07937208429e-22)
(0.997226966915 -0.00212233438502 -9.55529113119e-23)
(0.25572012643 0.00209226400694 2.71096190719e-21)
(0.226912659074 0.00505558924518 -2.2511089586e-21)
(0.197907184272 0.010295450336 1.78174117019e-20)
(0.166724770898 0.0169552998452 5.71158554913e-19)
(0.149904013584 0.0195175581508 4.83261233413e-19)
(0.15757371624 0.0165266223485 1.55449344056e-19)
(0.222928207624 0.00283218783273 2.70214235104e-19)
(0.310208692179 -0.00780617925868 -8.42864777481e-20)
(0.420048095508 -0.0346259003217 4.77174118297e-20)
(0.558525939947 -0.0270213218932 1.67135779536e-19)
(0.778216317149 0.0164802303611 1.66408380964e-20)
(0.746724371659 0.025348361057 -1.94738990472e-20)
(0.762206361119 0.0366623431346 4.02601448663e-20)
(0.833702951001 0.0471328311316 7.86567845699e-19)
(0.977171854644 0.0489076493677 -1.11579421165e-19)
(1.14979447772 0.0424800922233 7.47016939661e-21)
(1.35400121653 0.0183130748339 -9.44342753168e-20)
(1.46518435324 0.0252731434189 4.89977824742e-20)
(1.55090834045 -0.0144570396648 -2.07132529773e-19)
(1.54494320224 0.0415749861551 -2.53300314565e-19)
(1.33615716644 0.0360063926826 -2.52007064294e-19)
(1.33686569801 0.0496141363392 5.65568239691e-22)
(1.43070128002 0.0647797828122 1.84041322172e-20)
(1.6069190548 0.0789845845007 1.70280159203e-20)
(1.82187514406 0.0911478219915 -2.18445323443e-19)
(1.97551513062 0.10282829435 -4.15199047715e-19)
(2.05213129498 0.106469873355 -3.84219049863e-19)
(1.96930687171 0.150058328918 3.83440504826e-19)
(1.88381809834 0.136876692532 5.90247920622e-19)
(1.68373527543 0.233552198015 2.64316878603e-19)
(1.85546788627 0.053446784149 2.63345268842e-19)
(1.89354611666 0.0733582088475 1.49206323448e-19)
(2.03046509928 0.0969317467671 -7.52682300557e-20)
(2.20993476497 0.124992728571 9.09802331391e-20)
(2.33870633882 0.158225098555 -3.77246785338e-19)
(2.34231727526 0.195223741438 -1.92493066647e-19)
(2.24008233642 0.232280608014 5.30323340801e-19)
(2.03212141767 0.295619312014 5.3225003002e-19)
(1.8747550691 0.304896311469 -2.7153314044e-19)
(1.62311441988 0.395911205735 -4.11626632588e-19)
(2.26378896598 0.0648610065997 1.54629868492e-18)
(2.32578298866 0.0958795279993 -2.46668553071e-19)
(2.45367658029 0.132860111996 3.96226548021e-19)
(2.55966483957 0.179053511231 4.82883919015e-19)
(2.55903927829 0.234414217577 8.39632896495e-20)
(2.43870717566 0.296868677124 4.03760334214e-19)
(2.2412193491 0.363150931252 -9.18535932796e-19)
(2.00660130677 0.434590365804 7.36874571676e-20)
(1.81315559544 0.472451399843 3.26285961408e-19)
(1.53458676904 0.55043668805 -5.40131740633e-20)
(1.11594790835 -0.540347886686 5.68467832931e-20)
(1.113995564 -0.596864569967 -2.0256368742e-20)
(1.12837748451 -0.656482337459 -3.71514318888e-19)
(1.1411915323 -0.718620796465 -1.99584608367e-19)
(1.14489168927 -0.784816051255 8.46388758007e-19)
(1.13905883306 -0.855369727909 1.47816397935e-19)
(1.11522045009 -0.922577456847 -4.52969382186e-19)
(1.03198149309 -0.942237447534 4.64698265417e-19)
(0.796350778886 -0.790933474019 -1.36961612854e-19)
(0.335807842552 -0.350138572941 -3.61719384319e-19)
(1.05654024191 -0.509843245288 -8.27020261291e-21)
(1.04351260747 -0.562630686748 7.8856102704e-20)
(1.03302255646 -0.615927897348 3.0982598175e-19)
(1.0196480704 -0.672998275859 -3.61556459179e-19)
(1.0011645638 -0.736089806907 -8.37865218581e-19)
(0.977535766556 -0.804206866247 7.19624393825e-20)
(0.940820158013 -0.868814808617 7.82018811269e-20)
(0.856609808833 -0.887479326382 -1.74953009174e-19)
(0.651171815028 -0.744169211247 4.88200698848e-19)
(0.270391644559 -0.328942960376 -1.99046000399e-19)
(0.925466360965 -0.47942096649 -4.48757823931e-20)
(0.902586302343 -0.526353538199 0)
(0.883501351 -0.575774481439 4.24816120758e-20)
(0.863632195759 -0.628903262748 2.87519828695e-19)
(0.839974638216 -0.686294930957 -2.80426232909e-20)
(0.811186366203 -0.747078092581 -3.6900614569e-19)
(0.770140419059 -0.803733927477 4.30799720909e-19)
(0.689752623271 -0.817413126751 6.08518329644e-20)
(0.515178001076 -0.682465983085 -2.12730842733e-19)
(0.209847570119 -0.300620533427 2.1358919985e-19)
(0.822787219896 -0.42461948672 -7.69224247608e-20)
(0.797894162666 -0.466539354474 -2.79395436918e-20)
(0.773314069909 -0.511333635981 1.55621238267e-21)
(0.745677371223 -0.558955550354 -1.25081875229e-20)
(0.713218270397 -0.609820730168 1.51830886702e-20)
(0.675295680983 -0.663528792444 -1.15551387948e-19)
(0.626582835347 -0.713560832998 7.27182301383e-20)
(0.546912055064 -0.725270144054 3.415303807e-19)
(0.397900944625 -0.604787877024 0)
(0.157490442077 -0.266002830272 0)
(0.728300380456 -0.357657365741 1.37096867821e-19)
(0.6998538461 -0.393149877794 8.15260993772e-20)
(0.669452532013 -0.431742434979 4.85752328959e-20)
(0.635127115873 -0.472920393414 1.72783147516e-20)
(0.595987586416 -0.516749984266 0)
(0.551542196933 -0.562858711774 -7.69590968978e-20)
(0.497614879674 -0.605617349578 -9.4227985655e-20)
(0.419903324282 -0.615265106525 -1.11117794023e-19)
(0.294342610708 -0.511934189566 1.75505900899e-19)
(0.111424162187 -0.224408714816 4.65478750834e-20)
(0.648826135868 -0.279726598319 -1.42897236049e-19)
(0.617723274879 -0.308430264212 1.96103444145e-20)
(0.582928841729 -0.340197271478 1.3868456481e-19)
(0.543480127763 -0.374126448284 0)
(0.4990315352 -0.410073876696 0)
(0.449162533191 -0.447786802725 0)
(0.390759352596 -0.482715778952 -6.81350563268e-20)
(0.314633847228 -0.490648853661 2.96316431599e-20)
(0.20831193075 -0.407421880693 6.13419908299e-20)
(0.0731523730926 -0.177727806738 7.55948386631e-20)
(0.585969270283 -0.192449477829 2.96024493008e-19)
(0.552593719271 -0.214042004749 4.31728835154e-19)
(0.51413646694 -0.238322780761 6.53182068631e-22)
(0.470521560036 -0.264298584731 -5.30699050785e-20)
(0.421830082252 -0.291753303255 1.2589586628e-20)
(0.367691797863 -0.320515955722 -7.78352608852e-20)
(0.305840165029 -0.347186439038 -1.62406527672e-20)
(0.231105780479 -0.353692030213 1.04099956646e-19)
(0.139820889375 -0.292989698433 -8.93955813207e-20)
(0.0425803396269 -0.126396648102 -5.02783322003e-20)
(0.540660860858 -0.0977907379381 1.67719850693e-19)
(0.505565746976 -0.112225437035 -2.97038055215e-21)
(0.464393320448 -0.128692959194 -6.41623621409e-20)
(0.417737286912 -0.146315153198 5.3497678759e-20)
(0.365980411771 -0.164876922877 -5.98926130262e-20)
(0.308775343916 -0.184292113133 -1.4741837524e-19)
(0.244463750331 -0.202406389354 5.03441485186e-20)
(0.170754016335 -0.207739975747 6.71198725862e-20)
(0.0904235616483 -0.171155159253 -2.96580027183e-20)
(0.0206204648902 -0.0714581412541 -6.9670790158e-21)
(0.513349426853 0.00189142165589 -4.81211619173e-20)
(0.47717316639 -0.00531611226825 -1.61297252321e-21)
(0.43431152134 -0.013733519257 5.6213995722e-20)
(0.385787770117 -0.0227349510863 1.55383900832e-19)
(0.332168917732 -0.0321522146811 9.23842362025e-22)
(0.273116394518 -0.0419778993789 5.074911069e-21)
(0.207343840292 -0.0513673676505 1.01174338657e-19)
(0.134324422002 -0.0557251255409 -4.42765909695e-20)
(0.0608351791809 -0.0443348549889 -1.71324375385e-20)
(0.00773534936216 -0.0142177624129 1.23533132027e-20)
(0.504490996285 0.104080453644 -1.93487385648e-19)
(0.467787281533 0.104132802414 3.28384812766e-22)
(0.424271885888 0.103881026073 2.02054882286e-19)
(0.375080508842 0.103618880569 0)
(0.320825364892 0.103446986735 4.14720584611e-20)
(0.261168056493 0.103300044803 5.15749999075e-21)
(0.194955027856 0.102672374338 6.01105500658e-20)
(0.122310175643 0.09911979259 1.58600611088e-20)
(0.051485357794 0.084676302532 5.3800417117e-20)
(0.00414974542219 0.0438799632902 3.11041767392e-20)
(2.64310825328 0.017455744254 1.30326321886e-18)
(2.82503020359 -0.00713498370188 -1.33182045456e-19)
(2.90355087172 -0.0393401000719 -1.16752806792e-18)
(2.95598241247 -0.0743811941401 1.14784737888e-18)
(3.00557726493 -0.110731797888 -4.02951921898e-20)
(3.04941572912 -0.148524781895 -3.99632836351e-18)
(3.04229953204 -0.187792190201 3.33884508556e-20)
(2.82751358581 -0.200358547353 2.7847886734e-18)
(2.09765262343 -0.178618868469 6.7552537063e-19)
(0.721841701079 -0.0335416517488 3.70240175038e-19)
(2.61212063027 -0.0395952195425 9.68753873973e-19)
(2.73841176385 -0.0805820078772 -1.1337692049e-18)
(2.79899415391 -0.127777553863 -2.54132998539e-19)
(2.84588001697 -0.178517945857 7.16875690775e-19)
(2.89335015792 -0.23110100956 2.27635511267e-18)
(2.93834617735 -0.286094227223 -4.92325985189e-19)
(2.94436931011 -0.337382237816 -3.55843068901e-18)
(2.77079632354 -0.360186903375 6.32596300978e-19)
(2.1193445348 -0.31616029767 -8.07925952851e-19)
(0.797026643414 -0.0972161473982 2.41901976877e-19)
(2.54119266347 -0.101474406811 5.00093763354e-19)
(2.61436544886 -0.156745611651 1.22625160717e-18)
(2.65912056228 -0.215767751414 -1.02655649095e-18)
(2.70112228732 -0.278582332824 -1.16411934708e-18)
(2.74588275808 -0.344047593068 2.16949411776e-19)
(2.78973318428 -0.41226321532 1.69736278112e-18)
(2.80206487493 -0.478417007153 2.79420643298e-19)
(2.66028528893 -0.514093039356 -1.7052862463e-18)
(2.0772689174 -0.444299401046 -2.12445689167e-19)
(0.833447867852 -0.161212414127 -5.09462899351e-20)
(2.41034814898 -0.169618309469 -7.50674980658e-20)
(2.45445241006 -0.235225850796 -2.71563426737e-19)
(2.49162825968 -0.302801137691 8.62235938098e-19)
(2.53036409874 -0.374313595251 -1.30657276007e-18)
(2.57179530796 -0.449252840007 6.40415181686e-19)
(2.61252780199 -0.527673847615 -6.04742988069e-19)
(2.62672116186 -0.60503762746 -1.26145462116e-18)
(2.50443623856 -0.6487299565 1.81037269034e-18)
(1.98160735264 -0.562685302346 -1.65585356193e-19)
(0.832743788844 -0.227023378458 -2.53087595832e-19)
(2.23814073334 -0.246205743574 1.45777821533e-19)
(2.27419487555 -0.31665825692 2.35215681797e-19)
(2.30838225227 -0.388208085606 1.20134334761e-19)
(2.34322448411 -0.464263338661 -2.716512144e-19)
(2.37954743852 -0.544869588407 2.21679274597e-19)
(2.41487558565 -0.630041044152 1.64250329369e-18)
(2.42693673375 -0.714684711767 -2.10708566947e-18)
(2.31747917785 -0.762725461056 -2.43142491934e-18)
(1.84603574579 -0.662245833188 7.63150322116e-20)
(0.796275500179 -0.283757086686 -2.2451474583e-19)
(2.0577772052 -0.326853684532 -4.19904026383e-19)
(2.09146767989 -0.396854266224 -7.71470877635e-19)
(2.12082422507 -0.467664518353 -1.5121906155e-18)
(2.14867392989 -0.544200377314 -2.04296152174e-19)
(2.17712659998 -0.626872202792 7.45635226197e-19)
(2.2045633353 -0.7153089022 1.28989130336e-18)
(2.21118637356 -0.803659211102 1.47270356353e-18)
(2.10933301739 -0.85242659005 2.9267503623e-19)
(1.68389401239 -0.739607379305 -1.12106435932e-18)
(0.736156097618 -0.32759829091 -6.31145660898e-19)
(1.88941126934 -0.399600076526 -1.06851041027e-19)
(1.91654105145 -0.466028449164 1.67513618286e-18)
(1.93547962079 -0.53301522923 1.18778474946e-18)
(1.95197278306 -0.607459590123 -1.9956876247e-18)
(1.9697201423 -0.689878269637 -1.01598598493e-18)
(1.98734183693 -0.779191816758 6.47082200253e-19)
(1.98655001034 -0.868410500549 2.10103766703e-19)
(1.88903479256 -0.915384714131 -1.13645955381e-18)
(1.50531200996 -0.791627685439 1.34157233866e-18)
(0.660372633754 -0.356502450697 -1.39795384165e-19)
(1.73537521342 -0.451406405636 5.20918535095e-19)
(1.74632616383 -0.51287551897 -8.87589062525e-20)
(1.74866177549 -0.575124192473 -2.07857711965e-19)
(1.7510914604 -0.647415010659 6.4119372781e-19)
(1.75768357017 -0.729511548788 1.12285505303e-18)
(1.76593021004 -0.818957483894 -5.45828697994e-20)
(1.75792471932 -0.907531185799 -3.52700952904e-19)
(1.66377504515 -0.95104835116 -3.23593095981e-19)
(1.31910441723 -0.818179350302 3.08615658407e-20)
(0.575922136063 -0.370038302994 6.77608609036e-19)
(1.5747885309 -0.475532379622 -7.61952814813e-20)
(1.55846329816 -0.532807936116 -4.19775315031e-19)
(1.54505292369 -0.592866554466 -5.89740768103e-21)
(1.53898758552 -0.665942261951 5.55484629758e-19)
(1.53991487073 -0.749556781913 -7.97938403234e-19)
(1.54283142873 -0.839363719831 1.52557380538e-18)
(1.53013626985 -0.926144873593 9.35631835772e-19)
(1.44028269006 -0.964613178327 -1.01980847644e-18)
(1.13347995626 -0.823708574765 -3.04449118682e-19)
(0.489589932985 -0.370497740374 3.26877845305e-19)
(1.37366464839 -0.489312885808 -2.54339782024e-19)
(1.33336899728 -0.546048137876 -2.83783493964e-19)
(1.32157645683 -0.610225294694 1.66284764103e-20)
(1.32274626225 -0.685588220013 8.60904678699e-19)
(1.32685684153 -0.767998017318 1.46180937844e-19)
(1.32808256639 -0.853572689741 -1.15030901175e-18)
(1.31195278962 -0.933702170639 5.66616653904e-19)
(1.22672772013 -0.963495986212 3.29453009253e-19)
(0.956932765988 -0.815006071542 -3.98877988833e-19)
(0.40830058578 -0.36300383543 1.73651273959e-19)
(0.808487558103 0.0551694943678 -7.14461021178e-20)
(1.17928019301 0.0387721819892 -5.77779187773e-21)
(0.901062037201 0.0227563252135 2.19586829645e-20)
(1.04018092713 0.0238048212549 -7.56854777548e-21)
(0.982684311101 0.01707445646 2.72864120304e-21)
(0.96462821157 0.0101262859376 -5.854585612e-23)
(0.950747190201 -0.00864849055444 1.41598439377e-20)
(0.956296511826 -0.0477318387787 2.12757040237e-22)
(0.958829172302 -0.149034364379 -6.49723851184e-20)
(1.15676768201 -0.360608867868 -2.70313307599e-19)
(0.809237680079 0.0522964050361 3.95281448338e-20)
(1.17616910599 0.0394277926529 -3.33792562761e-20)
(0.901847460096 0.0254609177122 1.39543156729e-20)
(1.03830247885 0.0278794178726 2.77235722239e-20)
(0.984353267661 0.0208792276333 -6.85517485672e-21)
(0.964432187047 0.0151676068543 5.7961688772e-22)
(0.947353214033 -0.000890405214987 1.14178943317e-20)
(0.945522983519 -0.0343006001116 -3.34912310585e-20)
(0.926975154783 -0.132389937858 4.97448622551e-22)
(1.06910440612 -0.295266141728 -1.11119707483e-18)
(0.81028424048 0.0492870200534 6.20925925208e-20)
(1.17434255709 0.0399582617591 4.07402363288e-20)
(0.902461432342 0.0281187838043 1.94592743149e-20)
(1.03638134318 0.0316177001896 3.37865500347e-20)
(0.985703000797 0.0249617599788 1.45420810882e-21)
(0.96387932828 0.0203423942547 -4.21752713269e-21)
(0.943482216335 0.00544221973369 8.76074321154e-21)
(0.932799634615 -0.0236629228325 0)
(0.89440910771 -0.123057210832 -2.44694881035e-20)
(0.979820456805 -0.272950097943 -1.34375328319e-19)
(0.811261787191 0.0460495700786 -3.65017625924e-20)
(1.1727500111 0.0404970142491 2.84842449941e-20)
(0.90320523933 0.0307932946015 -2.60914275684e-20)
(1.03462586029 0.0350394127714 6.86228220819e-21)
(0.986852906616 0.0292357882981 2.64349900713e-20)
(0.963594767662 0.0258602041427 -1.05570666434e-20)
(0.940359906355 0.0136406123571 -5.33710597507e-21)
(0.920743006623 -0.0105645726854 1.49437044064e-20)
(0.869707172355 -0.103161919265 -5.13503666793e-20)
(0.894256351945 -0.230753246969 3.27822931685e-19)
(0.812106764894 0.0426873592673 3.17233002626e-21)
(1.17127474681 0.041024860146 -2.0181380255e-21)
(0.904040763323 0.0334682804087 9.945529091e-21)
(1.03317483878 0.0381623710441 -1.45880614747e-21)
(0.987955998333 0.0336345838708 -1.67211557216e-21)
(0.963672868084 0.0317498341616 1.17666514015e-20)
(0.938401983254 0.0225608862665 3.49364401453e-21)
(0.910176713461 0.00368238088084 8.70069058098e-21)
(0.851551476047 -0.0771240831146 3.74376609348e-20)
(0.820414907674 -0.186451478325 2.93084593867e-19)
(0.81280061195 0.0392390677433 -4.43457791509e-21)
(1.1699205366 0.0414973751338 2.72182958434e-20)
(0.904916139923 0.0361429196576 -2.3984064178e-21)
(1.03210704874 0.0410033474843 1.51737384466e-22)
(0.989105988845 0.0380746399745 -2.01004810809e-20)
(0.964154433533 0.037900772399 9.43571701854e-21)
(0.937572899937 0.0320640565519 2.96242810455e-21)
(0.901644171519 0.0189693888581 -1.04609945788e-22)
(0.8386926954 -0.0462551735022 2.39766669595e-20)
(0.759527314971 -0.136986945681 7.52884201719e-20)
(0.813327598751 0.0357428129736 0)
(1.16873059561 0.0418886471524 -3.57635986508e-20)
(0.905782798258 0.0388057346703 -1.17318169854e-20)
(1.03145490473 0.0435811255693 -2.58548304909e-21)
(0.990376929027 0.0424888229629 -2.19223242236e-20)
(0.965078104235 0.044234097551 -1.13077693567e-21)
(0.937859434762 0.0420675497675 -7.74965876078e-21)
(0.895520157975 0.0352272369449 1.01963899494e-20)
(0.830178096752 -0.0127013755241 4.5200939388e-21)
(0.712573001115 -0.0823193353185 -2.12388974267e-19)
(0.81367226153 0.0322357186923 0)
(1.167731373 0.0421812490889 0)
(0.9066019851 0.0414322918656 -1.14699196849e-20)
(1.03124901738 0.0459125943417 9.0572440761e-21)
(0.991836377718 0.0468263417757 -1.11227031972e-21)
(0.966500486103 0.0506767100053 1.78859037877e-20)
(0.939213019451 0.0524910982207 -1.8724046996e-20)
(0.891989409876 0.0521215095363 -1.18318098841e-20)
(0.825660382301 0.0223187216397 -7.39385050199e-21)
(0.679596898277 -0.0224438985472 -4.21719627164e-21)
(0.81382042885 0.028753240769 0)
(1.16696934304 0.0423614328134 1.57839845154e-20)
(0.907345582976 0.0439902281502 1.30667392592e-20)
(1.03152032205 0.0480098423481 -3.92341870669e-21)
(0.993539357532 0.0510477143175 2.70398040192e-20)
(0.968485920179 0.0571566241759 -1.53272996884e-20)
(0.941573825059 0.0632200660803 -1.35095101101e-20)
(0.891211501107 0.0694456812521 -2.99810134659e-20)
(0.825030268962 0.0585779439129 1.27155665035e-20)
(0.660445563928 0.0403779371877 -1.82430481241e-21)
(0.81375837013 0.0253739547539 -2.77890286908e-21)
(1.16642722388 0.0424302982985 2.7200281641e-20)
(0.907993694903 0.0464422691832 -7.23109704088e-21)
(1.03227091309 0.0498802960866 -2.15153908026e-20)
(0.995530089176 0.0551214769267 8.06624339745e-22)
(0.971095898852 0.0636080312044 -9.13414247433e-21)
(0.944911133059 0.074121124487 8.79827672411e-21)
(0.893371050168 0.087070947013 1.73766194265e-20)
(0.82780654743 0.0956128875296 -4.89090763007e-20)
(0.655724470504 0.10486887134 1.79361928626e-20)
(0.639944416469 0.047289537877 1.09339729351e-19)
(0.721788088016 0.0185870995912 1.55846190857e-20)
(0.487187310618 -0.00150532128714 -8.25994211835e-21)
(0.605077796168 0.00260111987535 -1.81846806116e-20)
(0.54988889427 0.000437160735688 1.37912780383e-21)
(0.544548628263 -0.000120797441763 -2.68867112623e-22)
(0.547199486269 -0.000878489943608 2.97243565265e-21)
(0.580141572617 -0.00349387085306 -1.62245551113e-20)
(0.621187139173 -0.0081418742394 1.11819674035e-21)
(0.831623298441 -0.0140439456553 -1.91020889232e-20)
(0.799740847911 0.0906363455591 2.12313755382e-19)
(1.1519511543 0.0365009830578 2.61843121853e-20)
(0.857535001723 0.0089059272 6.19364085513e-22)
(0.991652854468 0.00532383670295 -4.51806357377e-21)
(0.933666245595 0.00429249488842 1.25120799636e-21)
(0.922817108253 0.000691420996738 -7.06023194187e-21)
(0.922907092876 -0.00547640802241 1.291842644e-20)
(0.963680144634 -0.0174882134921 -2.48041883783e-20)
(1.00909080781 -0.0489269566744 -5.73483017383e-20)
(1.28290465948 -0.0909234757552 1.08188566494e-19)
(0.812438158108 0.0698611662474 -7.63387417366e-22)
(1.19832991502 0.0356432461645 6.98391699812e-22)
(0.903452386955 0.0110706956101 -9.59940356618e-21)
(1.04012127203 0.0106047297341 -5.86255361438e-21)
(0.981624386298 0.00711268583454 0)
(0.969084454029 0.00220141121923 0)
(0.966614206975 -0.00835673106335 0)
(1.00135178941 -0.0283663990994 0)
(1.04579507565 -0.081280851675 1.00668963396e-20)
(1.27508482378 -0.166059748889 1.58698913274e-20)
(0.811100574147 0.0648550503518 3.04424872298e-21)
(1.19351979526 0.0371588078714 -1.16554491073e-20)
(0.904018689172 0.0163087900287 -9.43918426935e-21)
(1.04329166058 0.0152997083461 0)
(0.98425153749 0.0103856149812 0)
(0.970499715751 0.00417188895364 0)
(0.965603731714 -0.0103610527462 0)
(0.99261214307 -0.038407421377 0)
(1.03567494492 -0.11086720611 0)
(1.2183092651 -0.245863497853 8.34765199482e-20)
(0.808519933252 0.0592935412629 -1.36800879591e-21)
(1.18604745016 0.0380841815479 -1.15084817347e-20)
(0.900909338551 0.0196862184711 0)
(1.04242413606 0.0196653046023 -1.62728069528e-20)
(0.982626260087 0.0137063965611 0)
(0.967417651785 0.0066368639713 0)
(0.959945768691 -0.0118115578848 -2.33845040649e-20)
(0.978213147346 -0.047578681329 5.57672738438e-20)
(1.01209989968 -0.134747476083 0)
(1.15710852741 -0.337578191843 6.77632584976e-19)
(0.941710587595 -0.00248115749868 -9.7662048312e-20)
(0.917171956905 0.0143745822843 1.52878206038e-20)
(0.873643303317 0.0304709555654 3.10034969711e-19)
(0.797007207233 0.0354681908625 4.71674487458e-19)
(0.673078091999 0.0243290574216 1.96222734364e-19)
(0.543825229255 0.00773039157899 -4.34176590029e-19)
(0.451015478491 -0.00214129089056 -3.41015120399e-20)
(0.386873829793 -0.00254990932317 -5.48856821457e-20)
(0.333930157028 5.91613615824e-05 -1.21852140729e-19)
(0.290117763211 0.00130565795975 8.75460755942e-20)
(1.45583126704 -0.0962684106286 -2.08698133913e-19)
(1.49759489168 -0.0857690228376 -1.85392879072e-19)
(1.54743659421 -0.0571906669334 -6.2067619792e-20)
(1.59345997576 -0.0172820933036 -3.35193080256e-19)
(1.58119633865 0.0111591088725 3.49710193287e-19)
(1.47949217158 0.0152053964733 4.28863560493e-19)
(1.30939396351 0.00500779433726 3.10708798559e-19)
(1.12467711758 0.00119147912591 2.66802487589e-19)
(0.966386007989 0.00576761689277 -2.50908216342e-19)
(0.850838848846 0.0111776834562 3.5074461478e-21)
(1.51725299279 -0.187367130651 -1.20760366945e-19)
(1.59784962934 -0.187632282227 -3.6860434239e-19)
(1.70018786162 -0.161406289347 3.54874458056e-21)
(1.82282525762 -0.114913495629 2.00510782761e-19)
(1.92696303433 -0.0682664594036 -5.9164721835e-19)
(1.96536155922 -0.0338734997641 -1.14853774668e-19)
(1.90109838394 -0.0141720107775 -4.03131001226e-19)
(1.74639265092 -0.00103269257786 2.69822158352e-19)
(1.56366491904 0.0119923782715 1.15790780492e-19)
(1.41640439507 0.0240789001755 1.49925780993e-19)
(1.48847293557 -0.295770874069 -1.3335612493e-19)
(1.58935988244 -0.304647073602 2.04104766063e-19)
(1.7171001847 -0.276316121087 8.96336574483e-21)
(1.86885561023 -0.21931557355 -1.71027280056e-19)
(2.02508246372 -0.156233194615 -1.46172270848e-20)
(2.15520206613 -0.0987999025529 -1.29022719737e-19)
(2.21023993132 -0.0532896442259 -2.11249506825e-19)
(2.15890800963 -0.0178828513674 -2.32822696035e-19)
(2.03534428433 0.0111026855157 -2.31997478347e-20)
(1.91407519678 0.0338020054723 -4.97479485222e-19)
(1.4712205242 -0.382357333008 -2.52246183267e-19)
(1.58368339945 -0.387066812256 -2.00899710401e-19)
(1.70871571655 -0.370929816871 2.24942927774e-19)
(1.85495921588 -0.321446811459 -4.43103797765e-19)
(2.02301385525 -0.25129979031 2.5550023952e-19)
(2.19683493983 -0.17587291389 -1.72705090772e-19)
(2.33657833565 -0.107857003112 6.14804139411e-19)
(2.39161060162 -0.051146205094 -2.52957714982e-19)
(2.35597883003 -0.00437921743006 1.25515251877e-19)
(2.28843404325 0.0330068174642 -1.48319059128e-18)
)
;

boundaryField
{
    left
    {
        type            fixedValue;
        value           uniform (1 0 0);
    }
    right
    {
        type            zeroGradient;
    }
    down
    {
        type            noSlip;
    }
    up
    {
        type            noSlip;
    }
    cylinder
    {
        type            noSlip;
    }
    defaultFaces
    {
        type            empty;
    }
}


// ************************************************************************* //
