/*--------------------------------*- C++ -*----------------------------------*\
  =========                 |
  \\      /  F ield         | OpenFOAM: The Open Source CFD Toolbox
   \\    /   O peration     | Website:  https://openfoam.org
    \\  /    A nd           | Version:  13
     \\/     M anipulation  |
\*---------------------------------------------------------------------------*/
FoamFile
{
    format      ascii;
    class       volScalarField;
    location    "6.39";
    object      p;
}
// * * * * * * * * * * * * * * * * * * * * * * * * * * * * * * * * * * * * * //

dimensions      [0 2 -2 0 0 0 0];

internalField   nonuniform List<scalar> 
440
(
-0.643311
-0.626656
-0.655061
-0.628713
-0.761006
-0.65352
-0.635801
-0.620209
-0.605081
-0.608526
-0.744212
-0.714106
-0.68148
-0.646205
-0.608563
-0.858977
-0.810724
-0.736379
-0.648306
-0.559555
-0.949038
-0.886988
-0.7526
-0.612985
-0.485374
-0.781225
-0.781521
-0.79223
-0.813003
-0.835097
-0.65538
-0.660341
-0.673575
-0.692941
-0.710822
-0.574308
-0.578939
-0.589255
-0.602339
-0.61104
-0.573373
-0.577905
-0.587301
-0.598677
-0.605129
-0.588583
-0.595385
-0.610162
-0.610958
-0.655781
-0.923274
-0.761352
-0.772749
-0.552541
-0.095864
-0.816622
-0.609753
-0.802324
-0.704578
-0.0778235
-0.638782
-0.419092
-0.768223
-0.808026
-0.0730816
-0.479384
-0.225589
-0.723371
-0.834309
-0.0813927
-0.461603
-0.0705061
-0.681472
-0.797051
-0.0950386
-0.290447
0.0476982
-0.606718
-0.687473
-0.111924
-0.104938
-0.00391651
-0.363863
-0.458897
-0.132526
-0.130307
0.101099
-0.133742
-0.268139
-0.136932
-0.0564606
0.199874
-0.00858425
-0.197255
-0.133975
0.000210612
0.269464
0.1681
-0.113958
-0.138718
-0.265412
-0.388587
-0.579218
-0.764875
-0.896249
-0.0273919
-0.151984
-0.236461
-0.27688
-0.280695
0.138436
0.0272528
-0.0445124
-0.0996707
-0.134022
0.233795
0.125867
0.0443801
-0.0152769
-0.0505416
0.275449
0.167466
0.0851876
0.0292633
0.00321857
1.07302
0.932293
0.752845
0.549487
0.321331
0.66081
0.508228
0.320311
0.105554
-0.138711
0.255749
0.100189
-0.0968438
-0.321941
-0.539128
-0.0958086
-0.254594
-0.448273
-0.65884
-0.821388
-0.329198
-0.483654
-0.661276
-0.846745
-0.948355
2.23266
2.26476
2.29462
2.3109
2.30987
2.04575
2.06825
2.08655
2.08835
2.06927
1.8193
1.81206
1.7836
1.73302
1.65637
1.56914
1.53692
1.47102
1.37467
1.2487
1.32755
1.23223
1.10584
0.955644
0.771973
1.9766
1.9662
1.9569
2.01511
2.10969
1.96664
1.9537
1.93851
1.99088
2.02213
1.9577
1.9379
1.91735
1.95473
1.91169
1.95011
1.91939
1.89375
1.90783
1.75085
1.9438
1.90002
1.86876
1.85354
1.57994
1.93915
1.86964
1.8359
1.75227
1.37923
1.93819
1.83758
1.8213
1.64276
1.43733
1.94438
1.82057
1.81275
1.56757
1.40175
1.93925
1.79694
1.8082
1.51103
1.35067
1.97657
1.78807
1.80619
1.48738
1.34054
1.03733
0.738061
0.395913
0.10394
-0.0951036
0.943762
0.72751
0.492914
0.28937
0.11663
0.922228
0.751194
0.577903
0.420238
0.26742
0.955823
0.804729
0.651599
0.503686
0.361495
0.991053
0.844951
0.696344
0.547033
0.404499
-1.32896
-1.17878
-1.00717
-0.866893
-0.78473
-1.37719
-1.31246
-1.18398
-1.07894
-1.01663
-1.28067
-1.23171
-1.1576
-1.09664
-1.05898
-1.11101
-1.0688
-1.02509
-0.991309
-0.97054
-0.970806
-0.948019
-0.919564
-0.900807
-0.921504
-0.891179
-0.878425
-0.847218
-0.840354
-0.8229
-0.886704
-0.871273
-0.847457
-0.833779
-0.836611
-0.917191
-0.902776
-0.886365
-0.877013
-0.883928
-0.932981
-0.92397
-0.919673
-0.927176
-0.943406
-0.89041
-0.886575
-0.891236
-0.908282
-0.932931
-0.934017
-0.761156
-0.331197
-0.24715
-0.00871593
-0.930425
-0.722643
-0.338113
-0.259909
-0.0264987
-0.8991
-0.741117
-0.403668
-0.300389
-0.0689102
-0.947744
-0.80407
-0.531814
-0.35342
-0.104972
-0.960021
-0.824783
-0.670871
-0.422897
-0.113048
-0.439413
-0.877893
-0.451652
-0.278892
-0.00810073
-0.818466
-0.849221
-0.369145
-0.239499
-0.00217693
-0.737577
-0.993258
-1.02641
-0.989314
-0.758641
-0.757919
-0.992131
-1.04018
-0.973481
-0.968169
1.88582
1.85844
1.81229
1.74832
1.66405
2.07194
2.0903
2.09176
2.07477
2.04026
2.23
2.26222
2.28563
2.29597
2.29159
2.31989
2.35967
2.40143
2.43524
2.45039
2.31851
2.35693
2.39966
2.43579
2.45278
-0.312079
-0.421032
-0.593506
-0.801527
-1.05016
0.313887
0.170975
-0.0201132
-0.250273
-0.54811
0.874545
0.724762
0.546305
0.335641
0.0663204
1.32371
1.20833
1.06721
0.894796
0.683477
1.68079
1.59843
1.49108
1.36256
1.21069
2.04132
1.99872
1.99186
2.00119
2.02249
2.02569
1.99491
1.99058
2.01791
2.0837
2.01204
1.99003
1.98934
2.0352
2.15598
1.99927
1.98411
1.98257
2.03873
2.16456
1.98743
1.97665
1.97148
2.03229
2.15433
2.09606
2.00606
1.98029
1.92704
1.9016
2.05199
1.99626
1.97542
1.94759
1.90858
1.56069
1.33752
0.942431
0.362721
-0.280206
1.64725
1.37095
0.958461
0.38333
-0.271154
)
;

boundaryField
{
    left
    {
        type            zeroGradient;
    }
    right
    {
        type            fixedValue;
        value           uniform 0;
    }
    down
    {
        type            zeroGradient;
    }
    up
    {
        type            zeroGradient;
    }
    cylinder
    {
        type            zeroGradient;
    }
    defaultFaces
    {
        type            empty;
    }
}


// ************************************************************************* //
