/*--------------------------------*- C++ -*----------------------------------*\
  =========                 |
  \\      /  F ield         | OpenFOAM: The Open Source CFD Toolbox
   \\    /   O peration     | Website:  https://openfoam.org
    \\  /    A nd           | Version:  13
     \\/     M anipulation  |
\*---------------------------------------------------------------------------*/
FoamFile
{
    format      ascii;
    class       volVectorField;
    location    "0.5575";
    object      U;
}
// * * * * * * * * * * * * * * * * * * * * * * * * * * * * * * * * * * * * * //

dimensions      [0 1 -1 0 0 0 0];

internalField   nonuniform List<vector> 
1800
(
(0.0110544 -0.0203518 1.4366e-19)
(0.520196 -0.444703 6.62532e-20)
(1.03251 -0.848544 -4.12046e-19)
(1.32558 -1.04596 5.08988e-19)
(1.44591 -1.08938 1.3001e-18)
(1.48109 -1.05968 5.64266e-19)
(1.48292 -1.00538 -2.92895e-19)
(1.47289 -0.947378 -7.33198e-19)
(1.46173 -0.886214 -3.92154e-19)
(1.42895 -0.834922 -3.23515e-19)
(0.0344615 -0.036844 6.40481e-20)
(0.623735 -0.451085 -3.15258e-19)
(1.1922 -0.83353 4.64786e-21)
(1.50576 -1.01419 -4.51234e-19)
(1.62603 -1.04913 1.19603e-19)
(1.65416 -1.01622 1.29563e-18)
(1.64831 -0.960901 -9.31595e-19)
(1.63255 -0.901714 4.76823e-19)
(1.6168 -0.840812 7.88803e-19)
(1.59459 -0.796915 -4.07979e-19)
(0.0652613 -0.0529608 2.97136e-21)
(0.734281 -0.446539 9.57124e-20)
(1.35253 -0.798681 3.17224e-19)
(1.6806 -0.959064 -2.89582e-19)
(1.79698 -0.986223 -1.53418e-18)
(1.81559 -0.953163 3.46996e-19)
(1.79979 -0.901382 6.14793e-19)
(1.77484 -0.847558 -7.66133e-20)
(1.75025 -0.793985 -5.21366e-21)
(1.71887 -0.752328 -3.42622e-20)
(0.103452 -0.066783 -7.45084e-21)
(0.849832 -0.428408 -1.10934e-19)
(1.51018 -0.74176 -2.64105e-19)
(1.84709 -0.878304 6.95821e-20)
(1.9572 -0.897088 3.97801e-19)
(1.96614 -0.863945 3.65422e-20)
(1.94124 -0.815292 -2.49125e-20)
(1.90839 -0.765251 5.6449e-19)
(1.87654 -0.715432 4.70498e-19)
(1.8415 -0.67856 -1.58022e-19)
(0.148722 -0.0768806 1.07397e-19)
(0.967751 -0.396169 1.73721e-19)
(1.66079 -0.664424 -8.0611e-20)
(1.99998 -0.775661 -9.49779e-20)
(2.10113 -0.787428 -1.19736e-18)
(2.10004 -0.756509 1.07427e-20)
(2.06664 -0.713573 9.57105e-19)
(2.02684 -0.670088 3.29172e-19)
(1.98879 -0.627449 2.20592e-20)
(1.94969 -0.59512 -2.08843e-19)
(0.19989 -0.081365 -7.8359e-20)
(1.08441 -0.348334 2.46658e-19)
(1.79976 -0.566655 1.03072e-18)
(2.13486 -0.651945 -7.94141e-19)
(2.22497 -0.657885 -8.68403e-19)
(2.21398 -0.63044 1.46684e-18)
(2.17295 -0.594134 -1.06013e-18)
(2.12705 -0.557816 -1.1769e-18)
(2.0836 -0.522423 8.53619e-19)
(2.04105 -0.495836 -3.08297e-20)
(0.255451 -0.0788542 7.83019e-20)
(1.19607 -0.284938 -5.83469e-19)
(1.92291 -0.450654 -2.72994e-18)
(2.24802 -0.510883 1.31903e-18)
(2.32571 -0.513006 2.19183e-18)
(2.30553 -0.490723 -6.41166e-21)
(2.2582 -0.462382 -2.86389e-18)
(2.2076 -0.434321 2.19679e-22)
(2.16015 -0.407104 2.58606e-18)
(2.11499 -0.386681 6.82322e-19)
(0.313189 -0.0681619 9.24674e-22)
(1.29851 -0.206385 4.57074e-19)
(2.026 -0.318732 2.10405e-18)
(2.336 -0.355802 -7.17605e-20)
(2.40063 -0.356281 -1.40995e-18)
(2.37231 -0.340509 -4.41682e-19)
(2.32008 -0.321044 0)
(2.26608 -0.30193 1.00577e-18)
(2.21578 -0.283417 7.2465e-21)
(2.16886 -0.269834 -8.24715e-19)
(0.370463 -0.0486792 4.00129e-21)
(1.38763 -0.114163 9.74018e-19)
(2.10549 -0.174231 1.88684e-18)
(2.39652 -0.190898 -1.93485e-18)
(2.44829 -0.191998 -1.43701e-18)
(2.41325 -0.183819 4.49785e-19)
(2.35766 -0.173879 -1.89742e-18)
(2.30163 -0.164133 -1.30038e-18)
(2.24976 -0.154597 1.54355e-18)
(2.20201 -0.148111 1.31832e-18)
(0.424313 -0.0204803 1.10666e-19)
(1.45969 -0.0105074 6.647e-19)
(2.15849 -0.020838 3.5348e-19)
(2.42824 -0.0205044 -2.80926e-18)
(2.46788 -0.0242877 3.51012e-20)
(2.42778 -0.0244523 4.28475e-18)
(2.37044 -0.0243647 -2.28079e-18)
(2.31374 -0.0241434 -1.2759e-18)
(2.26156 -0.0236515 4.20519e-19)
(2.21399 -0.0243212 -9.58109e-19)
(-0.00461754 0.00192854 9.93559e-20)
(-0.00242766 -0.0850702 4.80176e-20)
(0.0423959 -0.175102 -1.52517e-21)
(0.1039 -0.225995 -8.98138e-21)
(0.171516 -0.244037 -1.95058e-21)
(0.237546 -0.244757 -4.27098e-20)
(0.298784 -0.238472 1.5784e-20)
(0.354726 -0.230082 -2.44755e-20)
(0.405096 -0.221537 3.31137e-21)
(0.452931 -0.214764 -8.70673e-21)
(-0.0061996 0.012183 2.6592e-20)
(0.0102951 -0.128318 7.23207e-20)
(0.0703929 -0.280169 -9.83177e-20)
(0.140395 -0.366113 -4.30987e-20)
(0.210706 -0.39514 -7.97801e-20)
(0.276448 -0.394 -8.1199e-20)
(0.336176 -0.380738 3.108e-20)
(0.390281 -0.363947 -1.90333e-20)
(0.438645 -0.347119 -3.0876e-21)
(0.485477 -0.334651 -7.03461e-21)
(-0.00926771 0.0208827 -4.63061e-20)
(0.0304767 -0.171418 1.69487e-19)
(0.115855 -0.381858 6.93545e-20)
(0.200026 -0.5005 2.56108e-19)
(0.274864 -0.539393 4.76921e-20)
(0.340163 -0.536077 -2.76512e-19)
(0.397433 -0.515931 -3.49565e-20)
(0.448529 -0.491002 9.55125e-20)
(0.493616 -0.466291 -4.19446e-20)
(0.538904 -0.448332 -7.90553e-21)
(-0.0132774 0.0273867 -1.19471e-19)
(0.0586233 -0.214035 -2.7442e-20)
(0.178632 -0.478327 3.35691e-20)
(0.282118 -0.626263 -1.41538e-19)
(0.363008 -0.673445 8.53657e-20)
(0.427566 -0.667543 1.89127e-19)
(0.481397 -0.640684 5.14842e-20)
(0.528336 -0.608007 -9.35014e-21)
(0.568958 -0.575986 2.30987e-20)
(0.612175 -0.552791 -2.74039e-21)
(-0.0174419 0.0310675 0)
(0.0953975 -0.255795 9.25922e-20)
(0.258418 -0.567757 2.29334e-19)
(0.385615 -0.740576 -2.61156e-19)
(0.473678 -0.794065 -5.70494e-19)
(0.537041 -0.785116 1.92397e-19)
(0.586451 -0.751814 -2.54705e-20)
(0.628156 -0.711938 -1.06385e-19)
(0.663274 -0.67334 0)
(0.703921 -0.645186 -9.25504e-21)
(-0.0208442 0.0316151 5.72534e-20)
(0.1416 -0.29633 8.49309e-20)
(0.35467 -0.648403 3.09037e-20)
(0.508994 -0.840762 2.52989e-19)
(0.60485 -0.898239 -1.99417e-19)
(0.666405 -0.885797 -2.90985e-19)
(0.710456 -0.846472 5.1493e-19)
(0.745983 -0.800119 5.75984e-20)
(0.774794 -0.755816 -3.01962e-19)
(0.812377 -0.722903 -7.29259e-21)
(-0.0227721 0.0283418 5.58248e-22)
(0.197428 -0.335202 2.58422e-20)
(0.466712 -0.718301 1.43409e-19)
(0.650272 -0.924226 2.80857e-20)
(0.753882 -0.983246 3.25835e-19)
(0.812818 -0.966997 -4.04963e-19)
(0.850637 -0.922293 -4.13543e-19)
(0.879213 -0.87042 -3.47092e-19)
(0.901245 -0.821371 2.54483e-19)
(0.935037 -0.783626 2.76131e-19)
(-0.0215976 0.0207704 -1.32091e-19)
(0.263541 -0.371293 4.72056e-20)
(0.59315 -0.775498 3.10744e-19)
(0.806719 -0.988718 -1.81201e-19)
(0.917423 -1.04697 3.38021e-19)
(0.97279 -1.02698 8.02817e-19)
(1.00361 -0.978001 5.56882e-19)
(1.0246 -0.92212 -4.38435e-19)
(1.03974 -0.869506 -2.07999e-19)
(1.0678 -0.826526 3.01457e-19)
(-0.0159807 0.00937403 -2.11238e-19)
(0.33998 -0.403053 -3.53843e-19)
(0.731553 -0.817958 6.38243e-19)
(0.974348 -1.03218 7.33122e-19)
(1.09076 -1.08767 -7.51484e-19)
(1.14139 -1.06448 8.39545e-19)
(1.16442 -1.01298 1.39079e-19)
(1.1771 -0.955548 -1.01915e-18)
(1.18525 -0.901081 -2.5027e-19)
(1.20246 -0.852874 3.41846e-19)
(-0.00534772 -0.00471059 6.75298e-20)
(0.425646 -0.428307 -3.67863e-19)
(0.878555 -0.843168 -4.3927e-19)
(1.14803 -1.05209 7.57125e-19)
(1.26759 -1.10269 6.09478e-19)
(1.31138 -1.07653 -7.60322e-19)
(1.3247 -1.02377 -6.31125e-19)
(1.32703 -0.966595 3.75821e-19)
(1.3266 -0.910627 -3.91508e-19)
(1.32382 -0.858664 -2.38366e-19)
(0.628642 -0.174833 4.43187e-20)
(0.804573 -0.132557 -5.8312e-20)
(0.890209 -0.103989 5.73068e-21)
(0.940396 -0.0814988 1.18278e-20)
(0.969553 -0.0632434 -6.00007e-21)
(0.986968 -0.0482808 -3.17525e-21)
(0.997774 -0.0359862 -4.86997e-21)
(1.0046 -0.0257397 -3.15439e-21)
(1.00872 -0.0175895 7.71368e-21)
(1.01145 -0.00725351 2.91466e-21)
(0.646371 -0.249233 1.19048e-19)
(0.816723 -0.171304 1.16475e-20)
(0.898548 -0.124874 4.04799e-21)
(0.94675 -0.0932619 -6.15828e-21)
(0.974601 -0.0701518 -1.57939e-20)
(0.991036 -0.0524298 0)
(1.00108 -0.0385245 -5.05848e-21)
(1.00733 -0.0272951 3.88901e-21)
(1.01106 -0.0185386 4.80643e-22)
(1.01345 -0.00762378 -3.33449e-21)
(0.67468 -0.320946 -7.95554e-20)
(0.834275 -0.209423 -3.36678e-20)
(0.909635 -0.145576 1.48465e-20)
(0.95449 -0.104923 -8.65854e-21)
(0.980411 -0.0769612 -3.80339e-21)
(0.995553 -0.0564811 6.12885e-21)
(1.00466 -0.0409695 0)
(1.01023 -0.0287694 0)
(1.0135 -0.0194218 -2.04711e-21)
(1.01554 -0.00796457 0)
(0.713543 -0.388499 -3.77128e-20)
(0.856928 -0.246398 6.96019e-20)
(0.923462 -0.165884 7.76216e-21)
(0.963624 -0.11637 0)
(0.986982 -0.0836032 2.10136e-20)
(1.00051 -0.060393 -3.47697e-21)
(1.0085 -0.0432948 0)
(1.01329 -0.0301456 4.36202e-21)
(1.01607 -0.0202286 0)
(1.01771 -0.00827118 3.0162e-22)
(0.762927 -0.450446 -3.90943e-20)
(0.884313 -0.281715 9.49721e-20)
(0.939984 -0.185587 -4.19404e-21)
(0.974151 -0.127497 0)
(0.994308 -0.0900129 4.47076e-21)
(1.0059 -0.0641251 6.83547e-21)
(1.0126 -0.0454741 5.96027e-21)
(1.01651 -0.031407 1.09197e-21)
(1.01873 -0.0209478 -2.1503e-21)
(1.01994 -0.00853905 2.68898e-21)
(0.822548 -0.50539 -7.45368e-19)
(0.915989 -0.314993 -1.82984e-19)
(0.959111 -0.204537 1.63583e-21)
(0.986068 -0.138205 2.99691e-20)
(1.00238 -0.0961309 -6.98742e-21)
(1.01171 -0.0676369 4.96226e-21)
(1.01693 -0.0474811 5.28643e-21)
(1.01985 -0.0325355 -9.42772e-21)
(1.02146 -0.021569 -2.12218e-22)
(1.02223 -0.00876469 8.86557e-22)
(0.89127 -0.551612 -7.66636e-21)
(0.951031 -0.345504 7.24063e-20)
(0.980591 -0.222614 2.85797e-21)
(0.999337 -0.148448 -8.69552e-22)
(1.01117 -0.101921 -2.35293e-20)
(1.01792 -0.0708991 5.36064e-21)
(1.0215 -0.0492921 -3.61049e-21)
(1.02332 -0.0335142 -4.2783e-21)
(1.02426 -0.0220811 1.01068e-21)
(1.02456 -0.00894316 -1.88021e-21)
(0.967431 -0.587315 2.90023e-19)
(0.987238 -0.37191 8.96579e-20)
(1.00326 -0.239142 0)
(1.01361 -0.157922 -4.75989e-22)
(1.02056 -0.107252 1.91127e-20)
(1.02445 -0.073851 1.15175e-21)
(1.02623 -0.0508795 -1.58889e-20)
(1.02689 -0.034327 4.39172e-21)
(1.0271 -0.0224735 -3.69791e-23)
(1.0269 -0.0090705 9.63852e-23)
(1.05443 -0.615231 -4.26175e-19)
(1.02455 -0.396401 -2.44004e-19)
(1.02553 -0.254964 5.51329e-20)
(1.02779 -0.1668 -2.94052e-22)
(1.03 -0.11207 -2.33125e-21)
(1.03108 -0.0764091 -1.5277e-20)
(1.03104 -0.0521835 4.12151e-21)
(1.0305 -0.0349409 5.26527e-22)
(1.02995 -0.0227295 -3.19955e-21)
(1.02926 -0.00914494 -3.41708e-21)
(1.15788 -0.641564 2.98973e-19)
(1.07319 -0.420858 -2.41545e-19)
(1.05074 -0.273835 -4.19819e-20)
(1.04248 -0.178255 -4.39521e-20)
(1.03938 -0.118312 -2.40078e-20)
(1.03758 -0.0796037 -1.18198e-20)
(1.03581 -0.0537056 -5.71031e-21)
(1.03409 -0.0355765 0)
(1.03278 -0.0229409 -3.24651e-22)
(1.03162 -0.00917727 1.32691e-21)
(1.31271 -0.628413 4.73732e-19)
(1.17566 -0.42038 1.61035e-19)
(1.1095 -0.275477 -1.26426e-19)
(1.07606 -0.180072 7.98374e-21)
(1.05895 -0.119388 9.45635e-21)
(1.04959 -0.0799862 -5.50768e-21)
(1.04356 -0.0536528 1.2066e-22)
(1.03937 -0.0353257 4.61977e-21)
(1.03664 -0.0226528 -3.09662e-21)
(1.03467 -0.00904232 4.81647e-22)
(1.36321 -0.514249 -7.83402e-21)
(1.20736 -0.358239 1.52675e-19)
(1.13724 -0.244318 1.28325e-19)
(1.09832 -0.164809 -1.54355e-20)
(1.07499 -0.11124 5.90514e-20)
(1.06079 -0.0752071 3.777e-20)
(1.05141 -0.0506475 2.55227e-20)
(1.04499 -0.033401 -2.48693e-21)
(1.04091 -0.0214375 8.44944e-21)
(1.03808 -0.00854808 3.59763e-21)
(1.42066 -0.442672 -1.45075e-19)
(1.25754 -0.321387 -1.19817e-20)
(1.17303 -0.223824 6.56261e-21)
(1.12286 -0.152742 6.27201e-37)
(1.09149 -0.103601 6.47679e-22)
(1.07193 -0.0701639 -1.05004e-34)
(1.05908 -0.0472405 -2.86419e-21)
(1.05043 -0.031119 -2.09769e-34)
(1.045 -0.0199516 8.31162e-22)
(1.0413 -0.00794928 -2.65186e-21)
(1.45683 -0.362651 -2.19281e-34)
(1.29278 -0.272668 -4.1937e-20)
(1.20134 -0.195114 -4.48313e-20)
(1.14373 -0.135711 0)
(1.10612 -0.0929797 -2.56146e-20)
(1.08201 -0.0632725 -1.72384e-20)
(1.06609 -0.0426773 -9.986e-21)
(1.05542 -0.0281219 -2.52686e-34)
(1.04875 -0.0180313 -2.89068e-21)
(1.04422 -0.00718375 2.53826e-21)
(1.47935 -0.291988 -8.95425e-20)
(1.31968 -0.226112 4.83337e-21)
(1.22435 -0.165185 0)
(1.16131 -0.116616 0)
(1.11879 -0.0805825 0)
(1.09086 -0.0550783 0)
(1.0723 -0.0372246 -5.41172e-22)
(1.05985 -0.0245435 -2.8082e-34)
(1.05207 -0.0157429 7.21396e-22)
(1.04681 -0.00627379 3.05083e-34)
(1.49325 -0.226784 -3.47469e-20)
(1.33959 -0.180013 0)
(1.24236 -0.133903 0)
(1.17559 -0.0957845 0)
(1.1293 -0.066709 0)
(1.09834 -0.0457872 0)
(1.07757 -0.0310093 8.84472e-22)
(1.06363 -0.0204612 5.98558e-21)
(1.05492 -0.0131327 6.72245e-22)
(1.04902 -0.0052359 3.2074e-21)
(1.50132 -0.166701 0)
(1.35371 -0.135075 -1.21736e-20)
(1.25585 -0.102001 -1.70705e-20)
(1.18661 -0.0737842 0)
(1.13759 -0.0517385 -1.16998e-20)
(1.1043 -0.0356471 -8.26126e-21)
(1.0818 -0.0241894 -4.77928e-21)
(1.06666 -0.0159762 -3.49011e-21)
(1.0572 -0.0102624 4.49288e-21)
(1.05077 -0.00409464 1.63568e-21)
(1.50459 -0.110933 9.35185e-21)
(1.36195 -0.0906148 7.1787e-21)
(1.26425 -0.0690618 -4.30946e-21)
(1.19366 -0.0503833 2.44362e-36)
(1.14295 -0.0355104 8.46241e-22)
(1.10807 -0.0245392 -6.29404e-35)
(1.08439 -0.0166794 6.29702e-22)
(1.06841 -0.0110263 2.89956e-21)
(1.0584 -0.00708208 5.46825e-22)
(1.05158 -0.00282169 -2.12296e-21)
(1.48444 -0.0544543 -4.60166e-20)
(1.34461 -0.0491397 9.99599e-21)
(1.24924 -0.0387248 1.13975e-20)
(1.17994 -0.0286907 0)
(1.12974 -0.0203557 7.22885e-21)
(1.09498 -0.0141139 5.11339e-21)
(1.07127 -0.0096125 3.97834e-21)
(1.05526 -0.0063647 2.21148e-21)
(1.04524 -0.0040887 -2.03003e-21)
(1.03839 -0.00162633 2.48567e-21)
(1.10429 -0.00222549 0)
(1.0172 -0.00641072 0)
(0.951781 -0.00601854 0)
(0.90174 -0.00467983 0)
(0.864715 -0.00336619 0)
(0.838887 -0.00235608 0)
(0.821189 -0.00161602 4.74228e-22)
(0.809179 -0.00108128 -3.34015e-36)
(0.801636 -0.000681939 5.41083e-22)
(0.796546 -0.000260045 1.98234e-21)
(2.12943 -0.0233 8.91163e-19)
(2.12014 -0.129405 6.16457e-20)
(2.093 -0.233603 -1.32437e-19)
(2.04824 -0.3334 -3.51985e-19)
(1.98764 -0.427207 -1.2232e-19)
(1.91031 -0.513585 -1.82353e-19)
(1.82632 -0.584336 -4.35161e-19)
(1.71314 -0.661113 1.39496e-19)
(1.63446 -0.680064 0)
(1.4679 -0.763942 4.41822e-20)
(2.04404 -0.0164664 2.21752e-19)
(2.0364 -0.0959461 -3.45004e-19)
(2.01543 -0.174636 -3.63609e-21)
(1.97999 -0.251097 -1.3956e-19)
(1.93549 -0.323377 2.13803e-20)
(1.87207 -0.395236 1.27064e-19)
(1.81561 -0.44541 1.8491e-20)
(1.71964 -0.527148 9.75087e-20)
(1.66792 -0.526535 -1.19055e-19)
(1.55156 -0.618563 2.552e-20)
(1.9697 -0.0126388 -1.16355e-19)
(1.96387 -0.0760674 2.11767e-19)
(1.94763 -0.138515 1.92896e-19)
(1.91899 -0.199389 -2.29231e-19)
(1.88465 -0.255984 1.03893e-19)
(1.83265 -0.315343 1.23565e-19)
(1.7895 -0.35197 -6.58835e-20)
(1.71403 -0.425601 7.79434e-20)
(1.66761 -0.421637 7.96465e-20)
(1.58333 -0.504231 1.02933e-19)
(1.91316 -0.0119381 -1.94123e-19)
(1.9084 -0.060356 4.97875e-20)
(1.89486 -0.108172 -1.10756e-19)
(1.87099 -0.155445 -6.70294e-20)
(1.84235 -0.199221 2.9689e-20)
(1.79977 -0.246941 -1.06127e-19)
(1.76273 -0.275273 8.28436e-20)
(1.70413 -0.335982 2.95163e-20)
(1.66112 -0.333677 -1.49297e-20)
(1.59802 -0.401473 9.27547e-21)
(1.86885 -0.0102075 5.54144e-20)
(1.86493 -0.0471409 4.73578e-20)
(1.85329 -0.0835379 -6.40692e-20)
(1.83309 -0.119676 2.31578e-19)
(1.80803 -0.153067 1.52158e-20)
(1.77273 -0.189939 -1.37728e-19)
(1.73922 -0.212186 2.08984e-20)
(1.69244 -0.25903 -8.84219e-20)
(1.65277 -0.259231 1.16758e-19)
(1.60264 -0.311681 8.50644e-20)
(1.83536 -0.00989243 -1.03769e-19)
(1.83209 -0.0369215 -5.83984e-20)
(1.82178 -0.0635619 3.63819e-20)
(1.80414 -0.0901328 8.05422e-20)
(1.78138 -0.114841 3.88683e-20)
(1.75112 -0.142212 -4.07508e-20)
(1.71987 -0.159517 3.20762e-21)
(1.68061 -0.194138 5.56404e-20)
(1.64382 -0.196212 1.0544e-19)
(1.60147 -0.235287 -5.53134e-20)
(1.81096 -0.0100612 -4.33058e-20)
(1.80827 -0.0285461 -7.94158e-20)
(1.79894 -0.0467466 -5.00943e-20)
(1.78313 -0.0649964 -1.01008e-19)
(1.76193 -0.0821462 -2.2141e-20)
(1.73495 -0.101239 -5.75189e-21)
(1.70523 -0.113885 4.8221e-20)
(1.67054 -0.138231 -1.73714e-20)
(1.63597 -0.140947 -3.29607e-20)
(1.59796 -0.168939 1.09485e-20)
(1.79042 -0.00954043 3.486e-20)
(1.78889 -0.0204876 3.4404e-20)
(1.78097 -0.0311807 1.25401e-20)
(1.76708 -0.0419723 -2.19869e-20)
(1.74761 -0.0523198 -1.78237e-20)
(1.72328 -0.064192 3.67977e-20)
(1.69492 -0.0723838 -1.38224e-21)
(1.66304 -0.0884897 -4.9155e-20)
(1.63006 -0.0907079 1.14368e-20)
(1.59414 -0.11082 5.16253e-20)
(1.71565 -0.0143493 -2.60976e-20)
(1.7158 -0.0166062 4.37705e-21)
(1.71223 -0.0184931 3.9676e-20)
(1.70455 -0.0203813 3.6342e-21)
(1.69233 -0.0220831 -2.13286e-21)
(1.67648 -0.0252204 -7.45357e-21)
(1.65578 -0.0262615 2.00442e-20)
(1.63294 -0.0338266 -3.00979e-20)
(1.60473 -0.0325885 3.78185e-20)
(1.57841 -0.044827 1.23031e-19)
(1.11792 -0.00892679 2.95953e-20)
(1.10961 -0.00581815 1.88338e-20)
(1.10444 -0.00271444 1.47812e-20)
(1.10287 0.000317313 1.55501e-20)
(1.10392 0.0031965 -1.98924e-21)
(1.10851 0.00560659 7.15849e-21)
(1.11215 0.00817609 -9.52912e-21)
(1.12214 0.00808872 2.19943e-21)
(1.12017 0.0117457 -3.60167e-21)
(1.1371 0.00716319 4.05142e-21)
(1.38581 0.742903 -5.70278e-20)
(1.37023 0.788876 2.49359e-20)
(1.37352 0.847365 -4.41393e-19)
(1.38256 0.912915 2.16245e-19)
(1.39234 0.981748 8.65469e-19)
(1.39849 1.05077 -1.36847e-19)
(1.38284 1.10555 -8.47315e-19)
(1.28361 1.0884 -4.62658e-20)
(0.981991 0.875725 -4.00607e-19)
(0.411531 0.371964 1.63101e-19)
(1.56104 0.725599 0)
(1.5509 0.771772 5.37239e-19)
(1.54859 0.824507 1.20825e-18)
(1.55367 0.885568 -7.35409e-19)
(1.56396 0.952098 -1.78189e-18)
(1.57346 1.0202 -1.39563e-19)
(1.55965 1.07439 -1.78305e-19)
(1.45025 1.05672 6.39943e-19)
(1.10798 0.846913 7.99902e-19)
(0.460447 0.354538 3.67184e-19)
(1.6972 0.708695 6.09391e-20)
(1.70105 0.752355 0)
(1.70547 0.799595 -6.40362e-20)
(1.71503 0.854388 7.67598e-19)
(1.72986 0.91538 5.20392e-20)
(1.74406 0.978823 -1.88169e-18)
(1.73197 1.02892 1.19247e-18)
(1.61137 1.00856 7.47062e-19)
(1.22742 0.803842 -7.23661e-19)
(0.504349 0.329864 -2.79121e-19)
(1.80498 0.674939 -1.38753e-19)
(1.82148 0.714117 -1.04287e-19)
(1.83734 0.756545 2.2948e-19)
(1.8568 0.805703 -2.86768e-19)
(1.88032 0.860887 -1.37056e-18)
(1.90181 0.91858 -1.0679e-18)
(1.89232 0.963086 1.16639e-18)
(1.75975 0.939013 7.5424e-19)
(1.33288 0.742779 0)
(0.538028 0.296088 0)
(1.89855 0.616545 -8.03843e-19)
(1.92474 0.651603 -1.42894e-18)
(1.95145 0.690193 -5.58928e-19)
(1.98146 0.734489 -3.30937e-20)
(2.01466 0.78395 0)
(2.04407 0.835353 1.39743e-19)
(2.03673 0.87357 1.66456e-19)
(1.89046 0.845727 2.12609e-19)
(1.42003 0.661951 -3.29398e-19)
(0.559102 0.253545 -8.2288e-20)
(1.98461 0.536519 9.81784e-19)
(2.01774 0.567766 -4.14167e-20)
(2.05293 0.602472 -1.15274e-18)
(2.09181 0.64174 0)
(2.13354 0.685067 0)
(2.16975 0.729648 0)
(2.16293 0.761392 1.47469e-18)
(2.00062 0.730417 -1.83006e-18)
(1.48603 0.56375 -1.10788e-18)
(0.565628 0.204807 -8.62396e-20)
(2.06193 0.440857 -1.31605e-18)
(2.10005 0.46769 -2.7511e-18)
(2.14154 0.497459 -4.82167e-21)
(2.18721 0.530679 5.69135e-19)
(2.23557 0.56685 -4.06282e-20)
(2.27668 0.603494 1.31031e-18)
(2.26801 0.628954 -7.47461e-19)
(2.0874 0.59753 -2.19239e-18)
(1.52843 0.45505 1.66942e-19)
(0.558627 0.15503 1.27022e-19)
(2.12645 0.334151 -1.06246e-18)
(2.16836 0.355497 1.59304e-20)
(2.21449 0.379064 4.13237e-19)
(2.26514 0.405179 -4.06627e-19)
(2.31826 0.433308 6.43665e-19)
(2.36222 0.461158 1.89293e-18)
(2.34918 0.479547 -2.20878e-19)
(2.14758 0.450676 -1.23438e-18)
(1.54613 0.339296 2.93041e-19)
(0.540689 0.10563 4.82098e-20)
(2.17451 0.219331 4.10105e-19)
(2.21933 0.234315 8.02636e-20)
(2.2688 0.250561 -4.4015e-19)
(2.32288 0.268522 -1.05164e-18)
(2.37915 0.28773 9.21628e-20)
(2.42379 0.306663 9.48049e-20)
(2.40406 0.318933 -1.67971e-18)
(2.17956 0.29619 7.08846e-19)
(1.54023 0.220446 2.10029e-19)
(0.51138 0.0580929 -1.66794e-19)
(2.20425 0.0989996 8.09484e-19)
(2.25091 0.106557 -1.23956e-18)
(2.30234 0.114957 1.87004e-19)
(2.35841 0.124068 2.63221e-18)
(2.41604 0.133786 1.37705e-18)
(2.45935 0.14302 -3.20317e-18)
(2.43077 0.150787 -3.32627e-18)
(2.18321 0.137497 1.63112e-18)
(1.51138 0.102113 4.91787e-21)
(0.472035 0.0155388 4.77287e-20)
(0.511214 0.206238 -1.58549e-19)
(0.473616 0.213459 -1.45287e-19)
(0.430026 0.221376 7.87109e-20)
(0.381968 0.229843 -2.53595e-19)
(0.328982 0.238888 -3.05587e-20)
(0.270472 0.248356 2.11639e-19)
(0.205594 0.256222 4.90014e-20)
(0.133999 0.252726 -1.93997e-20)
(0.0622328 0.21248 5.15381e-21)
(0.00985678 0.103638 1.33446e-20)
(0.539031 0.306058 1.2802e-19)
(0.502337 0.320201 1.78207e-19)
(0.460175 0.335991 3.43384e-20)
(0.413682 0.352849 -6.72622e-20)
(0.362378 0.370751 -2.40381e-19)
(0.30569 0.389455 3.72625e-21)
(0.24242 0.405433 1.1016e-19)
(0.170506 0.401804 1.62239e-20)
(0.0928934 0.33603 -6.97481e-20)
(0.0247965 0.16027 -2.32651e-20)
(0.584054 0.401846 -1.28999e-19)
(0.548957 0.422642 -1.32491e-19)
(0.509263 0.44588 1.18749e-19)
(0.465435 0.470695 1.00497e-19)
(0.416956 0.497015 -6.1436e-20)
(0.363289 0.524485 -7.10386e-20)
(0.302629 0.548083 -8.41532e-20)
(0.23 0.544045 -1.9817e-20)
(0.142398 0.453368 -4.19978e-20)
(0.0484173 0.213488 3.27301e-21)
(0.645172 0.491537 6.13071e-20)
(0.612333 0.518585 -2.23349e-20)
(0.576083 0.548643 -1.0009e-19)
(0.535968 0.580775 2.42992e-20)
(0.49141 0.614879 -7.45498e-20)
(0.441915 0.650451 1.77576e-20)
(0.384822 0.680979 -1.68247e-19)
(0.311083 0.676194 -5.64639e-21)
(0.20943 0.561721 -2.26265e-19)
(0.0798762 0.261757 4.6555e-20)
(0.720823 0.573232 -1.36365e-20)
(0.690867 0.606048 -1.31715e-21)
(0.659011 0.642141 -4.20905e-20)
(0.623661 0.680783 -1.80228e-19)
(0.584123 0.721856 8.08438e-20)
(0.539909 0.764668 -3.59534e-20)
(0.487238 0.801251 1.04516e-19)
(0.412071 0.795246 -5.81465e-20)
(0.292217 0.65851 2.84398e-19)
(0.118074 0.303831 2.1138e-19)
(0.809053 0.645118 -3.21713e-20)
(0.782442 0.682822 -9.7416e-20)
(0.755699 0.723756 1.06714e-19)
(0.725955 0.767815 8.65183e-20)
(0.692401 0.814868 2.34683e-19)
(0.654511 0.863939 1.44632e-19)
(0.607056 0.905596 4.40353e-19)
(0.530062 0.897857 1.94866e-19)
(0.388334 0.740594 1.65907e-19)
(0.161777 0.338051 1.90248e-19)
(0.907413 0.70539 -9.33584e-20)
(0.88539 0.747403 3.6138e-19)
(0.865262 0.792221 2.21965e-19)
(0.842484 0.84055 -2.57773e-19)
(0.816011 0.892345 -1.35043e-19)
(0.785282 0.9464 4.90133e-19)
(0.743421 0.991957 -9.38656e-20)
(0.663702 0.982053 -3.05026e-19)
(0.496218 0.80652 -6.3352e-20)
(0.209888 0.363766 1.95696e-19)
(1.00785 0.753457 1.9495e-19)
(0.989343 0.797467 5.23516e-20)
(0.97608 0.844141 -5.72288e-19)
(0.96161 0.895559 7.84815e-20)
(0.9443 0.951194 3.7865e-19)
(0.923021 1.0092 -2.53985e-19)
(0.888563 1.05742 -6.23445e-20)
(0.806397 1.04461 -1.32502e-19)
(0.610569 0.853216 1.2433e-20)
(0.259625 0.379367 -2.87824e-19)
(1.12707 0.776017 2.0772e-20)
(1.11792 0.823365 -3.99542e-19)
(1.11301 0.871113 -3.15833e-21)
(1.10519 0.924469 3.26667e-19)
(1.09426 0.983406 -3.29653e-19)
(1.07966 1.04535 6.7713e-19)
(1.05002 1.09666 4.75733e-19)
(0.96237 1.08258 -7.23284e-19)
(0.733362 0.880339 -3.24399e-20)
(0.311374 0.385913 -2.83482e-19)
(1.19705 0.788467 -2.28847e-19)
(1.20218 0.838721 -2.22789e-19)
(1.21747 0.890017 2.36992e-19)
(1.22845 0.945975 5.41795e-19)
(1.23353 1.00601 2.14773e-19)
(1.23234 1.06821 -5.67768e-19)
(1.2116 1.11869 4.30295e-20)
(1.11983 1.10062 1.56466e-19)
(0.85648 0.889243 -1.91538e-19)
(0.361943 0.383525 -2.00048e-19)
(0.820458 0.0222267 3.80024e-21)
(1.1612 0.0426456 -1.62367e-20)
(0.913511 0.0490752 -1.44692e-20)
(1.04008 0.0519139 0)
(0.987039 0.0596811 1.62336e-20)
(0.972515 0.0705102 2.14927e-20)
(0.949141 0.0856452 2.73463e-20)
(0.898219 0.105485 5.5725e-20)
(0.828922 0.133874 -8.01481e-20)
(0.661534 0.17001 -1.03088e-19)
(0.819895 0.0190216 3.20877e-20)
(1.16106 0.042629 -5.13596e-20)
(0.913974 0.0511216 1.71915e-22)
(1.04182 0.0535238 -1.28914e-20)
(0.989701 0.0637351 8.87386e-21)
(0.976547 0.0767941 -1.10369e-20)
(0.954455 0.0967703 -6.81539e-20)
(0.906452 0.123063 0)
(0.838523 0.17178 1.73985e-19)
(0.683748 0.234178 -2.14079e-19)
(0.819096 0.0160026 -2.93836e-20)
(1.16114 0.0424697 1.65907e-20)
(0.91436 0.0529113 3.22532e-20)
(1.04405 0.0549031 1.24407e-20)
(0.992699 0.0675494 -2.16101e-20)
(0.981343 0.0828768 5.19053e-23)
(0.960803 0.107609 -4.84492e-20)
(0.917623 0.140539 -3.9632e-21)
(0.851715 0.208589 8.8854e-23)
(0.718778 0.296612 5.80349e-19)
(0.818059 0.013243 -2.19659e-20)
(1.16136 0.0421566 -1.48724e-21)
(0.914682 0.0543923 2.39037e-20)
(1.04678 0.056053 1.64447e-20)
(0.99604 0.07109 -9.33038e-21)
(0.986891 0.088706 -1.26601e-20)
(0.968278 0.118039 7.2672e-20)
(0.931526 0.157817 -1.12331e-21)
(0.868774 0.243783 -2.12897e-19)
(0.765987 0.356248 6.99911e-20)
(0.816775 0.0107767 1.5722e-20)
(1.16166 0.0416609 -2.88602e-20)
(0.914965 0.0555086 -1.72857e-20)
(1.04999 0.0569797 8.69729e-21)
(0.999733 0.0743224 0)
(0.993173 0.0942296 0)
(0.976983 0.12796 6.22778e-20)
(0.947926 0.174837 9.84708e-23)
(0.890002 0.276786 -1.02325e-19)
(0.824562 0.412186 8.20923e-20)
(0.815244 0.00865904 3.65879e-21)
(1.16196 0.0409505 2.02591e-20)
(0.915244 0.0562062 -4.33024e-20)
(1.05367 0.0576972 -2.77171e-20)
(1.00377 0.0772101 7.34304e-22)
(1.00017 0.0994006 5.16156e-20)
(0.987025 0.137296 9.80044e-20)
(0.966526 0.191527 -7.49984e-22)
(0.915837 0.306615 1.79934e-19)
(0.893616 0.464851 -1.88697e-19)
(0.813462 0.00696237 -2.02601e-20)
(1.16215 0.0399897 1.35528e-20)
(0.915566 0.0564278 -1.1526e-20)
(1.05785 0.0582312 -5.07304e-20)
(1.00812 0.0797145 -1.47982e-21)
(1.00786 0.104187 -8.2726e-22)
(0.998487 0.146015 -6.24232e-21)
(0.986923 0.207725 -1.79115e-19)
(0.947038 0.331783 1.38842e-19)
(0.97054 0.512126 -4.56105e-19)
(0.811424 0.00574781 -4.57588e-22)
(1.16215 0.0387247 -2.87408e-20)
(0.915988 0.0561237 2.22945e-20)
(1.0625 0.0586176 3.31286e-20)
(1.01278 0.0817852 -4.90018e-22)
(1.01626 0.108566 -6.13301e-20)
(1.0114 0.154164 -5.49804e-20)
(1.00882 0.223812 3.27127e-19)
(0.984272 0.355007 1.33931e-20)
(1.0545 0.563122 7.21707e-19)
(0.809123 0.00502737 9.56816e-21)
(1.16199 0.0370166 1.06716e-20)
(0.916593 0.0552313 2.95814e-20)
(1.06756 0.0588745 -3.3714e-20)
(1.01766 0.0832864 -5.81969e-20)
(1.02529 0.112213 1.55894e-21)
(1.02565 0.160597 -7.60694e-20)
(1.03243 0.235695 4.29678e-19)
(1.03084 0.365187 -8.06489e-21)
(1.13664 0.588697 -9.93524e-19)
(0.806617 0.00528039 1.59783e-21)
(1.16263 0.0350927 1.22211e-20)
(0.917192 0.0538913 8.91284e-21)
(1.07303 0.0593543 -6.75097e-20)
(1.02245 0.0850212 -5.79986e-20)
(1.03371 0.117225 -5.14506e-20)
(1.03787 0.170789 -1.36179e-19)
(1.05045 0.25567 -3.96284e-19)
(1.07082 0.393614 -2.4268e-19)
(1.22654 0.656813 -1.03565e-18)
(0.804326 0.00502242 -4.47832e-21)
(1.16575 0.0318036 -2.43072e-21)
(0.918713 0.051006 -9.85982e-21)
(1.07999 0.0581276 1.11292e-20)
(1.03147 0.0838584 4.76071e-20)
(1.04921 0.11712 -3.64164e-20)
(1.06282 0.170739 1.21081e-19)
(1.08991 0.253169 -3.9503e-19)
(1.1404 0.37489 -1.72613e-19)
(1.23324 0.636723 5.78745e-19)
(0.804978 0.00242076 3.1856e-21)
(1.16999 0.0273407 8.18783e-21)
(0.923094 0.0457477 -7.08172e-21)
(1.08598 0.0542938 3.89489e-20)
(1.04214 0.0789051 7.42841e-20)
(1.06486 0.110729 1.06318e-19)
(1.08681 0.16029 2.60694e-20)
(1.12806 0.234248 2.08958e-19)
(1.19172 0.342111 2.56697e-19)
(1.31751 0.531029 3.23717e-21)
(0.805312 -0.000780866 -4.69209e-21)
(1.17476 0.0225969 5.32722e-22)
(0.927878 0.0402222 4.09548e-21)
(1.09207 0.0496594 1.07473e-20)
(1.0525 0.0727734 2.05694e-34)
(1.07963 0.102566 -7.92954e-21)
(1.10863 0.147377 -5.19738e-34)
(1.16119 0.212608 1.84318e-20)
(1.23007 0.300782 -5.41276e-20)
(1.382 0.455851 -4.95275e-20)
(0.805712 -0.0051382 1.74184e-20)
(1.17966 0.0172109 7.89589e-37)
(0.932736 0.0341928 -4.44246e-21)
(1.09793 0.0440849 -1.55174e-20)
(1.06209 0.0651968 -2.97192e-20)
(1.09298 0.0922545 -3.58552e-20)
(1.12785 0.131525 -6.42469e-34)
(1.18875 0.187893 -9.0943e-20)
(1.26086 0.257588 -1.23824e-19)
(1.42528 0.379707 8.80004e-20)
(0.806288 -0.0106604 0)
(1.18489 0.011235 -1.85451e-35)
(0.937604 0.0278484 0)
(1.10345 0.0377166 0)
(1.07066 0.0564474 0)
(1.10464 0.0801971 0)
(1.14431 0.11349 -3.82201e-34)
(1.21092 0.160828 0)
(1.2858 0.213857 -2.03092e-20)
(1.45086 0.30835 5.26609e-20)
(0.80713 -0.017313 5.68021e-21)
(1.19074 0.0047423 -5.27993e-21)
(0.942481 0.0214155 -5.23584e-21)
(1.10843 0.0307327 0)
(1.0781 0.0467669 0)
(1.11448 0.0667651 6.66167e-21)
(1.15794 0.0938735 2.66408e-20)
(1.22814 0.132094 -1.35139e-20)
(1.30536 0.171031 -2.98078e-20)
(1.46486 0.241445 2.00851e-19)
(0.808339 -0.026805 -6.23436e-20)
(1.19749 -0.00250109 6.20753e-21)
(0.947366 0.0151084 -5.65768e-21)
(1.11275 0.0233505 -5.31091e-21)
(1.08424 0.0363931 -1.06112e-20)
(1.1224 0.0523079 -8.14813e-21)
(1.16869 0.0731577 -2.02033e-20)
(1.24102 0.102333 -3.75428e-20)
(1.31993 0.12966 -5.16484e-20)
(1.47191 0.17917 6.88399e-20)
(0.810024 -0.0322415 -9.01798e-21)
(1.20569 -0.00926439 -5.57989e-21)
(0.952019 0.010285 -5.99445e-21)
(1.11586 0.0155248 -8.82123e-21)
(1.08863 0.0253502 1.98087e-35)
(1.12798 0.0368597 7.17387e-21)
(1.17632 0.0512942 -9.29886e-34)
(1.2498 0.0713843 -1.36543e-20)
(1.32975 0.0888495 1.83777e-20)
(1.47527 0.11889 2.5442e-20)
(0.80782 -0.0572414 1.37115e-19)
(1.19924 -0.0200277 -9.52343e-21)
(0.943389 0.00356493 -6.30433e-21)
(1.10486 0.00901108 4.62308e-21)
(1.07873 0.0146768 2.92918e-21)
(1.1188 0.0220732 1.36008e-20)
(1.16847 0.0305573 7.69002e-21)
(1.2427 0.0424667 -4.82726e-21)
(1.32262 0.0516303 -2.01821e-20)
(1.466 0.0670702 1.37176e-19)
(0.72781 -0.0381515 9.17337e-21)
(0.955357 -0.0179246 -4.49138e-35)
(0.716822 0.00321994 -7.2625e-21)
(0.864881 0.000180233 0)
(0.831601 0.00287412 0)
(0.86678 0.00444347 7.41997e-21)
(0.908716 0.00603825 -8.90831e-36)
(0.970337 0.00865598 -1.36001e-20)
(1.03766 0.0100423 -2.66829e-20)
(1.14731 0.0125841 5.50993e-20)
(1.47584 0.63052 -1.83018e-19)
(1.58567 0.616045 -2.66083e-19)
(1.68219 0.609496 0)
(1.76763 0.587485 1.20515e-19)
(1.84753 0.538791 5.56637e-19)
(1.92384 0.46728 -1.12875e-19)
(1.99335 0.381174 1.55817e-18)
(2.05125 0.28645 -8.15797e-20)
(2.0945 0.185993 -3.43449e-19)
(2.12083 0.0829973 3.29314e-19)
(1.51288 0.51629 8.40104e-20)
(1.58795 0.506052 1.05516e-19)
(1.66502 0.493535 -9.9074e-21)
(1.74194 0.464397 1.7717e-19)
(1.81479 0.417366 -1.49975e-19)
(1.88133 0.357511 -3.64661e-19)
(1.9388 0.289813 -1.13437e-19)
(1.98462 0.217172 5.00277e-19)
(2.01787 0.141227 -2.1823e-20)
(2.03774 0.0629343 -4.33857e-19)
(1.546 0.406227 9.27189e-20)
(1.60346 0.392096 1.64671e-19)
(1.66507 0.381611 -3.23557e-19)
(1.72828 0.361925 6.91085e-20)
(1.7864 0.328798 4.39431e-19)
(1.83832 0.284152 -2.39288e-19)
(1.8836 0.231507 -5.24068e-19)
(1.92048 0.173946 -2.00116e-19)
(1.94769 0.113355 2.87695e-19)
(1.96419 0.0507796 -2.48257e-19)
(1.56318 0.326433 3.26225e-20)
(1.60828 0.314088 0)
(1.65657 0.304974 1.90377e-20)
(1.70844 0.286792 1.76811e-19)
(1.75728 0.257356 2.98207e-19)
(1.80113 0.21972 1.44977e-19)
(1.83955 0.177077 -6.5627e-20)
(1.87097 0.131606 -2.17949e-19)
(1.89408 0.0845331 1.48797e-19)
(1.90824 0.0364738 6.99408e-20)
(1.56996 0.258189 1.2576e-20)
(1.60848 0.246004 -6.35205e-20)
(1.64844 0.236353 -1.21998e-19)
(1.69227 0.220148 6.00279e-20)
(1.73425 0.196247 7.34242e-22)
(1.77183 0.166935 9.01127e-20)
(1.80474 0.134171 1.47065e-19)
(1.83187 0.0993511 -1.43592e-19)
(1.85203 0.0633606 3.30375e-21)
(1.86448 0.0267266 1.63125e-19)
(1.57093 0.198691 -2.03238e-19)
(1.60544 0.187725 -2.56429e-19)
(1.63977 0.178595 5.09289e-20)
(1.67777 0.164731 2.133e-19)
(1.71486 0.145454 -3.86692e-20)
(1.74819 0.122555 -8.30959e-20)
(1.77742 0.0974842 1.18755e-19)
(1.80169 0.0712135 -5.1859e-20)
(1.81988 0.0443608 -1.49025e-19)
(1.83122 0.0172338 -6.40733e-20)
(1.56873 0.145718 3.71394e-20)
(1.60052 0.13643 4.32842e-21)
(1.63115 0.12805 -6.6157e-21)
(1.6653 0.116349 1.45334e-19)
(1.69919 0.10116 2.01452e-19)
(1.72975 0.0838711 -2.07908e-19)
(1.75662 0.0654917 -7.32842e-20)
(1.77909 0.0466267 1.36631e-19)
(1.79608 0.0276425 9.53894e-20)
(1.80684 0.00870026 2.54245e-20)
(1.56434 0.095663 -1.309e-19)
(1.59359 0.0881292 7.30281e-21)
(1.62122 0.0807059 2.63047e-19)
(1.65262 0.0712785 6.24633e-21)
(1.6842 0.0600861 -7.52988e-20)
(1.71275 0.0481475 9.86537e-21)
(1.73786 0.0360809 -1.03193e-19)
(1.759 0.0241834 4.31539e-20)
(1.77518 0.0126039 6.36466e-20)
(1.78575 0.00136001 8.54087e-20)
(1.53815 0.0515316 -2.48371e-19)
(1.56096 0.0430708 -1.67987e-20)
(1.58266 0.0342284 1.64658e-19)
(1.60812 0.0252826 -8.5588e-20)
(1.63357 0.0166153 -1.59219e-19)
(1.65588 0.0088584 -2.69599e-20)
(1.67501 0.00223388 1.28245e-19)
(1.69093 -0.00332548 6.61991e-20)
(1.70314 -0.00787882 -1.62385e-20)
(1.71149 -0.0114623 -4.53658e-21)
(1.20344 0.00519459 2.54847e-20)
(1.20827 -0.00129082 -3.76196e-21)
(1.20762 -0.00757746 2.62687e-21)
(1.20515 -0.0124077 0)
(1.19796 -0.0151662 2.14941e-19)
(1.18624 -0.0162003 -7.28522e-21)
(1.17226 -0.0160855 -1.38825e-19)
(1.1574 -0.0151609 8.55427e-20)
(1.14268 -0.0135758 -1.16891e-19)
(1.12911 -0.0114401 -9.36628e-20)
(0.6391 0.0198757 -4.12721e-20)
(1.98587 -0.0388748 6.31467e-19)
(2.79581 -0.0354643 -4.29857e-21)
(3.07919 -0.0279102 -3.35443e-19)
(3.11578 -0.00605752 4.8034e-19)
(3.07899 0.0138081 3.9764e-19)
(3.02935 0.0330062 0)
(2.97285 0.0512901 9.41664e-19)
(2.87937 0.0676107 -1.91085e-18)
(2.65305 0.0767474 -1.01661e-19)
(0.492104 0.0563492 -7.59089e-21)
(1.82285 0.0791264 2.38482e-19)
(2.71053 0.124246 1.55048e-20)
(3.05953 0.137377 2.44384e-20)
(3.1272 0.144399 5.27729e-19)
(3.10022 0.144453 -5.6114e-19)
(3.0531 0.142467 -4.53891e-19)
(3.00005 0.139242 -2.95258e-19)
(2.91713 0.133816 9.77822e-19)
(2.71061 0.123837 -9.26891e-19)
(0.333054 0.0685696 5.69214e-20)
(1.60497 0.176561 5.16671e-20)
(2.5538 0.276402 -4.01893e-19)
(2.97085 0.30567 6.30836e-19)
(3.07648 0.302344 3.20526e-18)
(3.06377 0.282896 1.79489e-18)
(3.0208 0.258836 -2.06329e-18)
(2.973 0.233431 -1.89921e-18)
(2.91181 0.206436 1.52852e-20)
(2.77425 0.176467 2.49645e-19)
(0.182321 0.0578895 4.03047e-20)
(1.35473 0.247956 5.18333e-19)
(2.33555 0.414306 -1.17722e-18)
(2.81263 0.471554 -1.10359e-18)
(2.95923 0.464854 -7.3278e-21)
(2.96535 0.428403 -6.08708e-19)
(2.92889 0.382833 1.49542e-18)
(2.88531 0.335453 -1.1391e-20)
(2.83959 0.287843 -2.31726e-18)
(2.76894 0.240444 -8.05057e-19)
(0.0568215 0.0309646 -1.26043e-19)
(1.10004 0.292474 5.45756e-19)
(2.07476 0.531191 -1.54209e-18)
(2.59249 0.626195 -9.30679e-19)
(2.77643 0.623961 1.69965e-18)
(2.80401 0.574943 -1.24574e-20)
(2.77699 0.510203 -1.19514e-18)
(2.73755 0.442479 -1.65538e-19)
(2.6983 0.374275 3.0732e-19)
(2.65533 0.312529 1.74403e-21)
(-0.0338143 -0.00288056 1.43384e-19)
(0.866703 0.314169 -4.38369e-19)
(1.796 0.622335 -6.71296e-19)
(2.32698 0.759484 2.31336e-18)
(2.53756 0.76844 -1.52163e-18)
(2.58565 0.712797 2.45184e-19)
(2.57047 0.633684 1.46135e-19)
(2.53683 0.549992 -7.73394e-19)
(2.5019 0.46365 -8.60002e-20)
(2.45926 0.390508 6.79241e-19)
(-0.088495 -0.035103 1.28279e-19)
(0.671068 0.319303 -5.60629e-19)
(1.52264 0.684857 1.6227e-18)
(2.03841 0.861205 1.65503e-18)
(2.26084 0.884779 -1.84097e-18)
(2.32522 0.828305 7.88737e-20)
(2.32287 0.740932 2.65353e-18)
(2.29707 0.647641 -1.83726e-18)
(2.26834 0.548434 -8.87179e-19)
(2.21973 0.468961 7.4726e-19)
(-0.112631 -0.060116 3.96903e-19)
(0.518004 0.314311 3.69945e-19)
(1.27183 0.719585 6.55583e-19)
(1.74944 0.926494 -2.75163e-18)
(1.96928 0.965022 -1.49618e-19)
(2.04415 0.913007 4.58208e-19)
(2.05428 0.82491 -7.43301e-19)
(2.03882 0.729557 -4.88735e-19)
(2.01978 0.628341 9.08056e-20)
(1.97445 0.546493 -3.58214e-19)
(-0.115016 -0.0759567 5.53954e-20)
(0.402139 0.302557 -3.85335e-21)
(1.0511 0.727755 -2.89281e-19)
(1.47704 0.95298 -8.51703e-19)
(1.68404 1.00302 -3.44671e-19)
(1.76437 0.957103 -1.26846e-18)
(1.78596 0.871802 -9.7259e-19)
(1.78211 0.77792 8.68352e-19)
(1.77413 0.673569 5.36669e-19)
(1.73612 0.598267 1.59182e-19)
(-0.105923 -0.0827469 -3.4501e-19)
(0.313441 0.288024 0)
(0.860597 0.71451 -2.90965e-19)
(1.22902 0.947029 -3.21194e-19)
(1.41624 1.0055 1.64365e-18)
(1.4965 0.968143 3.84468e-20)
(1.52558 0.891352 -1.06572e-18)
(1.52977 0.806612 -8.08366e-19)
(1.53159 0.713896 4.07215e-19)
(1.48514 0.628565 9.26503e-19)
(-0.0920311 -0.0841657 1.0098e-19)
(0.244226 0.26972 0)
(0.697748 0.682787 -7.02912e-19)
(1.01047 0.912353 4.68757e-19)
(1.17741 0.974624 7.99474e-19)
(1.25757 0.944581 1.82868e-19)
(1.29569 0.876548 -2.14133e-19)
(1.31373 0.799276 -8.58769e-19)
(1.32471 0.722661 -1.38206e-19)
(1.33316 0.648589 -3.28932e-19)
(-0.0769973 -0.0824504 -9.31224e-20)
(0.187284 0.246702 -1.79033e-19)
(0.556302 0.635327 2.72052e-21)
(0.817376 0.85385 1.71053e-19)
(0.964172 0.915744 -1.57777e-19)
(1.04215 0.891126 6.2951e-19)
(1.0858 0.830812 -7.80104e-19)
(1.11319 0.760216 2.79368e-19)
(1.12988 0.69227 4.73422e-19)
(1.16263 0.632415 -2.15239e-19)
(-0.0624563 -0.0782939 7.08527e-21)
(0.138792 0.219663 4.2114e-20)
(0.432488 0.575287 3.8122e-19)
(0.64698 0.776856 -1.97429e-19)
(0.774921 0.835591 -4.31921e-19)
(0.849745 0.815541 1.54478e-19)
(0.89698 0.76303 2.56217e-19)
(0.930826 0.700674 1.09167e-19)
(0.953419 0.640654 -2.06049e-21)
(0.994016 0.593253 1.47836e-20)
(-0.0489222 -0.071994 -5.72544e-21)
(0.0978107 0.18931 -3.77303e-20)
(0.325691 0.504743 -7.78935e-20)
(0.499586 0.684698 -9.05195e-20)
(0.611243 0.738286 1.68478e-19)
(0.683448 0.72237 -2.68956e-20)
(0.734054 0.677937 -6.873e-21)
(0.7735 0.624924 1.43618e-19)
(0.802753 0.573587 1.39518e-19)
(0.845654 0.535897 -1.06114e-20)
(-0.036802 -0.0639341 -9.86233e-20)
(0.0638126 0.156014 -1.62181e-20)
(0.235447 0.424927 8.71325e-20)
(0.374865 0.579183 1.10547e-19)
(0.472926 0.625787 -2.44321e-19)
(0.543148 0.613312 -2.80321e-22)
(0.596904 0.576674 2.65611e-19)
(0.641306 0.532886 -1.31183e-20)
(0.676897 0.490167 -3.34865e-20)
(0.721175 0.460113 -5.69156e-20)
(-0.0264067 -0.0544836 8.19289e-20)
(0.0364194 0.120095 2.80076e-19)
(0.161458 0.336967 4.68713e-20)
(0.272472 0.461943 -2.14611e-19)
(0.359511 0.499917 -1.18883e-19)
(0.428293 0.490191 2.88945e-19)
(0.484848 0.460996 -1.07248e-19)
(0.533515 0.426111 -1.88295e-19)
(0.574558 0.391864 4.1554e-20)
(0.620176 0.368444 2.59573e-20)
(-0.0179159 -0.0439494 2.37109e-20)
(0.0155103 0.0819296 -1.5964e-19)
(0.103826 0.24214 -3.55056e-19)
(0.192544 0.334858 1.63505e-19)
(0.271038 0.362865 2.20702e-19)
(0.338812 0.355366 -4.69156e-22)
(0.397688 0.333398 -2.00917e-19)
(0.449809 0.307254 3.34981e-20)
(0.495199 0.281484 5.37134e-20)
(0.54202 0.264319 -7.60164e-21)
(-0.0114584 -0.0326558 -6.92079e-20)
(0.00107819 0.0419068 -7.5719e-20)
(0.0628228 0.14187 3.03936e-19)
(0.135412 0.200047 7.92321e-20)
(0.207754 0.217084 -1.01705e-19)
(0.274833 0.211453 -3.79531e-20)
(0.335426 0.196601 0)
(0.390081 0.179136 4.14109e-21)
(0.438625 0.161916 -2.39057e-20)
(0.486362 0.150859 2.06317e-20)
(-0.00710718 -0.0209674 4.41305e-20)
(-0.00681468 0.000455314 1.42648e-19)
(0.0387596 0.0377482 1.52274e-19)
(0.101436 0.059883 -1.54463e-19)
(0.169952 0.0653159 -8.13182e-20)
(0.236561 0.0613416 1.2327e-20)
(0.29817 0.0535554 -7.79903e-21)
(0.354347 0.0447497 2.50787e-20)
(0.404798 0.0361469 -7.43388e-20)
(0.453052 0.0311151 -7.28279e-20)
(-0.00485447 -0.00928988 -2.35821e-20)
(-0.00804784 -0.0420102 -1.04897e-19)
(0.0318736 -0.0685096 -2.88376e-20)
(0.0908809 -0.083045 -3.01692e-20)
(0.157856 -0.0894495 2.31857e-20)
(0.22414 -0.0918318 1.07985e-20)
(0.285987 -0.0925713 1.90464e-21)
(0.342609 -0.0927422 -2.8055e-21)
(0.393674 -0.0927204 3.63915e-20)
(0.441974 -0.0917985 4.90134e-20)
(1.10174 0.385102 -9.06769e-19)
(0.984741 0.169198 6.60154e-21)
(0.95141 0.0638018 4.69832e-20)
(0.947511 0.0147367 1.42587e-20)
(0.956249 -0.00436119 2.55654e-21)
(0.968035 -0.0103588 2.46015e-21)
(0.978723 -0.0106999 7.50869e-22)
(0.987346 -0.00883088 1.79706e-21)
(0.993372 -0.00642433 8.76094e-21)
(0.997785 -0.00269339 0)
(0.981874 0.358365 -4.07303e-19)
(0.941554 0.14989 1.34894e-20)
(0.936178 0.0505935 1.32712e-21)
(0.94303 0.00700487 4.80273e-20)
(0.955859 -0.00917753 -2.00533e-21)
(0.968897 -0.0135508 -6.76084e-22)
(0.97987 -0.0129888 3.71337e-22)
(0.988426 -0.010489 7.22218e-21)
(0.994297 -0.0075877 3.21824e-21)
(0.998586 -0.00318406 -4.4889e-21)
(0.889788 0.332172 4.46247e-19)
(0.908037 0.133136 7.26508e-20)
(0.922169 0.0409155 -3.57216e-20)
(0.938302 0.00128978 -1.26252e-20)
(0.955046 -0.0132251 3.8764e-21)
(0.969596 -0.0165966 -1.97908e-21)
(0.980992 -0.0152749 1.19996e-21)
(0.989553 -0.0121519 7.44385e-21)
(0.995314 -0.00874812 -7.80636e-21)
(0.999508 -0.00366946 -1.81523e-21)
(0.815239 0.294502 3.00326e-19)
(0.877417 0.110635 -2.70085e-20)
(0.908922 0.0274809 1.36002e-20)
(0.933947 -0.00696171 -1.69478e-20)
(0.954587 -0.018357 -2.89899e-21)
(0.970487 -0.0200521 -3.54513e-22)
(0.982247 -0.0177003 8.04849e-21)
(0.990806 -0.0138488 -3.62716e-22)
(0.996462 -0.00990688 -3.66177e-21)
(1.00056 -0.00415078 2.70628e-21)
(0.753175 0.244493 -2.1652e-19)
(0.85075 0.0829518 9.77683e-20)
(0.898034 0.0119969 -1.51309e-21)
(0.930901 -0.0157853 -4.46346e-21)
(0.954705 -0.023852 -1.17885e-21)
(0.971677 -0.0237069 2.19355e-21)
(0.983705 -0.0202079 -1.70975e-21)
(0.99222 -0.0155651 -3.14711e-21)
(0.997757 -0.0110611 -1.32273e-22)
(1.00174 -0.00462666 -1.53423e-22)
(0.70345 0.185573 -7.3336e-21)
(0.829148 0.0518654 4.60966e-20)
(0.889859 -0.00495193 3.10936e-21)
(0.929143 -0.0254793 5.82269e-21)
(0.955442 -0.0297925 -1.93468e-22)
(0.973213 -0.0275567 -2.16292e-21)
(0.985394 -0.0227853 -6.03946e-21)
(0.993812 -0.0172938 9.37089e-22)
(0.999204 -0.012207 -3.61053e-21)
(1.00306 -0.00509583 0)
(0.665843 0.120098 1.1796e-19)
(0.812915 0.0181499 -8.11159e-20)
(0.884417 -0.0232125 2.962e-21)
(0.928699 -0.0358735 -1.30195e-20)
(0.956838 -0.0360851 -5.24943e-21)
(0.975126 -0.0315589 2.80435e-21)
(0.987331 -0.0254128 2.94542e-21)
(0.995588 -0.0190251 -2.63835e-21)
(1.00081 -0.0133393 -2.81478e-22)
(1.0045 -0.00555633 2.23249e-21)
(0.639916 0.049723 -8.67784e-20)
(0.802248 -0.017767 2.01431e-20)
(0.881719 -0.042512 9.53548e-21)
(0.929586 -0.046808 4.78991e-21)
(0.958925 -0.0426523 5.75702e-22)
(0.97744 -0.0356737 5.40161e-21)
(0.98953 -0.0280697 4.81393e-21)
(0.997553 -0.0207485 -3.13272e-21)
(1.00256 -0.0144518 2.14108e-21)
(1.00606 -0.00600557 3.02018e-21)
(0.625231 -0.0238808 2.72248e-20)
(0.797264 -0.0552636 -4.56543e-20)
(0.881794 -0.0625742 6.56118e-21)
(0.931825 -0.0581454 -7.21899e-21)
(0.961727 -0.0494187 -3.01858e-22)
(0.980176 -0.0398604 2.16131e-22)
(0.991999 -0.0307335 -1.24937e-21)
(0.999712 -0.0224513 -3.10664e-21)
(1.00447 -0.0155367 -2.68966e-21)
(1.00775 -0.00644053 2.06449e-21)
(0.621561 -0.0992052 -2.54876e-20)
(0.79805 -0.0936907 1.64325e-20)
(0.884624 -0.0831425 -1.58718e-20)
(0.935424 -0.0697517 2.06995e-21)
(0.965265 -0.0563076 1.45403e-20)
(0.983349 -0.0440768 3.08448e-21)
(0.994747 -0.0333807 2.53855e-21)
(1.00206 -0.02412 -7.04693e-21)
(1.00653 -0.0165857 1.90878e-21)
(1.00954 -0.00685772 3.4464e-21)
(0.567317 -0.0250351 1.03294e-19)
(0.554165 -0.00640062 -6.14244e-20)
(0.537044 -0.00132302 -3.43024e-20)
(0.52981 -0.000774889 1.11897e-20)
(0.531571 -0.000614306 -3.67067e-21)
(0.537223 -0.000478672 -5.54798e-22)
(0.542964 -0.000354904 4.28391e-21)
(0.547757 -0.000253432 -2.03043e-22)
(0.551132 -0.000154559 -3.37361e-21)
(0.553468 -5.17265e-05 1.25861e-21)
(1.25572 0.0238967 -3.03349e-19)
(1.03397 0.0196056 -1.61301e-19)
(0.947392 0.00951581 -5.89375e-20)
(0.917458 0.00204617 6.18721e-21)
(0.912667 -0.00135022 -8.75575e-21)
(0.918165 -0.00233214 -2.41594e-21)
(0.925995 -0.00229666 -9.65979e-23)
(0.933283 -0.00186117 -7.53968e-23)
(0.93868 -0.00132011 7.0741e-22)
(0.942686 -0.000537984 3.17468e-22)
(1.33148 0.149822 -2.43079e-19)
(1.09309 0.0691628 1.41411e-20)
(0.998617 0.0271839 -3.35358e-21)
(0.965925 0.00700335 9.05486e-35)
(0.960593 -0.00121083 -8.16648e-22)
(0.966305 -0.00394616 0)
(0.974538 -0.00420255 1.7068e-21)
(0.982262 -0.00349658 -2.56179e-34)
(0.988013 -0.00252968 4.65331e-36)
(0.992338 -0.00104857 1.84045e-21)
(1.29184 0.23852 4.4996e-19)
(1.07869 0.10706 -9.89412e-21)
(0.993768 0.0418394 0)
(0.965502 0.0108467 2.94658e-20)
(0.962514 -0.00172347 0)
(0.969348 -0.00585591 0)
(0.978175 -0.00630094 0)
(0.986171 -0.00527068 -8.79471e-23)
(0.992043 -0.00384167 2.13924e-23)
(0.996432 -0.00160503 -2.15859e-22)
(1.25743 0.352315 -6.79384e-19)
(1.06547 0.15597 -8.72058e-21)
(0.985406 0.0602154 0)
(0.960609 0.0158093 -2.53306e-20)
(0.960377 -0.00210156 1.59076e-20)
(0.968699 -0.00783846 0)
(0.978265 -0.00847328 0)
(0.986621 -0.00708578 -2.09689e-21)
(0.992647 -0.00516895 -1.10419e-22)
(0.997105 -0.00216589 -9.30751e-23)
(0.270689 0.00182081 -7.77505e-21)
(0.24197 0.00342117 -6.19797e-21)
(0.214441 0.0071091 3.79362e-20)
(0.184457 0.0131124 5.75468e-19)
(0.166026 0.0177911 4.27757e-19)
(0.164034 0.0177394 1.43564e-19)
(0.221541 0.00641525 2.65393e-19)
(0.298136 -0.0033233 -8.9689e-20)
(0.403286 -0.0318802 5.41668e-20)
(0.546711 -0.0283713 1.76564e-19)
(0.799889 0.0165902 -6.95622e-21)
(0.7627 0.0236038 -3.51168e-20)
(0.768334 0.0333432 2.95648e-20)
(0.824298 0.0439599 7.53883e-19)
(0.950006 0.0495365 -1.05342e-19)
(1.1086 0.0450049 -1.1336e-20)
(1.31611 0.0213067 -9.39785e-20)
(1.43641 0.0254503 4.32884e-20)
(1.54017 -0.0177546 -2.07378e-19)
(1.5524 0.03858 -2.62909e-19)
(1.33714 0.0370431 -2.41375e-19)
(1.32545 0.0510099 3.69951e-21)
(1.40104 0.0661956 -3.6882e-20)
(1.56153 0.0801785 1.49082e-20)
(1.7767 0.0920137 -1.91909e-19)
(1.94976 0.100137 -4.00459e-19)
(2.05206 0.103385 -3.85047e-19)
(1.9797 0.145061 4.00681e-19)
(1.89509 0.136777 6.27026e-19)
(1.69227 0.238873 2.89808e-19)
(1.8332 0.0561593 2.35948e-19)
(1.85773 0.0770856 1.47342e-19)
(1.98496 0.0995797 -9.97508e-20)
(2.17251 0.124961 1.83079e-19)
(2.32599 0.155813 -3.47015e-19)
(2.35092 0.190309 -1.79867e-19)
(2.25171 0.230024 5.30654e-19)
(2.03648 0.29563 5.41552e-19)
(1.87406 0.310663 -2.76647e-19)
(1.62686 0.396631 -4.42935e-19)
(2.23321 0.0697703 1.47126e-18)
(2.28812 0.100338 -2.21214e-19)
(2.42429 0.1344 4.3459e-19)
(2.55313 0.177945 5.67168e-19)
(2.56834 0.232596 9.01896e-20)
(2.4465 0.295129 3.96535e-19)
(2.23971 0.363615 -9.27891e-19)
(2.00104 0.436899 7.61749e-20)
(1.80754 0.477167 3.32499e-19)
(1.53619 0.549377 -5.62605e-20)
(1.1014 -0.530082 6.62381e-20)
(1.10328 -0.586403 -2.27896e-20)
(1.11981 -0.646569 -3.71657e-19)
(1.13268 -0.711096 -2.1049e-19)
(1.13673 -0.778845 8.33801e-19)
(1.1318 -0.849446 1.52239e-19)
(1.10909 -0.914316 -4.3177e-19)
(1.02578 -0.928832 4.58534e-19)
(0.792827 -0.779877 -1.25958e-19)
(0.343743 -0.359147 -3.72549e-19)
(1.04663 -0.506047 -9.62347e-21)
(1.03714 -0.556833 1.04178e-19)
(1.02915 -0.608698 3.33172e-19)
(1.01583 -0.666211 -3.63558e-19)
(0.99706 -0.729702 -8.27012e-19)
(0.973488 -0.797492 7.47734e-20)
(0.937192 -0.860033 8.17074e-20)
(0.852625 -0.874293 -1.9029e-19)
(0.648944 -0.733448 4.70132e-19)
(0.276652 -0.336811 -1.98738e-19)
(0.917302 -0.474398 -4.76822e-20)
(0.89571 -0.519409 0)
(0.877838 -0.568139 4.446e-20)
(0.858038 -0.62183 2.97734e-19)
(0.834362 -0.679592 -2.90334e-20)
(0.805852 -0.740154 -3.60368e-19)
(0.765542 -0.795097 4.19225e-19)
(0.685398 -0.804961 4.68716e-20)
(0.51253 -0.672309 -2.0217e-19)
(0.214097 -0.307087 2.166e-19)
(0.815576 -0.420084 -9.05916e-20)
(0.791365 -0.460855 -3.25531e-20)
(0.767659 -0.505362 4.53428e-21)
(0.740396 -0.55329 -1.43825e-20)
(0.708219 -0.604261 1.55545e-20)
(0.670683 -0.657633 -1.14101e-19)
(0.622737 -0.706093 6.4522e-20)
(0.543501 -0.71445 3.33081e-19)
(0.395825 -0.595978 0)
(0.160569 -0.271622 0)
(0.722459 -0.352957 1.21126e-19)
(0.69403 -0.387595 5.88637e-20)
(0.663959 -0.426071 4.39504e-20)
(0.630012 -0.467427 1.78732e-20)
(0.591262 -0.511276 0)
(0.547245 -0.557105 -7.89136e-20)
(0.494109 -0.598619 -9.62065e-20)
(0.416948 -0.605609 -1.13026e-19)
(0.2923 -0.504156 1.77656e-19)
(0.11322 -0.228773 4.71386e-20)
(0.64388 -0.275367 -1.29196e-19)
(0.612356 -0.303575 2.05791e-20)
(0.57757 -0.33541 1.29253e-19)
(0.538593 -0.369456 0)
(0.494666 -0.405358 0)
(0.445281 -0.442808 0)
(0.387669 -0.476755 -7.05332e-20)
(0.312202 -0.482621 3.52667e-20)
(0.206482 -0.400956 6.58083e-20)
(0.073986 -0.180865 7.59426e-20)
(0.581642 -0.188696 2.7412e-19)
(0.547541 -0.209999 4.09642e-19)
(0.508895 -0.2344 6.08001e-22)
(0.465852 -0.260436 -4.68935e-20)
(0.417789 -0.287819 1.29314e-20)
(0.364166 -0.316372 -7.36152e-20)
(0.303075 -0.342334 -1.78332e-20)
(0.229104 -0.347334 1.08833e-19)
(0.138433 -0.287769 -9.0758e-20)
(0.0428512 -0.128228 -5.07277e-20)
(0.536793 -0.0949696 1.6074e-19)
(0.500761 -0.109232 -3.18394e-21)
(0.459277 -0.1258 -6.11446e-20)
(0.413284 -0.143433 4.97402e-20)
(0.362244 -0.16191 -5.43838e-20)
(0.305579 -0.181158 -1.40316e-19)
(0.242013 -0.19879 5.14449e-20)
(0.169173 -0.203129 6.86214e-20)
(0.089524 -0.167278 -2.93108e-20)
(0.0206296 -0.0721924 -6.26238e-21)
(0.509866 0.0036153 -4.61318e-20)
(0.472625 -0.00347302 -1.96098e-21)
(0.429371 -0.0119255 5.31935e-20)
(0.381557 -0.020895 1.44821e-19)
(0.3287 -0.0302272 7.58455e-22)
(0.270199 -0.0399297 4.83762e-21)
(0.20517 -0.049049 9.85628e-20)
(0.133101 -0.0529224 -4.47571e-20)
(0.0603253 -0.0419164 -1.66156e-20)
(0.00764039 -0.013965 1.18388e-20)
(0.501283 0.104679 -1.85843e-19)
(0.463486 0.104803 4.6456e-22)
(0.419545 0.104588 1.90896e-19)
(0.371061 0.104387 0)
(0.317572 0.104295 4.19551e-20)
(0.258469 0.10423 5.21855e-21)
(0.193017 0.10367 5.92659e-20)
(0.12138 0.100085 1.59634e-20)
(0.0512445 0.0855781 5.34348e-20)
(0.00406521 0.0450963 2.97036e-20)
(2.62758 0.0245059 1.27548e-18)
(2.8203 -0.00143796 -1.41349e-19)
(2.9034 -0.0362629 -1.16614e-18)
(2.95741 -0.0733323 1.14975e-18)
(3.00737 -0.111297 -4.38283e-20)
(3.04994 -0.149406 -3.92761e-18)
(3.03673 -0.187341 3.72784e-20)
(2.80861 -0.197065 2.52432e-18)
(2.08177 -0.169339 6.87668e-19)
(0.756021 -0.0363433 5.0001e-19)
(2.60249 -0.0347935 9.67444e-19)
(2.73551 -0.0768775 -1.14193e-18)
(2.79789 -0.126154 -2.62885e-19)
(2.84554 -0.178189 7.21562e-19)
(2.89371 -0.231547 2.28617e-18)
(2.93854 -0.286675 -4.91223e-19)
(2.94038 -0.337784 -3.47952e-18)
(2.75637 -0.354742 5.6402e-19)
(2.10769 -0.30427 -8.33273e-19)
(0.832328 -0.10318 1.28478e-19)
(2.5363 -0.100625 5.19222e-19)
(2.61332 -0.156194 1.25913e-18)
(2.65821 -0.216306 -1.03892e-18)
(2.70025 -0.279756 -1.17144e-18)
(2.74555 -0.345755 2.19293e-19)
(2.78968 -0.413778 1.67569e-18)
(2.79923 -0.477636 2.83419e-19)
(2.64892 -0.503743 -1.64916e-18)
(2.0698 -0.43359 -2.35218e-19)
(0.867196 -0.172101 -6.11361e-20)
(2.40901 -0.172678 -6.164e-20)
(2.45458 -0.237178 -2.8387e-19)
(2.49101 -0.304618 8.69139e-19)
(2.52928 -0.376086 -1.31129e-18)
(2.57097 -0.451071 6.40229e-19)
(2.61201 -0.528669 -5.99042e-19)
(2.6244 -0.602315 -1.206e-18)
(2.49555 -0.637281 1.73182e-18)
(1.97816 -0.55388 -1.44195e-19)
(0.863459 -0.23978 -2.60336e-19)
(2.23791 -0.25052 1.44029e-19)
(2.27441 -0.31911 2.38394e-19)
(2.30759 -0.389969 1.20276e-19)
(2.34168 -0.465639 -2.69411e-19)
(2.37805 -0.54606 2.19401e-19)
(2.41376 -0.63028 1.62996e-18)
(2.42492 -0.710907 -2.06364e-18)
(2.31086 -0.750826 -2.30251e-18)
(1.84426 -0.652136 4.59537e-20)
(0.823745 -0.296473 -2.11299e-19)
(2.05689 -0.33075 -4.21535e-19)
(2.09117 -0.398628 -7.77959e-19)
(2.11963 -0.468558 -1.51357e-18)
(2.14659 -0.544535 -2.05263e-19)
(2.17489 -0.626909 7.37752e-19)
(2.20269 -0.71442 1.27583e-18)
(2.20897 -0.798952 1.41692e-18)
(2.10385 -0.840049 2.57541e-19)
(1.68312 -0.729351 -1.09701e-18)
(0.761211 -0.340914 -6.43612e-19)
(1.88877 -0.402546 -1.15117e-19)
(1.91679 -0.466857 1.6896e-18)
(1.93493 -0.532957 1.18616e-18)
(1.95027 -0.606801 -1.98536e-18)
(1.96751 -0.688851 -1.00914e-18)
(1.98522 -0.777321 6.31203e-19)
(1.98428 -0.863008 2.10104e-19)
(1.8844 -0.902916 -1.06055e-18)
(1.50516 -0.781624 1.30613e-18)
(0.682631 -0.37026 -1.27279e-19)
(1.7392 -0.453318 5.19198e-19)
(1.75021 -0.512763 -8.71567e-20)
(1.75085 -0.574605 -2.00887e-19)
(1.75129 -0.646466 6.32537e-19)
(1.75661 -0.727952 1.10484e-18)
(1.7643 -0.8163 -4.75365e-20)
(1.75594 -0.901379 -3.42606e-19)
(1.65981 -0.938256 -3.00012e-19)
(1.31898 -0.808077 2.9404e-20)
(0.594919 -0.383591 6.89664e-19)
(1.58451 -0.476076 -7.44846e-20)
(1.56662 -0.529556 -3.92932e-19)
(1.54941 -0.590015 -5.51271e-21)
(1.54007 -0.663102 5.25781e-19)
(1.53909 -0.745776 -7.72629e-19)
(1.54106 -0.834097 1.47955e-18)
(1.52786 -0.917438 8.95027e-19)
(1.43619 -0.949836 -9.31963e-19)
(1.13234 -0.811989 -2.95047e-19)
(0.504307 -0.382377 3.26896e-19)
(1.37456 -0.482629 -2.84783e-19)
(1.33472 -0.530715 -2.68108e-19)
(1.32019 -0.596616 -5.55395e-21)
(1.31899 -0.674402 8.02638e-19)
(1.32228 -0.757915 1.34312e-19)
(1.3235 -0.843622 -1.12499e-18)
(1.30765 -0.921784 5.59478e-19)
(1.22134 -0.946841 3.12261e-19)
(0.954074 -0.801844 -3.84667e-19)
(0.418697 -0.372594 1.73394e-19)
(0.816029 0.0561765 -6.96833e-20)
(1.17592 0.038146 -7.60029e-21)
(0.906453 0.0231597 -1.28679e-22)
(1.04441 0.022812 4.06807e-22)
(0.971135 0.0164174 2.63566e-21)
(0.965024 0.00975476 1.5369e-22)
(0.949449 -0.00931935 9.75642e-21)
(0.953025 -0.0478997 -5.6862e-22)
(0.950986 -0.147789 -7.00063e-20)
(1.14318 -0.367532 -2.88253e-19)
(0.816717 0.0533763 4.101e-20)
(1.17249 0.0386545 -3.39535e-20)
(0.907217 0.0259877 2.06911e-21)
(1.04305 0.0270195 1.0289e-20)
(0.972785 0.0200507 -7.56048e-21)
(0.964609 0.0150771 -2.88604e-23)
(0.946418 -0.00153543 6.48136e-21)
(0.943419 -0.0340667 -3.42317e-20)
(0.920873 -0.129503 6.88434e-22)
(1.0562 -0.300611 -1.11001e-18)
(0.817692 0.0502068 4.42335e-20)
(1.17041 0.0391661 4.01792e-20)
(0.90778 0.0286746 9.11047e-21)
(1.04157 0.0307836 7.78177e-21)
(0.974171 0.0239864 1.89086e-21)
(0.963664 0.0202142 -3.65082e-21)
(0.94263 0.00443951 7.97661e-21)
(0.931425 -0.0238715 0)
(0.888328 -0.121817 -2.49505e-20)
(0.970522 -0.279047 -1.43934e-19)
(0.818606 0.0468315 -2.77377e-20)
(1.16862 0.0397704 2.63364e-20)
(0.908457 0.0313438 -3.12097e-21)
(1.04018 0.0342751 3.68746e-21)
(0.975398 0.0282227 3.2024e-20)
(0.963036 0.0258234 -1.08395e-20)
(0.939564 0.012615 -4.34189e-21)
(0.920041 -0.00998734 1.3534e-20)
(0.863676 -0.102028 -5.30943e-20)
(0.885827 -0.233 3.2548e-19)
(0.819389 0.0433495 -3.051e-21)
(1.16695 0.0403934 -7.78558e-22)
(0.909222 0.0340023 1.00188e-21)
(1.03903 0.0375048 8.22309e-21)
(0.976607 0.032674 -2.12586e-21)
(0.96278 0.031797 1.19608e-20)
(0.937709 0.0214542 6.68967e-21)
(0.909973 0.00477016 7.36827e-21)
(0.845642 -0.0775922 3.56638e-20)
(0.81336 -0.187197 3.16686e-19)
(0.820025 0.039788 3.99419e-21)
(1.16543 0.0409839 2.52426e-20)
(0.910028 0.0366571 1.62067e-20)
(1.03819 0.0404829 -7.41386e-21)
(0.977877 0.0372467 -2.46165e-20)
(0.962957 0.0380304 1.02255e-20)
(0.937017 0.0310617 3.38228e-21)
(0.901648 0.0203203 6.2549e-22)
(0.833027 -0.0480647 2.04074e-20)
(0.753614 -0.136284 8.13897e-20)
(0.820498 0.0361897 0)
(1.16411 0.0415126 -3.23319e-20)
(0.910834 0.0392958 -5.92405e-22)
(1.03771 0.0432215 -1.79188e-21)
(0.97927 0.0418665 -2.63364e-20)
(0.963625 0.0444528 -6.90796e-22)
(0.937445 0.0413063 -8.8477e-21)
(0.895511 0.0365845 1.04807e-20)
(0.824807 -0.0150403 3.83701e-21)
(0.707684 -0.0809878 -1.90544e-19)
(0.820792 0.0325956 0)
(1.163 0.0419574 0)
(0.911605 0.0418927 -1.7056e-20)
(1.03764 0.0457302 2.65453e-20)
(0.980843 0.0464711 -1.52475e-21)
(0.96485 0.0509845 1.9723e-20)
(0.938924 0.0520437 -2.01643e-20)
(0.891857 0.0533556 -1.18131e-20)
(0.820519 0.020278 -6.35251e-21)
(0.675569 -0.021219 -5.08851e-21)
(0.820892 0.029034 0)
(1.16214 0.0422987 1.67221e-20)
(0.912319 0.0444145 6.94006e-22)
(1.038 0.0480145 -1.98462e-21)
(0.982637 0.0510066 3.03591e-20)
(0.9667 0.0575482 -1.64286e-20)
(0.941388 0.0631208 -1.44672e-20)
(0.890954 0.070508 -3.01067e-20)
(0.819994 0.057413 1.51178e-20)
(0.657034 0.0411431 -8.86654e-21)
(0.820787 0.0255615 2.14348e-21)
(1.16154 0.0425291 2.97022e-20)
(0.912958 0.0468229 -3.60313e-22)
(1.03881 0.0500762 -2.57186e-20)
(0.984693 0.0554244 1.29139e-21)
(0.969241 0.0640767 -9.42756e-21)
(0.944796 0.0743763 9.08724e-21)
(0.89305 0.087923 1.74142e-20)
(0.822746 0.0955414 -5.0776e-20)
(0.652622 0.105106 2.13528e-20)
(0.645382 0.0493204 9.27084e-20)
(0.71367 0.0199157 1.83287e-20)
(0.487652 -0.00236097 1.03382e-21)
(0.602646 0.00303519 -1.54453e-20)
(0.532828 0.000300202 2.58476e-21)
(0.539387 -0.0002011 -5.9224e-22)
(0.539859 -0.000856425 2.73998e-21)
(0.571593 -0.0034154 -1.73081e-20)
(0.608062 -0.00812174 2.17183e-21)
(0.815917 -0.0136006 -2.03357e-20)
(0.806356 0.092423 1.85587e-19)
(1.14748 0.0388292 1.95133e-20)
(0.861886 0.00646933 7.26976e-23)
(0.99451 0.00646093 -1.42192e-20)
(0.921053 0.00384971 4.34889e-21)
(0.922183 0.000473623 -8.09418e-21)
(0.920029 -0.00540242 1.23048e-20)
(0.959525 -0.0168352 -2.66721e-20)
(0.999993 -0.0489969 -5.63936e-20)
(1.27154 -0.0875219 9.21608e-20)
(0.820165 0.0693408 4.10794e-21)
(1.19582 0.0360441 2.43703e-21)
(0.909101 0.00984767 -2.09991e-21)
(1.04449 0.0112853 -3.74715e-21)
(0.970123 0.00649144 0)
(0.969809 0.00197341 0)
(0.965161 -0.00842474 0)
(0.998435 -0.0274616 0)
(1.03839 -0.0819716 1.11343e-20)
(1.26241 -0.16211 1.70175e-20)
(0.818789 0.0664392 2.92841e-21)
(1.19058 0.0374082 -1.61465e-20)
(0.909514 0.0161138 -1.12255e-20)
(1.04754 0.015216 0)
(0.972609 0.00975291 0)
(0.971206 0.00390308 0)
(0.964213 -0.0104431 0)
(0.989569 -0.037426 0)
(1.0285 -0.111565 0)
(1.20397 -0.23978 1.08047e-19)
(0.81612 0.0602337 -1.41105e-21)
(1.18289 0.0377604 -1.48755e-20)
(0.906303 0.0197925 0)
(1.04667 0.0189356 -5.19849e-21)
(0.970962 0.0130644 0)
(0.968257 0.0061797 0)
(0.958937 -0.0122394 -2.21758e-20)
(0.975656 -0.0473682 5.79315e-20)
(1.00629 -0.135034 0)
(1.14229 -0.339051 7.24547e-19)
(0.922562 -0.00174519 -1.15601e-19)
(0.905514 0.0152335 1.10215e-20)
(0.875797 0.0305233 3.15956e-19)
(0.806309 0.0341262 4.68928e-19)
(0.689287 0.0216024 1.88679e-19)
(0.569564 0.00605806 -4.19024e-19)
(0.4802 -0.000733003 -3.0407e-20)
(0.411516 -0.000149864 -5.7764e-20)
(0.353237 0.00123994 -1.406e-19)
(0.306135 0.00152412 9.53805e-20)
(1.44126 -0.0966781 -2.28086e-19)
(1.48704 -0.0834051 -2.07275e-19)
(1.54379 -0.0553929 -5.69282e-20)
(1.58981 -0.01836 -3.28161e-19)
(1.57577 0.00626219 3.41831e-19)
(1.47597 0.00842762 4.09936e-19)
(1.31386 0.00191278 2.83594e-19)
(1.13965 0.00220737 3.03745e-19)
(0.988525 0.00693045 -3.56656e-19)
(0.87487 0.0115384 -1.14696e-20)
(1.50589 -0.189953 -1.51842e-19)
(1.59323 -0.183944 -3.99292e-19)
(1.69949 -0.158329 8.59762e-22)
(1.81979 -0.116567 1.93691e-19)
(1.92105 -0.0730212 -5.88803e-19)
(1.95637 -0.0395875 -1.12262e-19)
(1.89006 -0.018117 -3.50813e-19)
(1.73907 -0.00209082 2.77975e-19)
(1.56405 0.0118192 8.95477e-20)
(1.42125 0.024197 8.58402e-20)
(1.47903 -0.30187 -1.30238e-19)
(1.58934 -0.300826 2.18933e-19)
(1.71703 -0.271628 8.96616e-21)
(1.86612 -0.218681 -1.8113e-19)
(2.02214 -0.157868 -1.53211e-20)
(2.15054 -0.101525 -1.06013e-19)
(2.19974 -0.055637 -1.7904e-19)
(2.14367 -0.0183622 -2.15776e-19)
(2.02012 0.0114287 3.2849e-20)
(1.89883 0.0349065 -4.58694e-19)
(1.46538 -0.391236 -2.62668e-19)
(1.58805 -0.389033 -1.95274e-19)
(1.7087 -0.370313 2.15745e-19)
(1.85086 -0.322446 -4.39287e-19)
(2.01929 -0.253754 2.56107e-19)
(2.19351 -0.179111 -1.80235e-19)
(2.32996 -0.11037 5.87445e-19)
(2.37908 -0.050885 -2.55267e-19)
(2.33873 -0.00209507 1.50586e-19)
(2.26642 0.0366214 -1.35452e-18)
)
;

boundaryField
{
    left
    {
        type            fixedValue;
        value           uniform (1 0 0);
    }
    right
    {
        type            zeroGradient;
    }
    down
    {
        type            noSlip;
    }
    up
    {
        type            noSlip;
    }
    cylinder
    {
        type            noSlip;
    }
    defaultFaces
    {
        type            empty;
    }
}


// ************************************************************************* //
