/*--------------------------------*- C++ -*----------------------------------*\
  =========                 |
  \\      /  F ield         | OpenFOAM: The Open Source CFD Toolbox
   \\    /   O peration     | Website:  https://openfoam.org
    \\  /    A nd           | Version:  13
     \\/     M anipulation  |
\*---------------------------------------------------------------------------*/
FoamFile
{
    format      ascii;
    class       volVectorField;
    location    "0.1025";
    object      U;
}
// * * * * * * * * * * * * * * * * * * * * * * * * * * * * * * * * * * * * * //

dimensions      [0 1 -1 0 0 0 0];

internalField   nonuniform List<vector> 
1800
(
(0.536677 -0.477387 1.13433e-19)
(1.14983 -0.987069 4.9206e-20)
(1.35188 -1.09737 -7.74312e-19)
(1.39331 -1.07034 5.6068e-19)
(1.39489 -1.00998 1.1215e-18)
(1.38856 -0.947239 4.47393e-19)
(1.38097 -0.888926 -2.25161e-19)
(1.37329 -0.835819 -5.95758e-19)
(1.36641 -0.785632 -3.05435e-19)
(1.34418 -0.739925 -2.44108e-19)
(0.618875 -0.469214 -2.52427e-20)
(1.30771 -0.962947 -1.14396e-18)
(1.52393 -1.06572 7.48855e-21)
(1.55938 -1.03789 -4.08171e-19)
(1.55131 -0.978307 8.30644e-20)
(1.53554 -0.916526 1.05824e-18)
(1.51939 -0.858872 -7.71348e-19)
(1.50418 -0.805724 3.85555e-19)
(1.49001 -0.75549 6.39809e-19)
(1.46783 -0.714706 -3.23336e-19)
(0.701256 -0.449869 8.66579e-20)
(1.46247 -0.916145 3.25584e-19)
(1.69091 -1.00891 6.25941e-19)
(1.72003 -0.981206 -3.32079e-19)
(1.70254 -0.924045 -1.34805e-18)
(1.67772 -0.865027 2.90139e-19)
(1.65341 -0.810026 5.02453e-19)
(1.63088 -0.759413 -4.4889e-20)
(1.61011 -0.712069 -4.23696e-21)
(1.58332 -0.672844 -1.99494e-20)
(0.782142 -0.419288 -9.53163e-20)
(1.61045 -0.847215 -3.53422e-19)
(1.84863 -0.92789 -4.06313e-19)
(1.87111 -0.901346 4.45106e-20)
(1.8446 -0.848137 3.67632e-19)
(1.81127 -0.793408 2.51515e-20)
(1.7793 -0.742464 -2.0595e-20)
(1.74989 -0.695565 4.65134e-19)
(1.7228 -0.651812 3.91019e-19)
(1.69211 -0.6163 -1.40356e-19)
(0.859697 -0.377617 1.72722e-19)
(1.74794 -0.757241 4.12923e-19)
(1.99297 -0.824266 -5.5965e-20)
(2.00868 -0.800068 -5.94906e-20)
(1.97377 -0.752303 -1.08229e-18)
(1.93267 -0.70335 8.6327e-21)
(1.89375 -0.657853 8.1893e-19)
(1.85811 -0.615977 2.57866e-19)
(1.82538 -0.577113 8.53249e-21)
(1.79124 -0.545791 -1.80974e-19)
(0.931953 -0.325257 -5.44252e-20)
(1.87126 -0.647873 1.06306e-18)
(2.12004 -0.700272 1.42918e-18)
(2.12907 -0.67969 -8.82256e-19)
(2.0866 -0.638713 -7.85924e-19)
(2.03866 -0.596873 1.28423e-18)
(1.99367 -0.558043 -8.90795e-19)
(1.9526 -0.52231 -1.01822e-18)
(1.91499 -0.489299 7.0693e-19)
(1.87783 -0.462939 -1.13053e-20)
(0.996862 -0.262934 4.73797e-19)
(1.97692 -0.521337 -1.60831e-18)
(2.22631 -0.558749 -3.91021e-18)
(2.22904 -0.543065 1.40087e-18)
(2.18007 -0.509992 1.99272e-18)
(2.12641 -0.476423 -5.50695e-21)
(2.07641 -0.445306 -2.45044e-18)
(2.03086 -0.416671 1.76998e-20)
(1.98929 -0.390335 2.19118e-18)
(1.94963 -0.36956 5.68627e-19)
(1.05241 -0.191757 -2.30818e-19)
(2.06179 -0.380434 8.80494e-19)
(2.3088 -0.403106 3.01146e-18)
(2.30591 -0.393541 -1.51567e-20)
(2.25165 -0.369189 -1.28486e-18)
(2.19358 -0.34487 -3.95148e-19)
(2.13975 -0.322314 0)
(2.0908 -0.301546 8.61521e-19)
(2.04626 -0.282536 -1.65876e-20)
(2.00475 -0.267896 -7.13492e-19)
(1.09675 -0.113165 -2.68176e-20)
(2.12313 -0.228435 2.23138e-18)
(2.36526 -0.23726 2.54191e-18)
(2.35764 -0.234827 -2.02425e-18)
(2.29939 -0.219658 -1.35796e-18)
(2.23833 -0.20538 3.90484e-19)
(2.18198 -0.192011 -1.60169e-18)
(2.13081 -0.17967 -1.15284e-18)
(2.08435 -0.168444 1.29969e-18)
(2.04166 -0.160319 1.09752e-18)
(1.12829 -0.0288184 3.53225e-19)
(2.15892 -0.0691947 1.4108e-18)
(2.39446 -0.0656567 4.6008e-19)
(2.38266 -0.0706934 -2.86505e-18)
(2.32195 -0.0648896 -2.19261e-21)
(2.25944 -0.0613298 3.70942e-18)
(2.20194 -0.0575523 -1.98371e-18)
(2.14975 -0.0539793 -1.03711e-18)
(2.1024 -0.0507886 3.73929e-19)
(2.05929 -0.0493419 -8.16568e-19)
(0.00992204 -0.0896997 1.36145e-19)
(0.0707672 -0.189519 1.71118e-19)
(0.142083 -0.216971 -2.19703e-21)
(0.212535 -0.216754 -4.37399e-21)
(0.277586 -0.209418 -1.26114e-21)
(0.336334 -0.201055 -2.15976e-20)
(0.389333 -0.193068 7.68137e-21)
(0.437224 -0.185679 -2.07363e-20)
(0.480654 -0.178838 1.0433e-21)
(0.518762 -0.173452 -2.60746e-21)
(0.0246858 -0.151568 1.03904e-19)
(0.102018 -0.324219 1.57778e-19)
(0.177662 -0.36984 -1.32487e-19)
(0.2475 -0.366372 -4.17378e-20)
(0.310811 -0.350374 -4.91472e-20)
(0.367725 -0.332764 -5.02272e-20)
(0.419017 -0.316037 1.55429e-20)
(0.465368 -0.300582 -1.5948e-20)
(0.507355 -0.286288 4.96154e-21)
(0.544563 -0.275685 -6.80891e-21)
(0.0493188 -0.21127 3.06488e-20)
(0.154567 -0.453453 3.69127e-19)
(0.23761 -0.516134 8.85505e-20)
(0.30648 -0.509427 2.61674e-19)
(0.366892 -0.485101 3.78146e-20)
(0.42073 -0.458644 -1.92538e-19)
(0.469145 -0.433578 -2.3012e-20)
(0.51288 -0.410436 5.89576e-20)
(0.552402 -0.389088 -2.38284e-20)
(0.588114 -0.373507 -1.04685e-21)
(0.0835343 -0.267678 -9.9481e-20)
(0.227496 -0.574469 -8.86602e-20)
(0.320735 -0.652577 2.51136e-20)
(0.388216 -0.642658 -1.02098e-19)
(0.444574 -0.610495 4.42923e-20)
(0.494125 -0.575772 1.37219e-19)
(0.538528 -0.542942 3.60165e-20)
(0.578608 -0.51266 -6.00352e-21)
(0.6147 -0.484829 1.56534e-20)
(0.648318 -0.464593 -1.75837e-21)
(0.126928 -0.319675 0)
(0.319506 -0.684574 7.57143e-20)
(0.42536 -0.775983 5.26212e-19)
(0.490956 -0.762909 -2.81425e-19)
(0.542129 -0.723566 -4.65602e-19)
(0.586234 -0.681341 1.45982e-19)
(0.625549 -0.641498 -1.86425e-20)
(0.660991 -0.604786 -7.47592e-20)
(0.692759 -0.571212 0)
(0.723663 -0.546716 -6.29952e-21)
(0.178961 -0.366141 -3.55743e-20)
(0.428898 -0.781175 3.89357e-19)
(0.549303 -0.883332 1.7346e-19)
(0.61245 -0.867208 1.8079e-19)
(0.657361 -0.821506 -1.44978e-19)
(0.694944 -0.77272 -2.22256e-19)
(0.728176 -0.726777 3.7421e-19)
(0.75807 -0.6845 4.09764e-20)
(0.784698 -0.646066 -2.10141e-19)
(0.812216 -0.617745 -5.06146e-21)
(0.238921 -0.40595 4.6699e-20)
(0.553552 -0.861846 5.18974e-19)
(0.689889 -0.971863 1.74801e-20)
(0.749974 -0.952857 1.53017e-20)
(0.78764 -0.901771 2.55957e-19)
(0.817744 -0.847515 -3.11522e-19)
(0.844015 -0.796522 -3.02411e-19)
(0.867555 -0.749654 -2.49819e-19)
(0.88832 -0.707333 1.78954e-19)
(0.911692 -0.675587 1.90821e-19)
(0.305893 -0.437981 -1.10793e-19)
(0.690949 -0.924407 -2.31033e-19)
(0.844014 -1.03919 1.32966e-19)
(0.900401 -1.01755 -1.32764e-19)
(0.929977 -0.96218 2.7063e-19)
(0.951812 -0.903665 6.27147e-19)
(0.970414 -0.848759 4.22467e-19)
(0.986949 -0.798341 -3.17576e-19)
(1.00128 -0.753097 -1.4867e-19)
(1.01962 -0.718115 2.1261e-19)
(0.378749 -0.461167 -3.56025e-19)
(0.838236 -0.967026 -1.25927e-18)
(1.00824 -1.08341 1.12829e-18)
(1.06031 -1.05949 8.31974e-19)
(1.08113 -1.00109 -6.42476e-19)
(1.09412 -0.939669 6.79365e-19)
(1.10461 -0.882131 9.47392e-20)
(1.11376 -0.829365 -7.73511e-19)
(1.12145 -0.782115 -1.8457e-19)
(1.13335 -0.743525 2.42028e-19)
(0.456159 -0.474555 -7.59264e-20)
(0.992279 -0.988263 -1.06004e-18)
(1.17881 -1.10314 -4.79129e-19)
(1.22589 -1.07742 7.29792e-19)
(1.23736 -1.01738 5.64441e-19)
(1.24102 -0.954585 -6.10885e-19)
(1.24297 -0.895964 -4.93692e-19)
(1.24441 -0.842447 2.88852e-19)
(1.24563 -0.793888 -2.88139e-19)
(1.24705 -0.750747 -1.85228e-19)
(0.644934 -0.141038 -2.25575e-20)
(0.817095 -0.109351 4.22475e-20)
(0.891063 -0.0856839 1.79295e-20)
(0.935477 -0.0671702 -4.8101e-21)
(0.961216 -0.0520392 2.7459e-21)
(0.97644 -0.0394553 6.21192e-21)
(0.985692 -0.0289132 4.1055e-21)
(0.991346 -0.0199651 -3.52524e-21)
(0.994634 -0.0122472 1.26851e-21)
(0.996569 -0.00435079 3.44189e-21)
(0.662175 -0.203857 4.83167e-20)
(0.826247 -0.143269 -2.66315e-20)
(0.897988 -0.103842 3.41433e-21)
(0.940747 -0.0772384 1.06724e-20)
(0.965435 -0.0578576 2.42323e-20)
(0.979892 -0.0429124 0)
(0.988555 -0.0309946 4.34265e-21)
(0.99377 -0.0212011 2.75853e-21)
(0.99676 -0.0129287 5.8147e-22)
(0.99848 -0.00457823 -2.84543e-21)
(0.690542 -0.264874 -2.33475e-20)
(0.839609 -0.176467 3.45883e-22)
(0.907286 -0.121806 -4.66829e-21)
(0.947233 -0.0872406 -8.31773e-21)
(0.970311 -0.0636188 -4.26024e-21)
(0.983726 -0.0463084 6.56817e-21)
(0.991653 -0.0330167 0)
(0.996348 -0.022387 0)
(0.998998 -0.0135748 2.02981e-21)
(1.00048 -0.00479263 0)
(0.729676 -0.323017 -2.32834e-20)
(0.857207 -0.208428 -9.06772e-21)
(0.918872 -0.139367 7.9591e-21)
(0.954924 -0.097081 0)
(0.975841 -0.0692704 -1.73752e-20)
(0.987934 -0.0496118 5.27659e-21)
(0.994977 -0.0349593 0)
(0.999071 -0.0235104 -7.90817e-21)
(1.00134 -0.0141783 0)
(1.00256 -0.00499153 -9.48631e-22)
(0.779064 -0.377285 -1.91672e-20)
(0.879102 -0.238714 1.7347e-20)
(0.932639 -0.156333 -4.93256e-21)
(0.963801 -0.10667 0)
(0.982019 -0.0747629 -8.96126e-21)
(0.992509 -0.0527916 -1.21023e-20)
(0.998516 -0.0368026 7.12541e-21)
(1.00192 -0.0245583 1.60174e-21)
(1.00376 -0.0147314 9.67122e-23)
(1.0047 -0.00517213 3.41701e-21)
(0.83795 -0.426641 -4.92081e-19)
(0.905388 -0.267098 -4.91605e-20)
(0.948483 -0.172558 2.35442e-21)
(0.973834 -0.115927 -9.78393e-21)
(0.988833 -0.0800513 1.57814e-20)
(0.997439 -0.0558186 -4.82785e-21)
(1.00226 -0.0385265 -1.77176e-20)
(1.0049 -0.0255174 1.17689e-20)
(1.00626 -0.0152262 -3.24896e-22)
(1.00689 -0.00533136 3.67266e-21)
(0.90518 -0.469807 -4.0029e-21)
(0.936086 -0.293673 2.71271e-20)
(0.966354 -0.187998 5.79934e-21)
(0.984994 -0.124801 3.77918e-22)
(0.996268 -0.0851 6.92634e-21)
(1.00271 -0.0586669 5.73808e-21)
(1.00619 -0.0401121 5.44676e-21)
(1.00797 -0.0263744 -5.81139e-21)
(1.00881 -0.0156545 -1.92964e-21)
(1.00913 -0.00546582 -2.49182e-21)
(0.978821 -0.505566 1.87316e-19)
(0.970584 -0.31788 4.05201e-20)
(0.986143 -0.202455 0)
(0.997221 -0.13321 -5.57625e-21)
(1.0043 -0.0898686 -6.37571e-21)
(1.00831 -0.0613129 2.51989e-21)
(1.01029 -0.0415435 1.30975e-20)
(1.01113 -0.027118 -3.58997e-21)
(1.01141 -0.0160089 1.12261e-22)
(1.01138 -0.00557254 1.26048e-21)
(1.05516 -0.533645 -2.68952e-19)
(1.00656 -0.339139 -1.22221e-19)
(1.00664 -0.21573 1.30933e-20)
(1.00998 -0.140972 3.35665e-21)
(1.01269 -0.0942336 -1.78083e-21)
(1.01413 -0.0636874 1.12978e-20)
(1.01451 -0.0427851 -5.94128e-21)
(1.01435 -0.0277304 7.37129e-22)
(1.01403 -0.0162809 -4.48191e-21)
(1.01365 -0.00565258 -6.28597e-21)
(1.13171 -0.555568 1.76355e-19)
(1.03956 -0.361194 -1.14848e-19)
(1.02425 -0.230513 -8.72559e-21)
(1.02104 -0.149394 6.78571e-21)
(1.02024 -0.0986963 8.98996e-21)
(1.01958 -0.0659191 4.77877e-21)
(1.0186 -0.0438297 -3.7549e-22)
(1.01753 -0.0281739 0)
(1.01663 -0.0164408 4.13251e-21)
(1.01591 -0.00568466 -2.6587e-22)
(1.26334 -0.537437 2.42171e-19)
(1.11866 -0.35525 5.82882e-20)
(1.06824 -0.230171 -2.12289e-20)
(1.04635 -0.1503 -1.32494e-21)
(1.03546 -0.0993813 -8.9686e-22)
(1.02918 -0.0661772 6.03931e-21)
(1.02499 -0.0437935 9.30253e-21)
(1.02203 -0.0280103 2.11029e-22)
(1.02009 -0.016273 -2.02767e-21)
(1.01878 -0.00560479 1.80613e-21)
(1.31337 -0.460841 2.3803e-21)
(1.16025 -0.316684 6.87198e-20)
(1.10025 -0.212808 5.29754e-20)
(1.06863 -0.14204 -5.30512e-21)
(1.05042 -0.094885 1.6371e-20)
(1.03926 -0.0633961 8.23696e-21)
(1.03197 -0.0419459 6.8973e-21)
(1.0271 -0.0267879 -3.47037e-22)
(1.02404 -0.0155367 2.32822e-21)
(1.02209 -0.00533916 4.23717e-21)
(1.35909 -0.39367 -8.54988e-20)
(1.20264 -0.280552 -7.2435e-21)
(1.13086 -0.193579 7.30378e-22)
(1.08974 -0.131334 -1.10854e-36)
(1.06469 -0.0884723 3.7912e-21)
(1.04894 -0.059308 -2.52925e-35)
(1.03868 -0.0392565 -5.64557e-21)
(1.03195 -0.0250468 -3.3669e-34)
(1.02781 -0.014509 1.42159e-21)
(1.02522 -0.00497868 -4.13557e-21)
(1.38863 -0.327109 -1.50252e-34)
(1.23553 -0.24192 -1.41434e-20)
(1.1565 -0.17109 -1.9067e-20)
(1.10824 -0.117914 0)
(1.07755 -0.0801226 -8.65968e-21)
(1.0578 -0.0539226 -5.01621e-21)
(1.04487 -0.0357312 -9.66805e-23)
(1.03644 -0.0227902 -5.22981e-34)
(1.03129 -0.0131922 6.43539e-22)
(1.0281 -0.00452282 4.11357e-21)
(1.40727 -0.265155 -3.92486e-20)
(1.26079 -0.202766 2.44104e-21)
(1.17754 -0.146499 0)
(1.12401 -0.102381 0)
(1.08879 -0.0701362 0)
(1.06565 -0.047394 0)
(1.0504 -0.0314521 -1.37489e-21)
(1.04046 -0.0200631 -5.89476e-34)
(1.0344 -0.0116092 1.39713e-21)
(1.03068 -0.00397795 5.0939e-34)
(1.41858 -0.208012 -1.40692e-21)
(1.27967 -0.163807 0)
(1.19429 -0.120531 0)
(1.13702 -0.0852438 0)
(1.09826 -0.0588199 0)
(1.07236 -0.0398996 0)
(1.05516 -0.0265213 2.58587e-21)
(1.04393 -0.0169236 1.84806e-21)
(1.03709 -0.00979097 1.38314e-21)
(1.0329 -0.00335366 4.34316e-21)
(1.42507 -0.15535 0)
(1.29327 -0.125428 -4.11264e-21)
(1.2071 -0.0936959 -8.70349e-21)
(1.14727 -0.066918 0)
(1.10587 -0.0464565 -5.25539e-21)
(1.07782 -0.031619 -3.40374e-21)
(1.05905 -0.0210493 4.2314e-22)
(1.04677 -0.0134376 -1.25658e-21)
(1.0393 -0.00777332 2.72299e-21)
(1.03471 -0.00266156 3.80397e-21)
(1.4284 -0.106278 1.51143e-21)
(1.30245 -0.0877138 2.3324e-21)
(1.21624 -0.0663305 -2.18765e-22)
(1.15476 -0.0477384 5.24874e-36)
(1.11151 -0.0332984 -1.84114e-21)
(1.08189 -0.0227235 -2.99747e-35)
(1.06197 -0.0151459 2.47121e-21)
(1.0489 -0.00967179 7.71491e-21)
(1.04095 -0.00559175 1.25294e-21)
(1.03606 -0.00191151 -3.98487e-21)
(1.42625 -0.0614131 -4.17097e-21)
(1.30483 -0.0526098 4.52448e-21)
(1.21929 -0.0403172 6.09075e-21)
(1.15714 -0.0292296 0)
(1.11292 -0.0204751 3.59144e-21)
(1.08243 -0.0140051 2.39938e-21)
(1.06183 -0.00934503 3.95396e-21)
(1.04831 -0.00596956 9.51843e-22)
(1.04007 -0.00345083 2.56313e-22)
(1.03502 -0.00117919 4.13323e-21)
(1.30409 -0.0112935 0)
(1.19815 -0.0108651 0)
(1.12096 -0.00855109 0)
(1.06396 -0.00624921 0)
(1.0231 -0.00439561 0)
(0.994791 -0.00301516 0)
(0.975625 -0.00201516 2.3913e-21)
(0.963025 -0.00128891 -1.1236e-35)
(0.955351 -0.00073793 1.3314e-21)
(0.950653 -0.000246969 3.9224e-21)
(1.98505 -0.0439998 7.64345e-19)
(1.97043 -0.139351 5.06491e-20)
(1.9395 -0.231782 -9.59095e-20)
(1.89308 -0.319437 -3.06171e-19)
(1.83257 -0.400612 -8.68208e-20)
(1.75946 -0.473599 -1.41167e-19)
(1.67643 -0.536906 -3.84023e-19)
(1.58221 -0.591246 1.06223e-19)
(1.49217 -0.623357 0)
(1.36561 -0.685528 5.10343e-20)
(1.90405 -0.0327381 2.37756e-19)
(1.89282 -0.10488 -2.79095e-19)
(1.86962 -0.175421 -4.60197e-20)
(1.835 -0.243027 -1.23246e-19)
(1.79001 -0.306482 6.3442e-20)
(1.73514 -0.364716 1.37045e-19)
(1.67411 -0.415915 -8.01003e-20)
(1.60135 -0.464261 4.43587e-20)
(1.53922 -0.486887 -6.26918e-20)
(1.44171 -0.552418 2.75909e-20)
(1.83823 -0.025252 -1.00605e-19)
(1.82942 -0.0821163 2.28885e-19)
(1.81103 -0.137727 1.50347e-19)
(1.7835 -0.191291 -2.29946e-19)
(1.74781 -0.241988 7.22651e-21)
(1.70417 -0.289242 2.32335e-19)
(1.65599 -0.331259 6.19802e-21)
(1.59823 -0.372843 3.89666e-21)
(1.54758 -0.392872 1.9119e-20)
(1.47566 -0.450307 2.85542e-20)
(1.7866 -0.0198558 -2.58526e-19)
(1.77936 -0.0639904 -4.11168e-20)
(1.76418 -0.107324 8.80784e-21)
(1.74148 -0.149306 -2.02185e-20)
(1.71207 -0.189331 -1.26311e-19)
(1.6763 -0.227069 -7.49861e-20)
(1.63661 -0.260984 1.28093e-19)
(1.59022 -0.295129 6.14097e-21)
(1.54726 -0.312864 1.05228e-20)
(1.49307 -0.359251 1.02985e-20)
(1.7462 -0.015388 2.66334e-20)
(1.74006 -0.0492979 1.09199e-19)
(1.72713 -0.0826538 -1.6749e-20)
(1.70779 -0.115089 1.44992e-19)
(1.68275 -0.14618 -3.08689e-20)
(1.6525 -0.17572 -1.54499e-19)
(1.61867 -0.202538 2.29736e-20)
(1.58039 -0.229612 -6.38246e-20)
(1.54285 -0.244925 3.94179e-20)
(1.50039 -0.280851 2.38615e-20)
(1.71518 -0.0118315 -1.35193e-19)
(1.70982 -0.0372147 -5.22512e-20)
(1.69844 -0.0622359 -9.55812e-21)
(1.68143 -0.0866628 7.66115e-20)
(1.65939 -0.110211 1.66915e-19)
(1.63295 -0.132741 -4.19351e-20)
(1.60313 -0.153424 3.53331e-21)
(1.57037 -0.174281 -1.73334e-20)
(1.53667 -0.187025 -1.57546e-20)
(1.50187 -0.213984 -2.62733e-20)
(1.69218 -0.00889447 -3.84209e-20)
(1.68737 -0.02698 -9.13787e-20)
(1.67707 -0.0448473 -1.13574e-19)
(1.66166 -0.0623712 -1.81739e-19)
(1.64166 -0.0793818 4.84181e-20)
(1.61776 -0.0957917 3.60363e-20)
(1.59063 -0.111055 2.86559e-21)
(1.56148 -0.126479 2.99914e-20)
(1.53043 -0.13655 -3.5392e-20)
(1.5005 -0.156119 -1.45907e-20)
(1.676 -0.00642901 5.20561e-20)
(1.67163 -0.0180075 1.18123e-20)
(1.66212 -0.0294746 1.12779e-20)
(1.64782 -0.0407975 -2.25292e-20)
(1.62918 -0.0519008 -1.97279e-20)
(1.60695 -0.0627465 -3.34465e-20)
(1.58151 -0.0730135 -2.18834e-20)
(1.55455 -0.083524 3.74107e-20)
(1.52512 -0.0908159 -1.35888e-20)
(1.49806 -0.104395 5.91364e-21)
(1.65674 -0.00452874 -6.44167e-20)
(1.65323 -0.0100278 -1.63907e-20)
(1.64506 -0.0155144 1.01668e-19)
(1.63246 -0.0210353 -2.01595e-20)
(1.61577 -0.0266133 -2.26989e-20)
(1.59561 -0.0322817 3.73913e-20)
(1.57214 -0.0378514 -2.41856e-20)
(1.54722 -0.0439528 1.5893e-20)
(1.51894 -0.0481731 -1.15058e-20)
(1.49414 -0.0573428 -2.12337e-20)
(1.42134 -0.00159388 4.82366e-20)
(1.41838 -0.0013467 4.0377e-20)
(1.41448 -0.00116799 3.88728e-20)
(1.40957 -0.00112252 6.08967e-20)
(1.40344 -0.00127562 -2.56678e-20)
(1.39608 -0.001658 -3.89346e-20)
(1.38673 -0.00228412 1.33339e-20)
(1.37717 -0.00329929 1.92151e-21)
(1.36217 -0.00365725 -3.15287e-21)
(1.35596 -0.00788535 3.09949e-21)
(1.34444 0.712324 -4.80517e-20)
(1.34427 0.757133 2.71641e-20)
(1.35067 0.807605 -3.44194e-19)
(1.35766 0.863739 2.34937e-19)
(1.36522 0.924172 6.49622e-19)
(1.37304 0.98921 -1.49294e-19)
(1.37859 1.05837 -7.55791e-19)
(1.36364 1.11746 -6.04345e-20)
(1.23611 1.07197 -5.63636e-19)
(0.679548 0.635229 3.65209e-20)
(1.4718 0.692796 0)
(1.47907 0.735046 4.78605e-19)
(1.48888 0.783697 1.04241e-18)
(1.5008 0.837978 -6.03441e-19)
(1.51472 0.896832 -1.47299e-18)
(1.53007 0.960636 -1.40525e-19)
(1.54397 1.02876 -1.80161e-19)
(1.53535 1.08702 6.77329e-19)
(1.39799 1.04116 1.2855e-18)
(0.770406 0.615979 5.46935e-19)
(1.58516 0.661608 6.43089e-20)
(1.60031 0.701936 0)
(1.61715 0.747708 -6.84339e-20)
(1.63633 0.79825 6.30813e-19)
(1.65787 0.853349 5.33614e-20)
(1.68148 0.913574 -1.66789e-18)
(1.7041 0.97829 1.09807e-18)
(1.70177 1.03369 8.01504e-19)
(1.55421 0.987449 -1.18276e-18)
(0.85704 0.582847 -3.08489e-19)
(1.68804 0.612176 -9.09419e-20)
(1.71029 0.650232 -7.73778e-20)
(1.73463 0.69269 2.00257e-19)
(1.76149 0.739148 -2.51462e-19)
(1.79101 0.789859 -1.24014e-18)
(1.82316 0.845467 -9.56214e-19)
(1.85457 0.905428 1.12373e-18)
(1.85826 0.956724 8.17405e-19)
(1.70014 0.910618 0)
(0.936336 0.53586 0)
(1.78259 0.546155 -7.42838e-19)
(1.81077 0.58107 -1.2112e-18)
(1.8416 0.619485 -4.95297e-19)
(1.87533 0.661209 -3.67777e-20)
(1.91225 0.706717 0)
(1.9524 0.756654 1.52227e-19)
(1.99197 0.810614 1.80085e-19)
(2.0009 0.856804 2.30838e-19)
(1.83173 0.811722 -3.55684e-19)
(1.00574 0.47605 -9.26095e-20)
(1.86735 0.466756 8.55691e-19)
(1.90026 0.497417 -5.07946e-20)
(1.93639 0.53078 -1.01639e-18)
(1.97595 0.566815 0)
(2.01928 0.606079 0)
(2.06644 0.649166 0)
(2.11314 0.695842 1.46279e-18)
(2.12616 0.736076 -1.94254e-18)
(1.94547 0.693055 -1.7707e-18)
(1.06325 0.405151 1.86319e-19)
(1.93944 0.376507 -1.16788e-18)
(1.97609 0.40189 -2.42642e-18)
(2.01649 0.429198 -4.18099e-21)
(2.06081 0.45857 4.7981e-19)
(2.10944 0.490546 -4.54853e-20)
(2.16243 0.525603 1.17319e-18)
(2.21499 0.563768 -7.07269e-19)
(2.23089 0.597468 -2.49289e-18)
(2.03828 0.557696 1.63867e-19)
(1.1072 0.325221 1.41973e-19)
(1.99631 0.277567 -9.63289e-19)
(2.03583 0.296853 2.14643e-20)
(2.07951 0.317266 3.72596e-19)
(2.12753 0.339165 -3.54435e-19)
(2.18029 0.362989 5.39824e-19)
(2.23776 0.389001 1.6638e-18)
(2.29481 0.417231 -2.5478e-19)
(2.31226 0.444294 -1.49522e-18)
(2.10758 0.409514 5.11566e-19)
(1.13574 0.238681 1.38572e-19)
(2.03596 0.172109 3.50124e-19)
(2.07754 0.184697 1.03033e-19)
(2.12355 0.19757 -4.09318e-19)
(2.17418 0.211364 -8.81816e-19)
(2.22989 0.226529 1.15349e-19)
(2.29056 0.242696 1.28311e-19)
(2.35 0.259569 -1.73773e-18)
(2.36789 0.279746 8.91086e-19)
(2.1514 0.253077 3.99715e-19)
(1.14844 0.14922 -3.02619e-19)
(2.05722 0.0623526 7.18256e-19)
(2.09999 0.0677667 -1.07135e-18)
(2.14723 0.0726828 2.03387e-19)
(2.19927 0.0778909 2.24573e-18)
(2.25659 0.0837435 1.22448e-18)
(2.31895 0.0910939 -2.82696e-18)
(2.37969 0.0955388 -3.35353e-18)
(2.39564 0.107529 2.11154e-18)
(2.16845 0.0926268 -1.47693e-20)
(1.14576 0.059438 -7.06473e-20)
(0.531252 0.174237 -2.2346e-19)
(0.499708 0.180224 -2.03515e-19)
(0.458304 0.186771 1.31991e-19)
(0.410697 0.193877 -4.47722e-19)
(0.358815 0.201585 -6.68595e-20)
(0.301826 0.210003 3.86882e-19)
(0.238482 0.219034 1.26307e-19)
(0.167982 0.22632 -9.85833e-20)
(0.0933562 0.215914 -2.708e-20)
(0.017035 0.130425 4.01834e-20)
(0.555846 0.272459 1.81302e-19)
(0.525192 0.28495 2.74939e-19)
(0.485122 0.298702 3.61039e-20)
(0.439026 0.313646 -1.32645e-19)
(0.388792 0.32982 -4.26444e-19)
(0.333639 0.347452 3.90289e-20)
(0.272306 0.3664 3.03909e-19)
(0.203515 0.382456 -2.30532e-20)
(0.127488 0.367219 -1.16158e-20)
(0.0373319 0.22111 -1.69945e-21)
(0.597235 0.366567 -2.0625e-19)
(0.568168 0.385293 -2.36116e-19)
(0.530411 0.405866 2.03943e-19)
(0.486892 0.42824 2.00301e-19)
(0.439445 0.452458 -6.39046e-20)
(0.387372 0.478858 -1.92238e-19)
(0.329395 0.507251 -8.72192e-20)
(0.263414 0.531649 8.79502e-20)
(0.184794 0.511715 -1.94708e-20)
(0.0711505 0.3075 9.01357e-21)
(0.654275 0.454379 1.2191e-19)
(0.627474 0.478963 1.35655e-20)
(0.592973 0.505807 -1.63809e-19)
(0.553065 0.53503 1.53368e-19)
(0.509508 0.566692 -1.14249e-19)
(0.461724 0.601222 6.11991e-20)
(0.408407 0.638375 -5.69491e-20)
(0.346308 0.670487 -1.06606e-19)
(0.263938 0.646101 -1.96773e-19)
(0.117708 0.387748 5.63505e-20)
(0.725427 0.533797 -4.34803e-20)
(0.701548 0.563764 -2.1042e-20)
(0.671204 0.596175 -4.39367e-20)
(0.635893 0.631501 -1.15518e-19)
(0.597277 0.669836 4.69571e-20)
(0.554927 0.711676 -1.54708e-19)
(0.507486 0.756712 2.28872e-19)
(0.450258 0.795732 7.05022e-20)
(0.363392 0.767112 2.7452e-19)
(0.176158 0.45987 2.25449e-19)
(0.808826 0.602799 2.57058e-20)
(0.788478 0.637575 -2.61675e-20)
(0.763113 0.674703 2.22859e-19)
(0.733318 0.715238 9.07403e-20)
(0.700635 0.759332 1.36764e-19)
(0.664793 0.807511 2.65803e-20)
(0.624357 0.859395 2.97425e-19)
(0.572916 0.90437 1.70264e-19)
(0.480979 0.871731 1.80979e-19)
(0.245105 0.521855 1.94234e-19)
(0.90232 0.659678 -9.59718e-20)
(0.886097 0.698583 2.06989e-19)
(0.866495 0.739431 9.09825e-20)
(0.843089 0.784122 -4.07651e-20)
(0.81726 0.832902 -2.94953e-20)
(0.788899 0.886296 3.84397e-19)
(0.756468 0.943839 -1.00093e-19)
(0.711602 0.993683 -2.49136e-19)
(0.613995 0.957271 -4.08968e-20)
(0.322764 0.57202 2.40573e-19)
(1.00267 0.702631 1.43956e-19)
(0.991009 0.744563 5.58127e-20)
(0.977936 0.787969 -4.93448e-19)
(0.961887 0.835756 4.49952e-21)
(0.943936 0.888181 2.29996e-19)
(0.924085 0.945674 -2.25545e-19)
(0.900648 1.00766 -3.22996e-20)
(0.863077 1.06124 -1.19697e-19)
(0.759215 1.02141 1.61836e-20)
(0.407073 0.609025 -2.68583e-19)
(1.10962 0.729541 2.59005e-20)
(1.10369 0.773973 -3.38987e-19)
(1.09795 0.818755 -2.28414e-21)
(1.0897 0.8684 2.35995e-19)
(1.07991 0.9233 -2.14325e-19)
(1.06886 0.983713 4.68996e-19)
(1.05476 1.04891 3.73641e-19)
(1.02466 1.10516 -6.97807e-19)
(0.913674 1.06251 -7.03402e-20)
(0.496063 0.632105 -3.33459e-19)
(1.20213 0.73813 -1.62751e-19)
(1.20672 0.784815 -1.68824e-19)
(1.2134 0.830633 2.19873e-19)
(1.21664 0.881385 3.87545e-19)
(1.21766 0.937725 1.80364e-19)
(1.21736 0.999808 -3.91722e-19)
(1.21391 1.06683 -1.0663e-20)
(1.19197 1.1245 1.5219e-19)
(1.0734 1.07961 -3.08132e-19)
(0.587423 0.6408 -2.52783e-19)
(0.650417 0.0243051 3.42546e-20)
(1.21778 0.0325604 -2.72343e-20)
(0.918918 0.0369995 1.1018e-20)
(0.9925 0.0409417 0)
(0.981022 0.0483529 2.52532e-20)
(0.964304 0.0585258 2.82532e-20)
(0.93929 0.0717918 3.55853e-20)
(0.894105 0.0887406 7.20183e-20)
(0.828501 0.111692 -1.03726e-19)
(0.655417 0.142474 -1.1474e-19)
(0.650199 0.0227033 4.37832e-20)
(1.21828 0.0329403 -9.79877e-20)
(0.919774 0.0398015 -3.61903e-21)
(0.994339 0.0429064 -1.09606e-20)
(0.983651 0.0517476 1.14964e-20)
(0.967883 0.0642123 -1.51458e-20)
(0.943993 0.0815514 -9.00954e-20)
(0.900785 0.105959 0)
(0.836989 0.145021 2.29099e-19)
(0.674395 0.203475 -2.58616e-19)
(0.64981 0.0210481 -9.19887e-20)
(1.2189 0.0331831 2.20651e-20)
(0.920491 0.0423817 2.35275e-20)
(0.99646 0.0446937 1.90649e-20)
(0.986653 0.0549981 -2.73155e-20)
(0.972094 0.069781 -6.79771e-22)
(0.949809 0.0912031 -6.42654e-20)
(0.909898 0.123029 -6.04202e-21)
(0.849298 0.177659 2.96328e-22)
(0.705574 0.262722 6.51971e-19)
(0.649245 0.0194849 1.29667e-20)
(1.21959 0.0332919 1.43501e-20)
(0.921079 0.0446798 2.87252e-20)
(0.998882 0.0462809 1.35789e-20)
(0.990037 0.0580824 -1.50724e-20)
(0.976946 0.0751905 -1.7936e-20)
(0.956766 0.100669 9.63488e-20)
(0.921343 0.139798 -1.88832e-21)
(0.865607 0.2092 -2.82317e-19)
(0.748319 0.319111 6.82406e-20)
(0.648487 0.018119 -4.80567e-21)
(1.2203 0.0332567 -5.43333e-20)
(0.921552 0.0466317 -2.46387e-20)
(1.00163 0.0476537 4.46326e-21)
(0.99381 0.0609819 0)
(0.982442 0.0804041 0)
(0.964886 0.109886 8.21602e-20)
(0.935011 0.156143 5.324e-22)
(0.886141 0.239471 -1.38089e-19)
(0.801745 0.371455 9.61432e-20)
(0.647515 0.0170503 -9.46243e-21)
(1.22094 0.0330539 5.34219e-20)
(0.921935 0.0481695 -3.41948e-20)
(1.00474 0.0488092 -3.67203e-20)
(0.997975 0.0636812 -1.68022e-21)
(0.988584 0.0853902 7.15969e-20)
(0.974194 0.118808 1.28068e-19)
(0.950847 0.171964 -7.23855e-22)
(0.911088 0.268626 2.31392e-19)
(0.864736 0.418526 -2.03896e-19)
(0.646297 0.0163879 -2.92113e-20)
(1.22141 0.0326431 2.18871e-20)
(0.92226 0.0492216 8.26455e-21)
(1.00823 0.0497601 -5.62064e-20)
(1.00252 0.0661662 4.24961e-21)
(0.995373 0.0901227 -1.14635e-21)
(0.984706 0.127399 -7.53644e-21)
(0.968878 0.187155 -2.21553e-19)
(0.940468 0.296005 1.7616e-19)
(0.935934 0.459644 -4.65593e-19)
(0.644792 0.016241 2.73421e-20)
(1.22159 0.0319594 -8.47126e-20)
(0.922574 0.0497146 2.45819e-21)
(1.01214 0.0505362 4.94882e-20)
(1.00744 0.0684153 1.85555e-21)
(1.00281 0.0945681 -8.24668e-20)
(0.996444 0.13561 -6.99632e-20)
(0.988988 0.201665 3.98213e-19)
(0.974571 0.32052 1.01145e-20)
(1.01355 0.496043 7.47981e-19)
(0.642949 0.0167595 -2.20353e-20)
(1.22139 0.0309283 4.0109e-20)
(0.922946 0.0495663 -4.51407e-20)
(1.01649 0.0511639 -5.22763e-20)
(1.01267 0.0703536 -9.82284e-20)
(1.01084 0.0985494 1.85963e-21)
(1.00932 0.142924 -9.64322e-20)
(1.01101 0.213997 5.16907e-19)
(1.01431 0.337565 -6.59368e-21)
(1.09578 0.521198 -1.02733e-18)
(0.640778 0.0180397 1.47676e-20)
(1.22117 0.0296999 6.39339e-20)
(0.923398 0.0487068 2.19206e-20)
(1.02115 0.0515943 -1.1999e-19)
(1.01772 0.0720008 -8.90462e-20)
(1.01814 0.102519 -6.87626e-20)
(1.02012 0.151104 -1.72975e-19)
(1.02782 0.229535 -4.8901e-19)
(1.04589 0.362091 -2.80308e-19)
(1.16546 0.561731 -1.17627e-18)
(0.642528 0.018519 -4.13705e-20)
(1.22263 0.0280434 -1.32628e-20)
(0.925526 0.0461464 -1.45118e-20)
(1.02654 0.0512644 -5.08269e-21)
(1.02626 0.0716393 5.68462e-20)
(1.03197 0.102666 -4.72191e-20)
(1.04297 0.151321 1.56433e-19)
(1.06636 0.227643 -4.87532e-19)
(1.10988 0.348795 -1.99282e-19)
(1.24997 0.534559 6.47882e-19)
(0.642988 0.0169068 3.66345e-20)
(1.22606 0.0261915 1.87793e-20)
(0.929732 0.0417898 2.21009e-20)
(1.03148 0.0491866 4.06972e-20)
(1.03568 0.0686319 8.52021e-20)
(1.04661 0.0985565 1.35371e-19)
(1.06565 0.144506 3.26501e-20)
(1.10113 0.214338 2.59206e-19)
(1.15857 0.31706 3.36418e-19)
(1.31308 0.467413 -2.38579e-20)
(0.643229 0.0147125 -4.11535e-20)
(1.22939 0.0238279 -1.22852e-20)
(0.933994 0.037376 -3.1344e-20)
(1.03655 0.0458651 2.41371e-20)
(1.04471 0.0640986 2.31062e-34)
(1.06039 0.0919603 -9.72959e-21)
(1.08632 0.133812 -6.04571e-34)
(1.13118 0.195324 2.15013e-20)
(1.19847 0.279715 -5.56696e-20)
(1.35758 0.39726 -4.57546e-20)
(0.64351 0.0118185 5.7559e-20)
(1.23247 0.0208333 -1.21866e-34)
(0.93804 0.0327314 3.11135e-20)
(1.04149 0.041522 -1.72901e-20)
(1.05303 0.0582106 -3.33408e-20)
(1.07286 0.0833613 -4.39785e-20)
(1.10451 0.120349 -7.55181e-34)
(1.15628 0.173051 -1.11425e-19)
(1.23019 0.240824 -1.46768e-19)
(1.38666 0.330706 8.70304e-20)
(0.64387 0.00822024 0)
(1.2354 0.0172757 1.63306e-35)
(0.9418 0.0278264 0)
(1.0461 0.0363207 0)
(1.06046 0.0511216 0)
(1.08379 0.0730558 0)
(1.12005 0.104679 -4.52928e-34)
(1.17673 0.148474 0)
(1.25478 0.201657 -2.18475e-20)
(1.4044 0.268594 5.34058e-20)
(0.644343 0.00394518 4.34955e-20)
(1.2383 0.0132395 -3.30007e-21)
(0.945231 0.0226953 3.042e-20)
(1.05022 0.0304204 0)
(1.06686 0.0430161 0)
(1.09302 0.0613536 8.27692e-21)
(1.13288 0.0873204 3.14081e-20)
(1.19293 0.122379 -1.59011e-20)
(1.27333 0.162903 -3.27313e-20)
(1.41465 0.211059 1.97709e-19)
(0.644969 -0.00119921 -2.76749e-20)
(1.24127 0.00881999 5.44503e-21)
(0.9483 0.0174289 2.99989e-20)
(1.05372 0.0239818 -5.51892e-21)
(1.07211 0.0340911 -1.12258e-20)
(1.10047 0.0485539 -8.59847e-21)
(1.143 0.0687141 -2.33544e-20)
(1.20527 0.095349 -4.47626e-20)
(1.2868 0.124887 -5.92445e-20)
(1.42016 0.157891 9.68428e-20)
(0.645813 -0.00640641 -5.89397e-20)
(1.24449 0.00401944 -2.97797e-20)
(0.95096 0.0121568 2.87924e-20)
(1.05644 0.0171726 -1.69655e-20)
(1.07609 0.0245475 1.17159e-34)
(1.10603 0.034938 8.92456e-21)
(1.15046 0.0492225 -1.09488e-33)
(1.21411 0.0677573 -1.60966e-20)
(1.29599 0.0875801 2.08841e-20)
(1.42279 0.108177 2.73653e-20)
(0.646116 -0.0159961 1.96314e-19)
(1.24574 -8.45706e-05 -1.15584e-20)
(0.951421 0.00675694 2.90252e-20)
(1.05649 0.0106387 2.70623e-21)
(1.07691 0.0151239 4.27419e-21)
(1.10789 0.0215188 1.5988e-20)
(1.1535 0.030203 9.12465e-21)
(1.21793 0.0413072 -5.40345e-21)
(1.29973 0.0528039 -2.32689e-20)
(1.42184 0.0636037 1.39708e-19)
(0.613365 -0.0134722 4.74136e-20)
(1.15505 -0.00498692 -1.10446e-34)
(0.870523 0.00292903 2.83936e-20)
(0.972424 0.00199234 0)
(0.990886 0.00328987 0)
(1.0201 0.00471882 9.17353e-21)
(1.06302 0.00661536 -1.02121e-35)
(1.12315 0.00906765 -1.60146e-20)
(1.19902 0.0114665 -3.08836e-20)
(1.30785 0.0131866 6.0808e-20)
(1.40105 0.617113 -1.86846e-19)
(1.48324 0.615428 -2.89246e-19)
(1.5757 0.588712 0)
(1.66321 0.540883 8.50201e-20)
(1.74444 0.478636 4.24951e-19)
(1.81791 0.406072 -1.59679e-19)
(1.88066 0.325426 1.30097e-18)
(1.9302 0.238379 -4.14485e-20)
(1.96484 0.146611 -3.62695e-19)
(1.98324 0.052074 3.04987e-19)
(1.44483 0.508096 6.51001e-20)
(1.51049 0.497982 1.16949e-19)
(1.58909 0.465126 -2.59303e-22)
(1.66186 0.420016 1.51244e-19)
(1.72577 0.368068 -1.42567e-19)
(1.78144 0.310552 -3.81621e-19)
(1.82801 0.248074 -6.22568e-20)
(1.86431 0.181411 5.45736e-19)
(1.88946 0.111576 -1.77874e-20)
(1.90289 0.0397331 -4.45747e-19)
(1.47471 0.408149 1.06561e-19)
(1.52506 0.398228 1.88423e-19)
(1.58557 0.372293 -3.83349e-19)
(1.64306 0.336395 7.59624e-20)
(1.69381 0.29454 5.76655e-19)
(1.7383 0.248012 -2.03912e-19)
(1.77588 0.197631 -5.54039e-19)
(1.80543 0.144267 -2.15798e-19)
(1.8261 0.0887863 3.35609e-19)
(1.83715 0.0320386 -2.32957e-19)
(1.48986 0.32649 3.97251e-20)
(1.53022 0.31619 0)
(1.57832 0.293991 4.69567e-21)
(1.6254 0.264172 2.38072e-19)
(1.6673 0.230161 3.49484e-19)
(1.70396 0.193071 1.10369e-19)
(1.73494 0.153431 -1.05171e-19)
(1.75936 0.11177 -2.26096e-19)
(1.77643 0.0686271 1.4989e-19)
(1.78562 0.0245345 8.07045e-20)
(1.49632 0.257268 2.88471e-20)
(1.52998 0.247203 -7.8436e-20)
(1.56928 0.228769 -1.55631e-19)
(1.60873 0.204903 7.30782e-20)
(1.64426 0.178035 1.26033e-21)
(1.67541 0.148977 6.36879e-20)
(1.70181 0.118117 1.95053e-19)
(1.7227 0.0858495 -1.92191e-19)
(1.73736 0.0525772 1.1152e-21)
(1.74529 0.018699 2.09595e-19)
(1.49772 0.197743 -2.21483e-19)
(1.52676 0.188628 -2.92338e-19)
(1.56003 0.173695 6.78646e-20)
(1.59416 0.155 2.78963e-19)
(1.62525 0.134221 -2.13269e-20)
(1.6526 0.111949 -5.94222e-20)
(1.67584 0.0884779 1.48468e-19)
(1.69427 0.0640931 -8.64173e-20)
(1.70725 0.0390738 -1.48685e-19)
(1.71431 0.0136803 -7.97478e-20)
(1.49652 0.145482 2.94534e-20)
(1.52237 0.137772 1.21385e-21)
(1.55164 0.126094 -3.07367e-21)
(1.58222 0.111956 1.96717e-19)
(1.61033 0.0964939 2.35206e-19)
(1.6351 0.0801096 -2.60841e-19)
(1.65621 0.0630088 -1.3395e-19)
(1.67299 0.0453887 1.57847e-19)
(1.68485 0.0274301 1.27199e-19)
(1.69133 0.00928845 4.28441e-20)
(1.49422 0.0981172 -1.36525e-19)
(1.51791 0.0919232 -3.87836e-22)
(1.54467 0.0832379 3.24914e-19)
(1.57306 0.073218 8.20034e-21)
(1.59928 0.0625567 -1.0776e-19)
(1.6224 0.0514766 -1.51896e-20)
(1.64211 0.0400976 -1.32766e-19)
(1.65783 0.0285359 5.97981e-20)
(1.66896 0.0168885 1.00906e-19)
(1.6751 0.0052271 1.18756e-19)
(1.48787 0.0563506 -2.68014e-19)
(1.50943 0.0509415 -1.54335e-20)
(1.53431 0.0446784 1.9701e-19)
(1.56092 0.0382451 -1.11375e-19)
(1.58533 0.0317766 -1.97293e-19)
(1.6067 0.0253355 -2.68418e-20)
(1.62486 0.0189902 1.72209e-19)
(1.63935 0.0128062 9.76235e-20)
(1.64971 0.00682677 -1.59998e-20)
(1.65556 0.001053 -2.1908e-20)
(1.36697 0.00956535 2.69246e-20)
(1.37672 0.00584115 -3.01216e-21)
(1.38866 0.00317141 2.1308e-21)
(1.40085 0.00143145 0)
(1.41013 0.00021654 2.6573e-19)
(1.41664 -0.000697993 -4.33811e-21)
(1.42095 -0.00134985 -1.82634e-19)
(1.42331 -0.00173726 1.18399e-19)
(1.42397 -0.00187763 -1.69884e-19)
(1.42325 -0.00181828 -1.50481e-19)
(1.4015 0.0227909 6.31006e-20)
(2.65181 0.0594906 1.20823e-18)
(2.9355 0.0517103 7.40263e-21)
(2.92941 0.0584045 -3.61609e-19)
(2.87109 0.0530698 4.3467e-19)
(2.81448 0.0482075 3.35373e-19)
(2.76702 0.0431632 0)
(2.72838 0.0379294 7.68522e-19)
(2.69569 0.0324687 -1.52391e-18)
(2.65396 0.0266682 -8.32944e-20)
(1.32498 0.122683 -3.97227e-21)
(2.57994 0.239975 5.38419e-19)
(2.88582 0.238245 1.15387e-20)
(2.89028 0.225965 2.53039e-20)
(2.83539 0.200002 4.77336e-19)
(2.77936 0.173674 -4.69772e-19)
(2.73164 0.148282 -3.70184e-19)
(2.69259 0.123636 -2.34517e-19)
(2.66055 0.0990987 7.72374e-19)
(2.62651 0.0750768 -7.45015e-19)
(1.22483 0.209726 1.79006e-19)
(2.45755 0.408533 4.34152e-20)
(2.78108 0.418069 -5.72377e-19)
(2.79743 0.389413 6.52778e-19)
(2.74833 0.344169 2.81604e-18)
(2.69481 0.298043 1.46793e-18)
(2.64804 0.253834 -1.63534e-18)
(2.60904 0.21137 -1.46956e-18)
(2.57693 0.16979 1.28461e-20)
(2.54741 0.129359 1.93747e-19)
(1.11063 0.281391 2.93639e-19)
(2.29448 0.557893 1.1549e-18)
(2.62767 0.582616 -1.77473e-18)
(2.65622 0.541982 -1.12632e-18)
(2.61488 0.480492 -6.43336e-21)
(2.56578 0.417597 -4.83359e-19)
(2.52135 0.357457 1.12935e-18)
(2.48315 0.300027 -8.58046e-21)
(2.4506 0.244358 -1.74915e-18)
(2.41961 0.191251 -6.34458e-19)
(0.99135 0.336985 3.92089e-19)
(2.10315 0.682888 1.5195e-18)
(2.43609 0.725017 -2.08591e-18)
(2.47561 0.677271 -9.49781e-19)
(2.44344 0.60375 1.3746e-18)
(2.40059 0.528223 -9.26143e-21)
(2.36009 0.456171 -8.61661e-19)
(2.32395 0.387792 -1.24039e-19)
(2.2919 0.321788 2.24991e-19)
(2.2571 0.260849 -1.28659e-20)
(0.873825 0.377414 7.33011e-19)
(1.89601 0.780654 -7.26253e-19)
(2.21888 0.840435 -8.28568e-19)
(2.2672 0.789965 2.20234e-18)
(2.245 0.709019 -1.17934e-18)
(2.21005 0.62544 1.67852e-19)
(2.17528 0.545901 1.04998e-19)
(2.14298 0.47095 -5.35916e-19)
(2.11343 0.398722 -5.91491e-20)
(2.07617 0.334325 5.16433e-19)
(0.762074 0.404348 1.02437e-19)
(1.68372 0.850496 -7.53405e-19)
(1.98847 0.926255 1.91237e-18)
(2.04315 0.876391 1.6225e-18)
(2.03117 0.792262 -1.36682e-18)
(2.00538 0.704931 5.4315e-20)
(1.978 0.621975 1.74804e-18)
(1.9514 0.544332 -1.22226e-18)
(1.92662 0.469544 -6.00763e-19)
(1.88966 0.404751 4.90413e-19)
(0.657715 0.419415 2.97826e-19)
(1.47413 0.893264 1.75964e-18)
(1.75526 0.981935 6.59271e-19)
(1.81417 0.93481 -2.56922e-18)
(1.81222 0.850923 -1.00376e-19)
(1.79629 0.7634 3.02333e-19)
(1.77749 0.680376 -4.8404e-19)
(1.75811 0.603041 -3.21883e-19)
(1.73993 0.528872 5.92679e-20)
(1.70655 0.464684 -2.43136e-19)
(0.560928 0.423831 -2.62953e-19)
(1.2723 0.910617 -2.35581e-20)
(1.5269 1.00839 -1.33902e-20)
(1.58847 0.965102 -7.93779e-19)
(1.59608 0.883905 -2.60565e-19)
(1.59015 0.798804 -8.31772e-19)
(1.58045 0.718092 -6.16311e-19)
(1.56905 0.643059 5.50223e-19)
(1.55809 0.570248 3.40224e-19)
(1.52934 0.510028 1.05501e-19)
(0.471371 0.418415 -2.73164e-19)
(1.08128 0.904484 0)
(1.30856 1.0074 -2.06447e-19)
(1.37189 0.968444 -2.15171e-19)
(1.38848 0.891772 1.23411e-18)
(1.39236 0.811291 2.60088e-20)
(1.3918 0.735323 -6.65213e-19)
(1.38846 0.665527 -5.05651e-19)
(1.38588 0.599307 2.60865e-19)
(1.35855 0.533737 5.99917e-19)
(0.388689 0.403656 8.05307e-20)
(0.902893 0.876494 0)
(1.10363 0.980585 -9.1427e-19)
(1.16844 0.945795 4.76365e-19)
(1.19373 0.874402 6.36308e-19)
(1.20752 0.799188 1.17703e-19)
(1.21682 0.728089 -1.36164e-19)
(1.2233 0.662531 -5.42181e-19)
(1.22778 0.602812 -6.67359e-20)
(1.23333 0.548071 -2.07139e-19)
(0.312814 0.380046 -1.29769e-19)
(0.738258 0.828362 -7.3753e-19)
(0.913969 0.92998 4.5378e-21)
(0.979951 0.899166 8.01958e-20)
(1.01309 0.833734 -1.13839e-19)
(1.03568 0.76463 4.24023e-19)
(1.05344 0.699249 -5.12873e-19)
(1.06788 0.638759 1.71571e-19)
(1.07874 0.584073 2.83475e-19)
(1.09591 0.539793 -1.24353e-19)
(0.244072 0.348247 4.92036e-20)
(0.588561 0.761822 1.58964e-19)
(0.741288 0.857665 4.722e-19)
(0.80832 0.830685 -1.9221e-19)
(0.848569 0.771846 -3.51362e-19)
(0.879183 0.709636 1.06716e-19)
(0.904703 0.6508 1.6433e-19)
(0.926514 0.596385 8.56955e-20)
(0.944316 0.547021 -1.2224e-21)
(0.967468 0.509702 1.50855e-20)
(0.182998 0.309062 -4.00064e-20)
(0.455099 0.678609 -1.31843e-19)
(0.587234 0.765644 -1.31365e-19)
(0.655268 0.742344 -7.30166e-20)
(0.701943 0.690601 1.35622e-19)
(0.739808 0.635865 -2.2107e-20)
(0.772406 0.584108 -4.43896e-21)
(0.800952 0.536264 8.82406e-20)
(0.825326 0.492622 8.75527e-20)
(0.852863 0.460776 -7.53315e-21)
(0.130163 0.263399 -6.37043e-20)
(0.339189 0.58061 6.5141e-20)
(0.453355 0.656102 7.4447e-20)
(0.522294 0.636346 9.29399e-20)
(0.574592 0.592149 -1.97953e-19)
(0.618792 0.545396 -4.92786e-22)
(0.657566 0.501183 1.90386e-19)
(0.691967 0.460307 -2.30264e-20)
(0.722072 0.422815 -2.97914e-20)
(0.753084 0.396073 -4.14902e-20)
(0.0860986 0.212233 7.90058e-20)
(0.242105 0.469919 4.46423e-19)
(0.341141 0.531501 1.50629e-19)
(0.410838 0.51519 -2.10774e-19)
(0.467854 0.478967 -9.52036e-20)
(0.517367 0.440687 2.19062e-19)
(0.561306 0.404486 -6.75371e-20)
(0.600581 0.371007 -1.39059e-19)
(0.635451 0.340155 1.7751e-20)
(0.669178 0.318546 2.5921e-20)
(0.0512522 0.156572 1.06261e-19)
(0.164981 0.348815 -3.52774e-19)
(0.251926 0.394542 -5.41977e-19)
(0.322199 0.381607 1.64298e-19)
(0.382956 0.35373 1.73036e-19)
(0.436685 0.324357 -3.05931e-22)
(0.484718 0.296589 -1.33267e-19)
(0.527846 0.270905 3.21349e-20)
(0.566491 0.247151 2.58289e-20)
(0.602277 0.230815 -1.39147e-20)
(0.0259865 0.0974555 -1.09944e-19)
(0.108742 0.219723 8.39458e-22)
(0.186795 0.248118 4.10695e-19)
(0.257448 0.23851 8.03217e-20)
(0.320915 0.21927 -7.64711e-20)
(0.377713 0.199143 -3.00586e-20)
(0.428727 0.180136 0)
(0.474666 0.162558 -2.83859e-21)
(0.516078 0.146258 -2.61495e-20)
(0.553326 0.13532 1.65877e-20)
(0.0105768 0.0359576 5.85831e-20)
(0.0740707 0.0851923 3.36088e-19)
(0.146538 0.0952723 2.19464e-19)
(0.217361 0.0889578 -1.50361e-19)
(0.282466 0.0785446 -6.02745e-20)
(0.341141 0.0678819 5.36599e-21)
(0.393992 0.0578484 1.05236e-20)
(0.441669 0.0485727 2.85009e-20)
(0.48481 0.0399549 -6.94211e-20)
(0.522927 0.0344852 -6.77722e-20)
(0.00520051 -0.0268079 -9.27637e-20)
(0.0613775 -0.0521283 -2.45982e-19)
(0.131605 -0.0608371 -5.27449e-20)
(0.202371 -0.0638794 -3.2991e-20)
(0.268013 -0.0653919 1.71989e-20)
(0.327344 -0.0665074 6.08387e-21)
(0.380861 -0.0674924 -4.60689e-21)
(0.429191 -0.0683972 7.25802e-21)
(0.473005 -0.0692475 3.82288e-20)
(0.511412 -0.0692456 4.25688e-20)
(1.08888 0.330051 -7.69323e-19)
(0.966775 0.155525 6.87816e-21)
(0.94486 0.058849 4.34701e-20)
(0.94415 0.015084 1.55162e-20)
(0.951484 -0.00240651 -6.06987e-23)
(0.960852 -0.00816203 2.163e-21)
(0.969369 -0.00861134 1.671e-22)
(0.976084 -0.00696978 1.77053e-21)
(0.980665 -0.00460319 7.13908e-21)
(0.983685 -0.00169032 0)
(1.00202 0.308071 -3.35406e-19)
(0.935852 0.137404 1.53537e-20)
(0.93341 0.0477268 1.86929e-21)
(0.940388 0.00866685 5.0033e-20)
(0.950958 -0.00645069 -6.75308e-21)
(0.961472 -0.0107634 -6.01799e-22)
(0.970315 -0.0104417 3.30369e-22)
(0.977015 -0.00823686 6.10932e-21)
(0.981492 -0.00539268 2.52636e-21)
(0.984428 -0.00197709 -4.70408e-21)
(0.920928 0.282891 4.2785e-19)
(0.904172 0.121877 7.17853e-20)
(0.920347 0.0387819 -3.35798e-20)
(0.935735 0.00325276 -1.37395e-20)
(0.949948 -0.0101187 5.70561e-21)
(0.961921 -0.0133548 6.30716e-23)
(0.971217 -0.0122798 4.12975e-22)
(0.97798 -0.00949987 4.97037e-21)
(0.982408 -0.00617462 -5.6845e-21)
(0.98529 -0.00225873 -2.25745e-21)
(0.847703 0.249554 3.0445e-19)
(0.876448 0.101347 -2.40256e-20)
(0.908873 0.0273589 1.25582e-20)
(0.931823 -0.00364716 -2.18141e-20)
(0.949359 -0.0144008 -5.44632e-21)
(0.962595 -0.0161915 8.25036e-22)
(0.972272 -0.0142105 5.78813e-21)
(0.979079 -0.0107886 -4.4344e-22)
(0.983452 -0.00695716 -2.45977e-21)
(0.986274 -0.00253717 2.74935e-21)
(0.784509 0.207754 -2.32835e-19)
(0.853674 0.0774679 8.51996e-20)
(0.899611 0.0143077 -1.12541e-21)
(0.928965 -0.0112199 -8.39859e-21)
(0.949287 -0.0190533 -8.03498e-21)
(0.963553 -0.0192039 -5.80676e-22)
(0.973517 -0.0162112 3.8568e-22)
(0.980329 -0.0120956 -3.17391e-21)
(0.984632 -0.00773845 -1.31134e-22)
(0.987384 -0.00281196 2.23916e-22)
(0.732214 0.158897 -5.00506e-21)
(0.83602 0.0510796 4.24908e-20)
(0.892501 -9.58183e-05 -5.33479e-22)
(0.927172 -0.0194708 4.49521e-21)
(0.949761 -0.0240403 1.17764e-20)
(0.96482 -0.0223678 -3.50685e-21)
(0.97497 -0.0182693 2.81891e-21)
(0.98174 -0.0134157 9.03247e-22)
(0.985951 -0.00851663 -3.20823e-21)
(0.988619 -0.00308279 0)
(0.691361 0.104697 1.48575e-19)
(0.823252 0.0221979 -7.81557e-20)
(0.887557 -0.0157217 2.26909e-21)
(0.926485 -0.0283 -2.23791e-20)
(0.950811 -0.0293061 5.10803e-21)
(0.96642 -0.0256553 -4.487e-21)
(0.976642 -0.0203716 -2.72249e-21)
(0.983319 -0.0147428 1.43669e-21)
(0.987412 -0.00928916 -2.88404e-22)
(0.989976 -0.00334913 1.80184e-21)
(0.662212 0.0463773 -1.27286e-19)
(0.815139 -0.00888144 2.29298e-20)
(0.884855 -0.0323351 7.28515e-21)
(0.926947 -0.0375932 3.69328e-21)
(0.952464 -0.0347951 -2.15426e-21)
(0.968369 -0.0290381 5.04055e-21)
(0.978545 -0.0225035 -3.21235e-21)
(0.985068 -0.01607 -3.32478e-21)
(0.989013 -0.0100528 3.66566e-21)
(0.991454 -0.00361024 3.42075e-21)
(0.644763 -0.0147473 2.99131e-20)
(0.811493 -0.0415881 -7.23815e-20)
(0.884506 -0.0496937 5.07667e-21)
(0.928587 -0.0472418 2.96314e-20)
(0.954739 -0.0404515 -6.70707e-21)
(0.970682 -0.0324864 2.29582e-21)
(0.980686 -0.0246492 -1.23254e-21)
(0.98699 -0.017389 -3.34686e-21)
(0.990754 -0.0108035 1.94399e-22)
(0.99305 -0.0038651 3.26869e-21)
(0.639077 -0.0775684 2.77039e-20)
(0.812164 -0.0752623 8.43524e-21)
(0.886565 -0.067556 -1.25786e-20)
(0.931425 -0.0571365 -1.09271e-20)
(0.957653 -0.0462185 -3.69792e-21)
(0.973371 -0.0359693 3.0309e-21)
(0.983068 -0.0267918 -5.28471e-21)
(0.989084 -0.0186907 -6.34953e-21)
(0.992629 -0.0115368 -1.25135e-21)
(0.994757 -0.00411247 3.03347e-21)
(1.0543 0.00880226 8.18669e-20)
(0.889176 0.00717782 -1.8244e-20)
(0.828772 0.00342634 -2.07744e-20)
(0.803754 0.00106333 4.38655e-21)
(0.797747 1.54926e-05 -2.9593e-21)
(0.79998 -0.000347401 -6.60936e-22)
(0.804703 -0.000406254 3.88773e-21)
(0.809362 -0.000338523 -4.26225e-23)
(0.812841 -0.00021902 -3.5533e-21)
(0.815226 -7.63343e-05 1.3078e-21)
(1.29178 0.085258 -1.44192e-19)
(1.06766 0.0451278 -9.51888e-20)
(0.990197 0.0191877 -4.09768e-20)
(0.959851 0.00612673 3.98592e-21)
(0.952734 0.000393144 -8.04094e-21)
(0.955474 -0.00166463 -2.8726e-21)
(0.961155 -0.00205765 -7.10917e-22)
(0.966745 -0.00174428 4.02238e-23)
(0.970919 -0.00116844 2.94017e-22)
(0.973799 -0.000428958 1.40549e-22)
(1.28485 0.159686 -1.70596e-19)
(1.066 0.0778645 1.38195e-20)
(0.99237 0.0320239 -3.2998e-21)
(0.96479 0.00992113 8.93297e-35)
(0.959258 0.000471727 -5.98585e-22)
(0.962829 -0.00293078 0)
(0.968928 -0.00353803 1.62083e-21)
(0.974729 -0.002978 -2.51719e-34)
(0.979008 -0.00199118 4.68003e-36)
(0.981946 -0.000731563 1.96241e-21)
(1.24927 0.229936 4.13289e-19)
(1.04653 0.110516 -9.70235e-21)
(0.98232 0.0444728 0)
(0.960252 0.0133222 2.60188e-20)
(0.957539 0.000138474 0)
(0.962448 -0.00442148 0)
(0.969167 -0.0051632 0)
(0.975224 -0.00430489 7.37619e-22)
(0.979599 -0.0028709 -7.23725e-24)
(0.982569 -0.00105605 -7.50213e-23)
(1.2137 0.300486 -5.65215e-19)
(1.02879 0.142651 -8.40369e-21)
(0.970863 0.0558711 0)
(0.954279 0.0160436 -2.23031e-20)
(0.954857 -0.000510389 1.65512e-20)
(0.961431 -0.00614415 0)
(0.968992 -0.00688669 0)
(0.975454 -0.00566975 -1.26812e-21)
(0.980008 -0.00376352 -8.62547e-23)
(0.983053 -0.00138273 -9.98318e-23)
(0.522218 -1.81354e-05 -3.57365e-20)
(0.542477 -0.00228561 -7.82317e-21)
(0.596624 -0.00569705 -1.5039e-20)
(0.681573 -0.0115493 2.56432e-19)
(0.790888 -0.0181907 3.01374e-19)
(0.908227 -0.0235368 1.22278e-19)
(1.01394 -0.0266323 1.8482e-19)
(1.09322 -0.0241445 -7.2777e-20)
(1.13355 -0.0230008 7.59378e-20)
(1.16758 0.00104395 7.95062e-20)
(1.4091 0.00697851 -1.70079e-19)
(1.4557 0.0072323 3.20633e-20)
(1.55808 0.00707256 2.04018e-20)
(1.68148 0.00568447 3.54171e-19)
(1.78294 0.00661653 -7.38681e-20)
(1.82655 0.0137774 1.0487e-19)
(1.80533 0.0264533 -6.5884e-20)
(1.72875 0.0505252 2.60738e-21)
(1.63187 0.0629252 -8.90477e-20)
(1.51882 0.112607 -1.04701e-19)
(2.02319 0.0144989 -3.34059e-19)
(2.06949 0.0233556 3.86047e-21)
(2.14398 0.0344286 -2.26243e-20)
(2.19041 0.0491144 1.17728e-20)
(2.16656 0.0693835 -1.84896e-19)
(2.06957 0.0962866 -3.05936e-19)
(1.93172 0.12755 -2.63033e-19)
(1.77695 0.165766 2.32689e-19)
(1.64428 0.183718 3.51405e-19)
(1.5 0.241608 1.65726e-19)
(2.37576 0.0191918 2.32992e-19)
(2.3996 0.0372736 1.23046e-19)
(2.4096 0.0612044 -5.65681e-20)
(2.36118 0.0921156 3.35507e-20)
(2.24517 0.13042 -2.61376e-19)
(2.08664 0.175324 -1.48305e-19)
(1.91794 0.222758 3.49613e-19)
(1.75003 0.270875 3.52985e-19)
(1.61409 0.294435 -1.75477e-19)
(1.45109 0.355094 -2.85515e-19)
(2.54815 0.0226822 1.29186e-18)
(2.54626 0.0531266 -1.77955e-19)
(2.50322 0.0913115 3.23476e-19)
(2.39948 0.138716 4.35908e-19)
(2.2478 0.195401 8.63284e-20)
(2.07308 0.258473 2.21176e-19)
(1.89401 0.322079 -7.17045e-19)
(1.71834 0.379393 5.45441e-20)
(1.56121 0.417722 2.32709e-19)
(1.37451 0.475287 -3.03787e-20)
(1.16346 -0.531865 6.63861e-20)
(1.16923 -0.585922 -2.34793e-20)
(1.17626 -0.640048 -3.45455e-19)
(1.17753 -0.699548 -2.21417e-19)
(1.17415 -0.765105 7.70964e-19)
(1.1672 -0.836929 1.59663e-19)
(1.1553 -0.914688 -3.90194e-19)
(1.12549 -0.987056 4.84909e-19)
(1.00767 -0.971545 -2.20992e-19)
(0.552224 -0.595444 -4.96045e-19)
(1.06298 -0.519096 -9.87642e-21)
(1.05662 -0.56853 9.33356e-20)
(1.04849 -0.61857 2.73066e-19)
(1.03588 -0.673731 -3.09676e-19)
(1.02005 -0.734376 -6.9046e-19)
(1.0014 -0.800767 8.09474e-20)
(0.97832 -0.872581 8.96523e-20)
(0.939875 -0.938914 -2.06121e-19)
(0.829409 -0.922087 6.34435e-19)
(0.447123 -0.562227 -1.7352e-19)
(0.947449 -0.486114 -4.8103e-20)
(0.934474 -0.530601 0)
(0.918261 -0.576903 4.54187e-20)
(0.897517 -0.627654 2.24125e-19)
(0.873582 -0.682965 -3.08304e-20)
(0.846431 -0.743269 -2.19049e-19)
(0.814464 -0.808351 3.37494e-19)
(0.768906 -0.868074 2.60817e-20)
(0.665777 -0.851096 -2.64536e-19)
(0.351005 -0.516848 2.37391e-19)
(0.843558 -0.43669 -8.07808e-20)
(0.825905 -0.476123 -2.5866e-20)
(0.803086 -0.517756 -1.11042e-20)
(0.775107 -0.5631 8.46103e-21)
(0.743628 -0.612252 1.12102e-19)
(0.708495 -0.665744 -3.33747e-20)
(0.668219 -0.723423 -9.36471e-21)
(0.616023 -0.776147 2.94926e-19)
(0.519473 -0.760259 0)
(0.265134 -0.46024 0)
(0.751197 -0.373381 1.55497e-19)
(0.729421 -0.40695 1.37945e-19)
(0.700996 -0.443005 8.25763e-20)
(0.667012 -0.482221 1.79974e-20)
(0.629273 -0.5246 0)
(0.587445 -0.570652 -8.04627e-20)
(0.540113 -0.620258 -9.86319e-20)
(0.48227 -0.665493 -1.18251e-19)
(0.391826 -0.651616 1.88677e-19)
(0.190342 -0.393389 5.11791e-20)
(0.6729 -0.298456 -1.70051e-19)
(0.647704 -0.325811 1.95941e-20)
(0.614643 -0.355612 2.12677e-19)
(0.57572 -0.387994 0)
(0.532815 -0.422913 0)
(0.485425 -0.460825 0)
(0.432192 -0.501645 -1.70432e-19)
(0.369619 -0.538862 1.51482e-19)
(0.284636 -0.527735 1.36389e-19)
(0.127712 -0.317836 7.34407e-20)
(0.610073 -0.213955 3.57609e-19)
(0.582165 -0.234844 5.61432e-19)
(0.545436 -0.257858 9.82021e-22)
(0.502621 -0.282852 -9.87082e-20)
(0.455651 -0.309762 1.32254e-20)
(0.403877 -0.338958 -1.71356e-19)
(0.345984 -0.370388 4.70989e-20)
(0.279683 -0.39912 2.71308e-19)
(0.199154 -0.391458 -8.96858e-20)
(0.0779066 -0.235288 -5.49524e-20)
(0.563878 -0.122125 1.99011e-19)
(0.533977 -0.136377 -2.47626e-21)
(0.494571 -0.15222 -8.97868e-20)
(0.448933 -0.169419 8.34794e-20)
(0.399016 -0.187906 -1.12324e-19)
(0.344069 -0.207947 -2.78854e-19)
(0.28281 -0.229522 5.12592e-20)
(0.213828 -0.249419 1.74687e-19)
(0.136525 -0.245821 -6.01295e-20)
(0.0414829 -0.147381 -1.43138e-20)
(0.535066 -0.0252829 -6.02241e-20)
(0.503912 -0.0327816 6.87124e-22)
(0.462846 -0.0412072 8.16862e-20)
(0.41547 -0.0503514 2.40014e-19)
(0.363751 -0.0601524 2.12976e-21)
(0.306871 -0.0707575 9.20177e-21)
(0.243571 -0.0821835 2.12025e-19)
(0.172983 -0.0930357 -1.17908e-19)
(0.0977192 -0.0939034 -4.61799e-20)
(0.0190081 -0.0558337 2.35198e-20)
(0.524159 0.0742312 -2.45495e-19)
(0.492442 0.0735244 -1.2198e-22)
(0.45072 0.0726243 2.97908e-19)
(0.402699 0.0716428 0)
(0.350328 0.0706335 4.52864e-20)
(0.292768 0.0695771 5.36961e-21)
(0.22877 0.0684172 1.0286e-19)
(0.157674 0.0666792 1.81969e-20)
(0.0832991 0.0611019 9.23225e-20)
(0.0108398 0.0374342 5.10424e-20)
(2.63769 -0.0174274 1.05865e-18)
(2.68113 -0.0304712 -1.43939e-19)
(2.71417 -0.0447285 -9.48144e-19)
(2.75212 -0.059357 9.73741e-19)
(2.79839 -0.0749226 -4.71935e-20)
(2.85376 -0.0920011 -3.59055e-18)
(2.91244 -0.108124 3.89979e-20)
(2.92823 -0.133478 3.12487e-18)
(2.66852 -0.123854 1.24937e-18)
(1.4465 -0.0855662 8.89026e-19)
(2.58063 -0.0598496 7.21927e-19)
(2.61813 -0.0917432 -9.30961e-19)
(2.65085 -0.124781 -2.99272e-19)
(2.68823 -0.158303 6.32346e-19)
(2.73297 -0.193064 2.05048e-18)
(2.78607 -0.229579 -4.53041e-19)
(2.84299 -0.270131 -3.55541e-18)
(2.8635 -0.313536 6.52375e-19)
(2.62879 -0.301662 -1.36152e-18)
(1.45598 -0.196306 -1.92259e-19)
(2.47854 -0.107096 5.1518e-19)
(2.51048 -0.155588 1.14572e-18)
(2.54346 -0.204826 -9.9959e-19)
(2.58071 -0.254673 -1.11687e-18)
(2.62388 -0.306147 2.47455e-19)
(2.67405 -0.360573 1.62345e-18)
(2.72785 -0.419292 3.11196e-19)
(2.74848 -0.477789 -1.74424e-18)
(2.53675 -0.472172 -4.25201e-19)
(1.4277 -0.305619 -1.94109e-19)
(2.3365 -0.166579 -1.07617e-19)
(2.36771 -0.226512 -2.5919e-19)
(2.40165 -0.287412 9.06904e-19)
(2.43858 -0.349432 -1.28352e-18)
(2.47965 -0.413688 6.57809e-19)
(2.52593 -0.481545 -5.92994e-19)
(2.57465 -0.55417 -1.17386e-18)
(2.59357 -0.62535 1.89553e-18)
(2.40033 -0.624734 -5.20381e-19)
(1.36335 -0.403281 -5.03153e-19)
(2.17146 -0.238245 1.66583e-19)
(2.2035 -0.303748 2.56562e-19)
(2.2373 -0.371117 1.37766e-19)
(2.27256 -0.44059 -2.22028e-19)
(2.31023 -0.513125 1.96499e-19)
(2.35129 -0.590057 1.6446e-18)
(2.3935 -0.67229 -2.1378e-18)
(2.4082 -0.752597 -2.56644e-18)
(2.23009 -0.754461 3.53097e-19)
(1.27183 -0.484542 9.81917e-20)
(1.99934 -0.314349 -4.74384e-19)
(2.03006 -0.381009 -8.43086e-19)
(2.06122 -0.450695 -1.63449e-18)
(2.09268 -0.523659 -2.29323e-19)
(2.12517 -0.600602 7.20945e-19)
(2.15951 -0.682736 1.2769e-18)
(2.1937 -0.770745 1.41528e-18)
(2.20221 -0.856261 3.01475e-19)
(2.0365 -0.857812 -1.45078e-18)
(1.16159 -0.54733 -9.24277e-19)
(1.82992 -0.385796 -1.56946e-19)
(1.85614 -0.450669 1.85172e-18)
(1.88173 -0.519772 1.27171e-18)
(1.90699 -0.59339 -2.0982e-18)
(1.93246 -0.671837 -1.04226e-18)
(1.95862 -0.756123 5.98662e-19)
(1.98353 -0.846667 2.25889e-19)
(1.98442 -0.934059 -1.20761e-18)
(1.82936 -0.933398 1.78751e-18)
(1.04019 -0.591041 4.09518e-20)
(1.66857 -0.444518 6.06188e-19)
(1.68678 -0.505331 -9.31169e-20)
(1.70384 -0.571973 -2.30203e-19)
(1.72071 -0.644639 6.72412e-19)
(1.73768 -0.722845 1.1368e-18)
(1.75466 -0.807235 -3.18811e-20)
(1.76961 -0.897954 -3.52836e-19)
(1.76222 -0.984721 -3.40758e-19)
(1.61679 -0.980845 4.55743e-20)
(0.913902 -0.61605 9.12386e-19)
(1.51377 -0.482735 -7.55704e-20)
(1.51992 -0.538412 -4.79983e-19)
(1.52723 -0.602231 -6.01268e-21)
(1.53517 -0.673989 5.48768e-19)
(1.54355 -0.751599 -7.78924e-19)
(1.55158 -0.835093 1.4544e-18)
(1.55689 -0.924427 8.90153e-19)
(1.54147 -1.00877 -1.03725e-18)
(1.40536 -1.00131 -3.99112e-19)
(0.787809 -0.623616 3.26754e-19)
(1.35347 -0.500817 -3.61176e-19)
(1.34587 -0.554561 -2.95071e-19)
(1.34806 -0.617031 -6.98873e-21)
(1.35069 -0.687543 7.92819e-19)
(1.35267 -0.763173 1.19852e-19)
(1.35322 -0.843741 -1.0775e-18)
(1.34999 -0.929351 5.63317e-19)
(1.32739 -1.00905 3.35663e-19)
(1.20069 -0.997567 -5.33416e-19)
(0.666198 -0.616015 1.61223e-19)
(0.643001 0.0300484 -1.06516e-19)
(1.21497 0.0219297 -6.86771e-21)
(0.902783 0.0106088 -5.41785e-20)
(0.988827 0.0159233 4.53217e-21)
(0.970138 0.0127498 -1.16016e-21)
(0.957127 0.00617311 5.02033e-23)
(0.947876 -0.0115726 1.58646e-20)
(0.950978 -0.0532067 2.57822e-22)
(0.968701 -0.152943 -7.14391e-20)
(1.12165 -0.330733 -3.03707e-19)
(0.644484 0.0315605 7.14177e-20)
(1.21563 0.0232746 -9.88587e-21)
(0.904869 0.0121172 -2.5411e-20)
(0.988174 0.0188992 2.25207e-20)
(0.970827 0.0159885 -1.06146e-21)
(0.956679 0.0105527 -1.70178e-21)
(0.944239 -0.00481038 1.23465e-20)
(0.939876 -0.041732 -3.92187e-20)
(0.939576 -0.134552 -3.76994e-22)
(1.04572 -0.289876 -1.13476e-18)
(0.645936 0.032251 1.21096e-20)
(1.2163 0.024604 1.42231e-20)
(0.906826 0.0140411 -1.29943e-20)
(0.987495 0.0216878 5.2338e-21)
(0.971164 0.0193277 2.19474e-21)
(0.955738 0.0148565 -1.22952e-21)
(0.939708 0.0011223 9.52414e-21)
(0.926384 -0.0323077 0)
(0.906966 -0.121412 -3.68382e-20)
(0.958843 -0.267208 -1.3209e-19)
(0.647148 0.0323543 -1.52062e-20)
(1.21668 0.0259617 7.87019e-21)
(0.908755 0.0163465 5.04288e-20)
(0.987109 0.024348 9.93711e-21)
(0.971564 0.0228432 1.27701e-20)
(0.955139 0.0196046 -7.596e-21)
(0.93603 0.00837753 -5.95702e-21)
(0.914561 -0.0204563 1.79063e-20)
(0.880406 -0.100264 -7.54595e-20)
(0.879363 -0.233417 3.13906e-19)
(0.648141 0.0319755 -2.52271e-20)
(1.21685 0.0272815 2.85716e-21)
(0.910613 0.0189534 -1.99193e-20)
(0.987038 0.0269155 2.52412e-20)
(0.972127 0.0264672 -4.75867e-21)
(0.954957 0.0246853 1.03143e-20)
(0.933399 0.01625 5.87358e-21)
(0.90486 -0.00735647 1.01406e-20)
(0.859444 -0.0749547 5.50222e-20)
(0.810319 -0.193822 2.76542e-19)
(0.64894 0.0312054 3.37803e-20)
(1.2169 0.0285096 1.39264e-20)
(0.912361 0.02179 6.34232e-20)
(0.987267 0.0294188 -1.7611e-20)
(0.972899 0.0301513 -1.90135e-20)
(0.955218 0.0300217 1.00651e-20)
(0.931783 0.0246607 3.83833e-21)
(0.8974 0.0068364 -4.52204e-23)
(0.843475 -0.0473764 3.5336e-20)
(0.752897 -0.147598 7.04314e-20)
(0.649563 0.0301258 0)
(1.21693 0.0296123 -1.90134e-20)
(0.913975 0.0247843 2.56307e-20)
(0.987782 0.03187 -4.27423e-21)
(0.973919 0.0338605 -2.3416e-20)
(0.955954 0.0355555 -4.93301e-22)
(0.931194 0.0335351 -1.03678e-20)
(0.892086 0.0220283 1.27689e-20)
(0.832268 -0.0182302 5.62681e-21)
(0.70769 -0.0955551 -2.0214e-19)
(0.650021 0.0288124 0)
(1.21698 0.030571 0)
(0.915442 0.0278668 -3.39725e-20)
(0.988569 0.0342662 4.14871e-20)
(0.975219 0.0375642 5.68053e-22)
(0.957198 0.0412285 2.32564e-20)
(0.931641 0.0427842 -2.46438e-20)
(0.888986 0.0380032 -1.43374e-20)
(0.825441 0.0126611 -8.83592e-21)
(0.675191 -0.0391134 1.66528e-20)
(0.650319 0.0273417 0)
(1.21713 0.0313788 2.01796e-20)
(0.916755 0.0309714 -2.84339e-20)
(0.98962 0.036593 -5.05056e-21)
(0.976822 0.0412333 3.45084e-20)
(0.958985 0.0469837 -2.03321e-20)
(0.933132 0.0523101 -1.84205e-20)
(0.888229 0.0545726 -3.77955e-20)
(0.822709 0.0449796 1.17481e-20)
(0.65555 0.0200522 -2.57688e-20)
(0.650455 0.0258237 1.91687e-20)
(1.21739 0.0320398 4.05818e-20)
(0.917913 0.0340358 1.58199e-20)
(0.99093 0.0388274 -3.65513e-20)
(0.978751 0.044839 -1.15836e-21)
(0.961345 0.0527668 -1.19681e-20)
(0.935676 0.0620126 1.17294e-20)
(0.889918 0.0715494 2.09125e-20)
(0.823741 0.0781693 -6.03367e-20)
(0.649075 0.0808672 2.70893e-20)
(0.576965 0.0209578 1.09333e-19)
(1.03437 0.0086963 3.54324e-20)
(0.74264 -0.00108038 4.57996e-21)
(0.823918 0.00126468 -2.96408e-20)
(0.808385 0.000591762 3.56169e-22)
(0.803132 6.23331e-05 1.17862e-21)
(0.808647 -0.00114801 3.04664e-21)
(0.840415 -0.00404521 -1.83456e-20)
(0.902397 -0.00953706 1.28471e-21)
(1.11156 -0.0179379 -1.61522e-20)
(0.646245 0.0361035 2.15448e-19)
(1.21678 0.0128504 4.26255e-20)
(0.897015 0.0040948 -1.55311e-21)
(0.981746 0.0038753 4.3466e-21)
(0.965453 0.00296012 9.06048e-22)
(0.958721 0.000366819 -4.79386e-21)
(0.96369 -0.00585305 1.26703e-20)
(0.997873 -0.0195861 -2.52916e-20)
(1.06578 -0.0489015 -5.19253e-20)
(1.30548 -0.0964519 8.95204e-20)
(0.64793 0.0307964 2.31856e-20)
(1.22228 0.0159035 9.057e-21)
(0.903831 0.00546421 1.52936e-20)
(0.989704 0.00683278 -1.15104e-20)
(0.9728 0.00508885 0)
(0.965109 0.00099357 0)
(0.968085 -0.00906417 0)
(0.99814 -0.0314172 0)
(1.06097 -0.0804068 9.9365e-21)
(1.28827 -0.16452 1.41383e-20)
(0.646844 0.0298224 3.46347e-21)
(1.21911 0.0181965 -2.53042e-20)
(0.902923 0.0076423 -1.09899e-20)
(0.989891 0.00981916 0)
(0.972164 0.00745377 0)
(0.963201 0.00204534 0)
(0.963409 -0.0116324 0)
(0.987436 -0.0423598 0)
(1.04262 -0.111298 0)
(1.25041 -0.234696 1.42685e-19)
(0.645464 0.0293142 -2.35252e-21)
(1.21616 0.0203277 -1.28231e-20)
(0.901677 0.00925422 0)
(0.989568 0.0128955 -1.00615e-20)
(0.970681 0.0100327 0)
(0.960142 0.00359745 0)
(0.957189 -0.0132696 -2.64009e-20)
(0.974163 -0.0511477 6.663e-20)
(1.02032 -0.138091 0)
(1.20469 -0.297936 8.33405e-19)
(1.26241 -0.0142914 -8.11048e-20)
(1.27119 0.00221218 2.91812e-20)
(1.27887 0.0184583 3.5696e-19)
(1.2508 0.0306754 4.75394e-19)
(1.16273 0.0366913 1.02565e-19)
(1.01911 0.0349503 -5.15088e-19)
(0.852667 0.0265747 -4.87407e-20)
(0.705806 0.0151505 -7.42592e-20)
(0.600243 0.00694251 -1.97524e-19)
(0.539865 0.00253533 9.86253e-20)
(1.49199 -0.121263 -1.83223e-19)
(1.5649 -0.107105 -1.7699e-19)
(1.66846 -0.0776773 -1.32324e-19)
(1.77348 -0.0430683 -4.20124e-19)
(1.84701 -0.00968537 1.72138e-19)
(1.86186 0.0154485 4.68993e-19)
(1.79795 0.025258 4.18262e-19)
(1.67051 0.0197401 6.3307e-19)
(1.53218 0.0119401 -6.62539e-19)
(1.43549 0.0079728 -9.21541e-21)
(1.48986 -0.217235 -1.44418e-19)
(1.57959 -0.208025 -4.17488e-19)
(1.70639 -0.174609 4.8062e-20)
(1.849 -0.133108 2.52634e-19)
(1.98894 -0.0901933 -4.02498e-19)
(2.10808 -0.0507632 -1.32411e-19)
(2.17523 -0.0221711 -4.64119e-19)
(2.16655 -0.00706465 4.07722e-19)
(2.10161 0.000617586 4.17819e-20)
(2.03724 0.00714516 1.54988e-19)
(1.45488 -0.322526 -1.23007e-19)
(1.55806 -0.313597 2.33088e-19)
(1.69671 -0.272139 6.27342e-20)
(1.84958 -0.219947 -1.5837e-19)
(2.00734 -0.164645 7.09358e-21)
(2.16189 -0.110487 -2.66428e-20)
(2.2927 -0.0652386 -2.12117e-19)
(2.36999 -0.0334345 -3.89254e-19)
(2.38599 -0.0122441 2.06388e-19)
(2.37384 0.00398073 -4.60479e-19)
(1.40985 -0.41278 -2.53113e-19)
(1.51827 -0.411125 -1.89897e-19)
(1.65626 -0.374802 1.81873e-19)
(1.81152 -0.31681 -5.34626e-19)
(1.9785 -0.248542 3.18239e-19)
(2.14982 -0.177956 -2.40852e-19)
(2.31149 -0.114581 7.27724e-19)
(2.43858 -0.0659005 -3.26362e-19)
(2.51061 -0.0311571 2.78073e-19)
(2.53764 -0.00368329 -1.09511e-18)
)
;

boundaryField
{
    left
    {
        type            fixedValue;
        value           uniform (1 0 0);
    }
    right
    {
        type            zeroGradient;
    }
    down
    {
        type            noSlip;
    }
    up
    {
        type            noSlip;
    }
    cylinder
    {
        type            noSlip;
    }
    defaultFaces
    {
        type            empty;
    }
}


// ************************************************************************* //
