/*--------------------------------*- C++ -*----------------------------------*\
  =========                 |
  \\      /  F ield         | OpenFOAM: The Open Source CFD Toolbox
   \\    /   O peration     | Website:  https://openfoam.org
    \\  /    A nd           | Version:  13
     \\/     M anipulation  |
\*---------------------------------------------------------------------------*/
FoamFile
{
    format      ascii;
    class       volVectorField;
    location    "0.3";
    object      U;
}
// * * * * * * * * * * * * * * * * * * * * * * * * * * * * * * * * * * * * * //

dimensions      [0 1 -1 0 0 0 0];

internalField   nonuniform List<vector>
1800
(
(0.0974466332809 -0.0892431651184 -2.09291421549e-16)
(0.498235915797 -0.424088945926 -2.3930287727e-17)
(0.948716011539 -0.763920832924 -7.93314201002e-18)
(1.26148734181 -0.974320056875 -7.68208334607e-18)
(1.41935992387 -1.05218984266 4.05650421711e-18)
(1.48045822062 -1.04838528174 1.07129185267e-17)
(1.49564232381 -1.00705455852 -1.25262712193e-17)
(1.49198700419 -0.953095277521 -6.70331338788e-18)
(1.48189485731 -0.894387746862 1.5179669835e-18)
(1.44986549298 -0.844886408477 1.35850528814e-17)
(0.13149214236 -0.102672191864 5.54805569317e-21)
(0.601758307495 -0.4351877846 -7.77473864262e-18)
(1.10337721594 -0.756220290886 -1.49432916969e-19)
(1.43860942125 -0.948383206328 -1.35054568563e-19)
(1.5990050737 -1.01498909169 -1.2939492753e-18)
(1.6539708662 -1.00612044178 1.45203183185e-18)
(1.66124691841 -0.963193504279 -1.25799730159e-18)
(1.65096887647 -0.908972385879 7.37000195489e-19)
(1.63578687381 -0.852338222146 1.88701679232e-19)
(1.61213940297 -0.808180672928 -3.35894717681e-19)
(0.172202889369 -0.113946953801 -1.06673451941e-19)
(0.713838172134 -0.435339404833 5.413277253e-19)
(1.26107533711 -0.729341521562 9.11824142713e-20)
(1.61221508836 -0.898877801084 7.03756873589e-20)
(1.77028960226 -0.953494397651 -1.47363974264e-18)
(1.81591315715 -0.941114709921 3.73251309093e-19)
(1.81252530567 -0.899660785903 6.23710464521e-19)
(1.79197870562 -0.849690957976 -7.4507190752e-20)
(1.76706228529 -0.799113445003 -5.15932574723e-21)
(1.73340997833 -0.758548605878 -3.20779145695e-20)
(0.219393920165 -0.12148141346 -1.42144396983e-20)
(0.832507306749 -0.422036417667 -9.97746741561e-20)
(1.41851996495 -0.681438853897 -2.30086955584e-19)
(1.77912107109 -0.824777461967 6.57245806047e-20)
(1.93150475152 -0.866677030856 3.85483496662e-19)
(1.96723662347 -0.851066527857 3.47518038423e-20)
(1.95433316795 -0.811109986693 -2.47284953164e-20)
(1.92574104574 -0.764259444814 5.60554680378e-19)
(1.89400503579 -0.717190959915 4.65839775154e-19)
(1.85753532796 -0.680835749357 -1.57622557637e-19)
(0.272513630449 -0.123985856593 1.10486884103e-19)
(0.955017101288 -0.394246842602 1.61065533657e-19)
(1.57117024719 -0.613412619509 -7.62310295399e-20)
(1.93366334387 -0.729096008685 -8.90787388633e-20)
(2.07635938799 -0.759461227572 -1.16154067966e-18)
(2.10083231098 -0.742875332767 1.04804214084e-20)
(2.0783848998 -0.707090025275 9.54791695888e-19)
(2.04211452572 -0.666406763173 3.2311511601e-19)
(2.00401095301 -0.626451956321 1.96759902949e-20)
(1.96335654627 -0.595326290064 -2.07303633663e-19)
(0.330214893806 -0.119799903969 -7.54467939536e-20)
(1.07748603586 -0.350135033377 2.27328643225e-19)
(1.71409872293 -0.524734823785 9.35941765136e-19)
(2.0714756152 -0.612372536495 -7.62651995469e-19)
(2.20151231856 -0.632479806349 -8.45179236705e-19)
(2.21446994231 -0.616257774557 1.45214361328e-18)
(2.18335981203 -0.585537578009 -1.05070621285e-18)
(2.14057149613 -0.551401266456 -1.17351918765e-18)
(2.09721020572 -0.518250803407 8.41759510092e-19)
(2.05355591598 -0.492956810208 -2.7619196731e-20)
(0.390813550169 -0.107790914169 1.07935812143e-19)
(1.19585545831 -0.289532509363 -5.56305725966e-19)
(1.84269446703 -0.417409415323 -2.51737694816e-18)
(2.18840619583 -0.478410924302 1.27531939155e-18)
(2.30354329303 -0.490633372317 2.14157244529e-18)
(2.30524355723 -0.476846858125 -6.32261459552e-21)
(2.26667034931 -0.452845432402 -2.84243930967e-18)
(2.21874740902 -0.426613582348 3.72759038427e-21)
(2.17149543461 -0.401465545964 2.55590282199e-18)
(2.12552266204 -0.382561389893 6.70292512893e-19)
(0.45188249215 -0.0869983642843 -1.63733447375e-20)
(1.30527261868 -0.212549488099 4.38823954643e-19)
(1.95212790663 -0.293331767626 1.98029744201e-18)
(2.28078052676 -0.330166751119 -6.11660624966e-20)
(2.37987170558 -0.336984350221 -1.38195187612e-18)
(2.37113868301 -0.327291946349 -4.38441750073e-19)
(2.32647275784 -0.311018250916 0)
(2.27474705761 -0.293325590043 9.96847405585e-19)
(2.22475393012 -0.276545209343 3.01636369028e-21)
(2.17735833579 -0.264513964417 -8.14168148597e-19)
(0.510727615119 -0.0571330520322 1.787896249e-21)
(1.40121333823 -0.120680211048 9.59348175111e-19)
(2.03851032868 -0.155804003525 1.8014540822e-18)
(2.34620407042 -0.171913388052 -1.90344742149e-18)
(2.42902153884 -0.175949817453 -1.42089589958e-18)
(2.411220336 -0.171881625149 4.43894943256e-19)
(2.36210640916 -0.164177284613 -1.87302713629e-18)
(2.30805473556 -0.155505707937 -1.29404438337e-18)
(2.25663996743 -0.147334694503 1.52072703054e-18)
(2.20866614521 -0.14227829994 1.29277331864e-18)
(0.564512242632 -0.0185688555911 1.28261233629e-19)
(1.4793264048 -0.0160325629366 6.64985045671e-19)
(2.09870060098 -0.00829586018229 3.41174336747e-19)
(2.38298556444 -0.00778079353648 -2.76973655432e-18)
(2.45008644941 -0.0113848037305 2.77203649648e-20)
(2.42489898325 -0.0141928499755 4.2280028756e-18)
(2.373019849 -0.0155069818581 -2.26175153878e-18)
(2.31806357079 -0.0160119304402 -1.25077466422e-18)
(2.26642476616 -0.0164273268147 4.18071647143e-19)
(2.21877518388 -0.0182417777746 -9.41310705561e-19)
(-0.00123931109005 -0.0112950508021 9.45417818775e-20)
(0.0044135526579 -0.0766151318784 6.7259779726e-20)
(0.0405799817749 -0.154183513498 -1.89795368332e-21)
(0.0948424457842 -0.209344304862 -7.88602234117e-21)
(0.157270888537 -0.236281494817 -2.75210765814e-21)
(0.221061268036 -0.243855922234 -7.97001985717e-20)
(0.282086363764 -0.241346421191 2.58295295409e-21)
(0.33863930623 -0.23456253003 6.18206879612e-21)
(0.390341452924 -0.226465508468 2.82966833718e-21)
(0.437556045908 -0.219590789617 -7.14060003555e-21)
(-0.000177659071881 -0.0113699146069 3.15666145688e-20)
(0.0158395278129 -0.114259639555 7.95618833738e-20)
(0.0653079177127 -0.243031737763 -1.10768759886e-19)
(0.129151738225 -0.335486797517 -5.30674622144e-20)
(0.195943051304 -0.379771505702 -7.19081324487e-20)
(0.260651893832 -0.39061676726 -1.15517609364e-19)
(0.320860047427 -0.38405222247 6.64037006135e-20)
(0.375866994073 -0.37020176062 1.47843568411e-20)
(0.425691504229 -0.354304333663 -2.61368519052e-20)
(0.471870335165 -0.341777578019 -1.66114779386e-21)
(0.00117512352318 -0.0125100523181 -3.62870774527e-20)
(0.0338778515324 -0.152319176366 1.76489609651e-19)
(0.105160714264 -0.329769658682 7.18919828071e-20)
(0.184797130206 -0.457057063076 2.95208490923e-19)
(0.258828093786 -0.517146478128 5.90258369762e-20)
(0.325060167548 -0.530548356573 -3.78928902409e-19)
(0.383928103514 -0.519736269035 -6.4648134319e-21)
(0.436401407484 -0.498913847132 1.30296247456e-19)
(0.483169344193 -0.475494641965 -7.47295560444e-20)
(0.527761081795 -0.457460718958 -2.23654854604e-20)
(0.00319902028086 -0.0150886032237 -1.07728786499e-19)
(0.0591003311265 -0.190683492903 -2.96998078103e-20)
(0.160327268393 -0.413062912828 3.02532418938e-20)
(0.261436817943 -0.57159539368 -1.28419654839e-19)
(0.345211022014 -0.645305022229 4.65515463005e-20)
(0.413353079675 -0.660296104201 2.21787730473e-19)
(0.470257930934 -0.645015736862 7.79789981844e-20)
(0.519191227814 -0.617396376192 -3.72319336303e-20)
(0.561770564433 -0.586872844703 2.0214325846e-20)
(0.604240376638 -0.563511872811 -3.09294696791e-21)
(0.00643903174975 -0.0195124639849 0)
(0.0922643139067 -0.229250822017 8.31954799591e-20)
(0.23096956982 -0.491562717656 2.38546993859e-19)
(0.358448486727 -0.676675465149 -2.69756490328e-19)
(0.453933112219 -0.761213154804 -6.01057726789e-19)
(0.524096472834 -0.776622068859 2.30179676679e-19)
(0.578321878661 -0.756675935591 -4.1362643508e-20)
(0.622732785728 -0.722553894966 -9.63601243077e-20)
(0.660111353401 -0.685493463479 0)
(0.699952138758 -0.656993323071 -9.84166401898e-21)
(0.01163009005 -0.0261593624869 3.88942693669e-20)
(0.134302235857 -0.267796700096 1.02967667972e-19)
(0.317150533363 -0.563835638895 2.97662516347e-20)
(0.47482224485 -0.769892424066 2.31999529004e-19)
(0.583262426409 -0.861977749426 -1.84738400681e-19)
(0.655212593973 -0.87652625149 -3.23635053504e-19)
(0.705960842808 -0.85181866991 5.80211754881e-19)
(0.744939534778 -0.811672740563 5.21645898114e-20)
(0.776309270464 -0.768789628226 -3.68040192094e-19)
(0.812986628472 -0.735265520726 -7.57511261869e-21)
(0.0196985923949 -0.0352981850266 5.6512327857e-21)
(0.186219883593 -0.30584589484 4.2208739276e-20)
(0.418685240161 -0.628292570873 1.35484089724e-19)
(0.60901987596 -0.848932337175 2.55950564344e-20)
(0.730773096788 -0.945027181693 3.17177237331e-19)
(0.803874931619 -0.957525576614 -4.31018844906e-19)
(0.850265173437 -0.928233050546 -4.39355757837e-19)
(0.882992856494 -0.882887131983 -3.89329286696e-19)
(0.90781697408 -0.835106757364 2.85019634815e-19)
(0.940395066649 -0.796526652784 3.15290642237e-19)
(0.0316420090693 -0.0469144079556 -1.22122989315e-19)
(0.248736238286 -0.342456947574 3.91857804476e-20)
(0.534665403359 -0.683083184038 2.96761889244e-19)
(0.758508447803 -0.911560864158 -1.69943218817e-19)
(0.892921008373 -1.0081999522 3.28593743928e-19)
(0.966111663628 -1.01784273366 8.33131701646e-19)
(1.0071971418 -0.984722111139 6.04414924996e-19)
(1.0329151451 -0.935720687345 -4.62475329382e-19)
(1.05084722565 -0.884460693986 -2.25566037087e-19)
(1.07694990931 -0.840883746988 3.21979456577e-19)
(0.0482191795093 -0.0604575665673 -2.13015799656e-19)
(0.321751350741 -0.375949303483 -3.27769951498e-19)
(0.662904371781 -0.725830160353 5.41405078409e-19)
(0.919155882579 -0.955196444432 6.86136899991e-19)
(1.06426392396 -1.04898657219 -7.3517760874e-19)
(1.13570748127 -1.05518039361 8.63828206545e-19)
(1.17003229 -1.01932770856 1.31196381405e-19)
(1.1875880365 -0.96863119865 -1.0850979032e-18)
(1.19782229411 -0.915533698315 -2.64582044686e-19)
(1.21230811529 -0.867623421425 3.48472440049e-19)
(0.0699212797483 -0.0749019467948 5.21265134678e-20)
(0.40482894221 -0.403909341785 -3.34939109027e-19)
(0.801177879528 -0.753576638175 -3.98963246246e-19)
(1.08717589811 -0.976780452385 7.09839934159e-19)
(1.23989327413 -1.06415511016 5.97801272297e-19)
(1.30686284882 -1.06585134549 -7.64733820861e-19)
(1.3319632857 -1.02744213663 -6.4874057307e-19)
(1.33905633393 -0.975522488574 3.89540722148e-19)
(1.33933559538 -0.920424360944 -4.00809644981e-19)
(1.33479984289 -0.869642672378 -2.47273279954e-19)
(0.615047385595 -0.178045299475 2.8431404702e-20)
(0.797472003331 -0.134625981123 -5.33263312318e-20)
(0.888239405652 -0.105381302748 8.07293112968e-21)
(0.939805193686 -0.0824849312923 8.27452490689e-21)
(0.970130262002 -0.0639538860464 -3.80631865408e-21)
(0.988071379773 -0.0487992777833 -8.66604163081e-22)
(0.999084117952 -0.0363950656607 -2.55884646573e-21)
(1.00602834567 -0.026077903202 -2.98423675194e-21)
(1.01024128503 -0.0181036842879 5.95553218569e-21)
(1.01317913241 -0.0076654655308 2.82389225026e-21)
(0.632829927873 -0.254354273377 9.21074762975e-20)
(0.809695060601 -0.174489413729 8.7484511229e-21)
(0.896745095312 -0.127121850085 4.07496414611e-21)
(0.946294564178 -0.0945902809744 -3.32778483307e-21)
(0.975254126534 -0.0709856221256 -7.32907117261e-21)
(0.99218591996 -0.0530050090442 0)
(1.00241275528 -0.0389596543728 -2.76724838136e-21)
(1.00875245349 -0.0276470295249 3.37007863765e-21)
(1.01255954798 -0.0190727611862 4.61461452544e-22)
(1.01512673189 -0.00805285888253 -3.20850520016e-21)
(0.661150407327 -0.327920942797 -5.75299049081e-20)
(0.827279136973 -0.213479724327 -3.48229773071e-20)
(0.908037449852 -0.14857803669 1.34528956693e-20)
(0.954255946752 -0.106564638795 -8.38196985698e-21)
(0.98117025861 -0.077903787147 -3.71571432551e-21)
(0.996758605305 -0.0571023511813 5.84845113408e-21)
(1.00601861898 -0.0414238584372 0)
(1.01165332841 -0.0291298251014 0)
(1.01499065012 -0.0199712211215 -1.22248827976e-21)
(1.01716918747 -0.00840637459663 0)
(0.700191796963 -0.397206288 -3.00132687677e-20)
(0.849944709191 -0.251081796403 6.52814391403e-20)
(0.922061001057 -0.169493072525 7.67113443226e-21)
(0.963676665753 -0.118282797587 0)
(0.987875759202 -0.0846353310817 1.39606893816e-20)
(1.00178165161 -0.0610469116048 -1.66276911739e-21)
(1.00989354252 -0.043760034172 0)
(1.01472292369 -0.0305091794794 1.78750988723e-21)
(1.01752771365 -0.0207874822474 0)
(1.01926820674 -0.00872134014161 3.13539112922e-22)
(0.750122852354 -0.460645591911 -3.26528986403e-20)
(0.877339847289 -0.286865669959 9.30256504813e-20)
(0.93873605754 -0.189627318472 -4.10583729236e-21)
(0.974529954198 -0.129622721681 0)
(0.995363194982 -0.0911112552854 2.25586971897e-21)
(1.00724380318 -0.0647958907154 3.06883746884e-21)
(1.01401878264 -0.0459411743336 5.76104955279e-21)
(1.0179563412 -0.0317675545578 1.10537574036e-21)
(1.02017883062 -0.0215105012391 -1.65391555057e-21)
(1.02144908953 -0.00899314514006 2.62664119669e-21)
(0.810774399946 -0.516537333373 -6.31631619677e-19)
(0.908958864328 -0.320420794593 -1.69428960541e-19)
(0.957932182929 -0.208809889266 1.60841169611e-21)
(0.986774922593 -0.140483835936 2.43164883856e-20)
(1.00361259876 -0.09727090047 -3.31980228264e-21)
(1.01313174204 -0.0683101589129 2.94895574595e-21)
(1.01839815418 -0.0479410449984 7.34485544302e-22)
(1.02130035623 -0.0328872785825 -4.99395361564e-21)
(1.02288114174 -0.0221287667807 -2.15555172294e-22)
(1.02367518639 -0.00921733567878 7.01835927002e-22)
(0.881295236534 -0.563101545418 -5.77372697423e-21)
(0.943702955909 -0.350810994467 6.52562041425e-20)
(0.979262848274 -0.226777252337 2.96239716325e-21)
(1.00030055926 -0.150756439442 -6.77607742852e-22)
(1.01258547218 -0.103057923308 -1.75795109765e-20)
(1.01942176344 -0.0715544200998 5.05354448341e-21)
(1.02298205527 -0.0497357353526 -1.72277671413e-21)
(1.02478484077 -0.0338520188222 -4.25188722463e-21)
(1.02565504705 -0.0226315075085 5.05011670034e-22)
(1.02592926854 -0.00938970185987 -1.84134374445e-21)
(0.961505717038 -0.600437112166 2.74385978784e-19)
(0.979980992872 -0.377572623483 7.19081425041e-20)
(1.00154440491 -0.243271968542 0)
(1.01464070927 -0.160254078436 -1.00580800596e-21)
(1.02210781577 -0.108371586536 1.39721377864e-20)
(1.02602138269 -0.0744766569472 1.29932731226e-21)
(1.0277628135 -0.0512976641729 -9.56824298418e-21)
(1.02835036395 -0.0346453719773 2.6916885368e-21)
(1.02847066834 -0.0230093152578 -1.25083634366e-23)
(1.02820178846 -0.00950732473108 -3.24467389406e-23)
(1.05521913665 -0.631997631594 -4.11854260982e-19)
(1.02023018524 -0.403112283229 -1.85875189945e-19)
(1.0243094022 -0.259965223588 4.22914754211e-20)
(1.02909961892 -0.16973585353 2.21565607509e-22)
(1.0317297442 -0.113494894831 -2.05369993599e-21)
(1.03272364584 -0.0771625314886 -9.61376336425e-21)
(1.03259800018 -0.0526437357348 2.01690943294e-21)
(1.03196231605 -0.0352640793702 5.28105896258e-22)
(1.03130623825 -0.0232551768033 -3.21006954592e-21)
(1.03048460989 -0.00956963592568 -3.16325501963e-21)
(1.16279524615 -0.654783895728 2.89383257843e-19)
(1.07445726825 -0.423528333647 -1.81646220502e-19)
(1.0522307231 -0.276279220565 -2.94600335375e-20)
(1.04525565656 -0.179843638023 -3.11265067923e-20)
(1.04189081222 -0.119063263645 -1.67302660109e-20)
(1.03959518192 -0.0800074746897 -8.08695846115e-21)
(1.03752242954 -0.0539760962921 -4.34845846978e-21)
(1.0355947544 -0.0357951926783 0)
(1.03412716322 -0.0234032897643 3.63025958147e-22)
(1.03277597891 -0.00957219516029 1.5561232466e-21)
(1.32043842171 -0.63882602876 4.68913002264e-19)
(1.17447537021 -0.425044806446 1.24369267243e-19)
(1.10926966772 -0.278620348955 -8.85914472911e-20)
(1.07807658668 -0.181805185283 5.42324621757e-21)
(1.0611385097 -0.120107894019 6.86418314326e-21)
(1.05143870303 -0.0803092043439 -3.05776000033e-21)
(1.04518256385 -0.0538471303192 1.77284890393e-21)
(1.04081475708 -0.0354904397078 3.54053855415e-21)
(1.03792079859 -0.0230689543146 -2.77467049328e-21)
(1.03570171366 -0.0094170186447 3.5359502104e-22)
(1.37343570632 -0.523637203868 -8.40200858455e-21)
(1.20826603855 -0.361147049708 1.26413775055e-19)
(1.13714724944 -0.245680069869 9.65553743208e-20)
(1.10061378793 -0.165806295615 -1.15898655168e-20)
(1.07749047604 -0.111752957796 4.51510301367e-20)
(1.06280435559 -0.0754631022532 2.89747868687e-20)
(1.05309869843 -0.0508144456425 2.0063956186e-20)
(1.0464548219 -0.0335480766172 -1.93207149244e-21)
(1.04216930687 -0.0218254863905 7.05172007919e-21)
(1.0389913378 -0.00890289389773 3.66722626269e-21)
(1.43163432129 -0.448968251933 -1.35662722852e-19)
(1.26091600896 -0.322857741758 -1.02383310727e-20)
(1.1735168534 -0.223388851821 4.76580923844e-21)
(1.12516339065 -0.152515644883 1.74499770918e-37)
(1.09400234463 -0.103481943656 1.2386995674e-21)
(1.07393975004 -0.0700768920519 -7.99112439387e-35)
(1.06074770904 -0.0472177998075 -3.18808917106e-21)
(1.05185312777 -0.0311586259981 -2.19900267561e-34)
(1.04619828182 -0.0202604792247 8.89103327559e-22)
(1.0420645221 -0.00826169058275 -2.62439406564e-21)
(1.46699114904 -0.368718309289 -2.03776349474e-34)
(1.29763525334 -0.274590624454 -3.35862222818e-20)
(1.20223135752 -0.194430240075 -3.39162083776e-20)
(1.14595475464 -0.135099799095 0)
(1.10857286296 -0.0926357596182 -1.92811371145e-20)
(1.08399389334 -0.0630522979677 -1.32106229024e-20)
(1.06771993513 -0.0425696162359 -7.26457256448e-21)
(1.05679049463 -0.0281027788632 -2.88081965756e-34)
(1.0498782404 -0.0182784662011 -2.16407400363e-21)
(1.04487048399 -0.0074562165547 2.5189913036e-21)
(1.48944405782 -0.296445779558 -8.08243986777e-20)
(1.32575742188 -0.227927294971 4.15010537574e-21)
(1.22571065061 -0.164372400806 0)
(1.16345924264 -0.115737439469 0)
(1.12114308067 -0.080047914743 0)
(1.09280242038 -0.0547395695097 0)
(1.07388146216 -0.0370366888234 -6.70590477832e-22)
(1.06117526778 -0.0244673524041 -3.23003211413e-34)
(1.05314650211 -0.015924900725 8.07054280521e-22)
(1.04733705611 -0.006501140142 3.03881487638e-34)
(1.50314438102 -0.23000264277 -2.98491165535e-20)
(1.34659120706 -0.181530756074 0)
(1.24421420273 -0.133041581048 0)
(1.17767832775 -0.0947448056939 0)
(1.13155912883 -0.066031478911 0)
(1.10019060587 -0.0453523187655 0)
(1.07910247938 -0.0307522674519 1.17138352391e-21)
(1.06489214523 -0.0203334173889 4.86219025056e-21)
(1.05593322162 -0.0132464261032 7.69310831212e-22)
(1.04943320675 -0.00541292128399 3.2187531136e-21)
(1.5110527111 -0.16878114748 0)
(1.3613546184 -0.13600589717 -1.02168966757e-20)
(1.25807488803 -0.100980913633 -1.45563379062e-20)
(1.18861491424 -0.0725822555995 0)
(1.13969729011 -0.0509151792512 -9.35590090157e-21)
(1.10603665831 -0.0351071391203 -6.65961913628e-21)
(1.08324779831 -0.0238553627074 -3.45013242612e-21)
(1.06786465176 -0.0157879815585 -2.90217041126e-21)
(1.05814016457 -0.010295443452 4.06137676958e-21)
(1.05107425083 -0.00421179378812 1.64013414098e-21)
(1.51373259105 -0.111732263091 7.92379387479e-21)
(1.36931116339 -0.0914124382791 6.02205008247e-21)
(1.26611314116 -0.0683319520721 -3.22783204035e-21)
(1.19504962056 -0.0494188919111 3.25056585306e-36)
(1.14445105162 -0.0348331349975 1.49182769387e-22)
(1.10931204359 -0.0240914843283 -5.39626419719e-35)
(1.08538284163 -0.0163983029528 9.70733623338e-22)
(1.0691891445 -0.0108613098645 3.68030050302e-21)
(1.05895064549 -0.00708314163209 6.51759451207e-22)
(1.05149412416 -0.00289357183875 -2.13517652176e-21)
(1.48611151996 -0.0530439040031 -3.8401534582e-20)
(1.34498536626 -0.0490276286941 9.66991835477e-21)
(1.24501772356 -0.0380095851404 1.12139816224e-20)
(1.17571142041 -0.027912080824 0)
(1.12610912116 -0.019823178538 6.62649320216e-21)
(1.09148392666 -0.0137620705919 4.67463151376e-21)
(1.06781686112 -0.00938646990194 4.06215514686e-21)
(1.05178728788 -0.00622476504874 2.06525724198e-21)
(1.04164772361 -0.00406114085998 -1.82069972754e-21)
(1.03424831673 -0.00165489195021 2.52476286457e-21)
(1.07929217325 -0.00139679653986 0)
(0.996697046933 -0.00593403382396 0)
(0.930902273299 -0.00555931806566 0)
(0.883103546421 -0.00430859752613 0)
(0.84813993194 -0.00311194378989 0)
(0.823514760841 -0.00218294065848 0)
(0.806591365975 -0.00149901435019 8.30498370653e-22)
(0.795073534 -0.00100357003805 -4.60137546723e-36)
(0.787730364292 -0.000640401644943 6.59164430842e-22)
(0.782409485953 -0.000248334704924 1.99292410391e-21)
(2.13397169267 -0.0190391153537 8.69500533501e-19)
(2.12596531217 -0.125949668962 5.98262247036e-20)
(2.10034190189 -0.230998938416 -1.2636746671e-19)
(2.05690715105 -0.332149813936 -3.44778055358e-19)
(1.99839348688 -0.426702725393 -1.16829891261e-19)
(1.9209704074 -0.516488806002 -1.76263213977e-19)
(1.8411189146 -0.586763712305 -4.29992425967e-19)
(1.72510081845 -0.668758220031 1.3466262833e-19)
(1.65036343192 -0.691705507527 0)
(1.49014055702 -0.774600999303 4.29677675976e-20)
(2.04769228067 -0.0139798079433 2.26499974227e-19)
(2.0413089901 -0.0940901783744 -3.3214638244e-19)
(2.02218898858 -0.173185180582 -1.12923748876e-20)
(1.98742639932 -0.251000898059 -1.35838499652e-19)
(1.94556736816 -0.322219533707 2.73291154059e-20)
(1.88115282578 -0.398708150979 1.27089834119e-19)
(1.82826037658 -0.445061914372 4.86838824086e-21)
(1.73156370577 -0.531596280187 8.92681439446e-20)
(1.67815597032 -0.536395215791 -1.1053587118e-19)
(1.567633235 -0.625593748671 2.56118241826e-20)
(1.97353748911 -0.0101616778878 -1.1452847077e-19)
(1.96874447359 -0.0737125477591 2.17208795275e-19)
(1.95433455306 -0.136054722678 1.86953899037e-19)
(1.92625122422 -0.198136554472 -2.31122806555e-19)
(1.89440376124 -0.253020973404 8.82384396452e-20)
(1.84200847478 -0.316932353948 1.41821892359e-19)
(1.80089769601 -0.349070605414 -5.51730929922e-20)
(1.72664900637 -0.42630524285 6.70179636573e-20)
(1.67860433275 -0.427349471556 7.00456929079e-20)
(1.59764986505 -0.505002770053 9.23996695732e-20)
(1.91660958276 -0.0105800924221 -2.08516545414e-19)
(1.91292277418 -0.0592775325001 3.29737267109e-20)
(1.9010165319 -0.107007186502 -8.95531843193e-20)
(1.87775794836 -0.155399039601 -5.92554840969e-20)
(1.85100958068 -0.197696378679 3.15425746388e-21)
(1.80857939497 -0.249235078736 -1.01649247786e-19)
(1.77234648888 -0.27396433333 9.07112963816e-20)
(1.71513177189 -0.337467645649 2.61058767546e-20)
(1.67058249201 -0.33931877087 -1.10454777946e-20)
(1.60899422078 -0.402808546743 9.54049304191e-21)
(1.87219866404 -0.009641716807 5.04974956639e-20)
(1.86926699183 -0.0467462714425 5.93022205703e-20)
(1.85898494016 -0.0830467646252 -5.61379349975e-20)
(1.83945118929 -0.120074489929 2.18933317366e-19)
(1.81574944001 -0.152412854853 7.42536455929e-21)
(1.78086266477 -0.19218009426 -1.42017282442e-19)
(1.74764889988 -0.211857014502 2.14442097281e-20)
(1.70204250383 -0.260849452514 -8.49524053823e-20)
(1.66150596696 -0.263939713688 1.04824366744e-19)
(1.61218782801 -0.3130044151 7.60741509968e-20)
(1.83856394291 -0.0101018780983 -1.10989452949e-19)
(1.83627663098 -0.0372283355769 -5.80789831739e-20)
(1.82712590563 -0.0637455925552 2.85962160132e-20)
(1.81025958564 -0.0908919294161 8.10856978354e-20)
(1.78853483487 -0.114829859752 6.19739485828e-20)
(1.75884256712 -0.144130590794 -4.14898574175e-20)
(1.72786792248 -0.159565113185 3.29577145244e-21)
(1.68954038736 -0.195656725963 4.36617538517e-20)
(1.65235503467 -0.19952527826 8.59795046524e-20)
(1.6102717325 -0.236162541731 -5.06648358245e-20)
(1.81383881896 -0.010897450231 -4.30535358687e-20)
(1.81220706083 -0.0294073500368 -8.28874805675e-20)
(1.80396335663 -0.0474314942451 -6.21792385836e-20)
(1.78901855911 -0.0659418292943 -1.16991131289e-19)
(1.7687421927 -0.082485254354 -1.00164285658e-20)
(1.74244160144 -0.10273945659 1.7008011581e-21)
(1.71309693727 -0.114074297214 4.08839322094e-20)
(1.67909270322 -0.139369606217 -8.99826285918e-21)
(1.64450252892 -0.143188005027 -3.35893038125e-20)
(1.60645833969 -0.16948509507 6.82434631415e-21)
(1.79055443364 -0.0112359569689 3.85070591164e-20)
(1.79028257344 -0.0220429678506 3.06263886616e-20)
(1.78368964373 -0.0324769948783 1.24753970744e-20)
(1.77106536452 -0.0431024092498 -2.23989078057e-20)
(1.75288847732 -0.0526313247687 -1.84175226073e-20)
(1.72965714988 -0.0647957114278 2.48966143843e-20)
(1.70224415057 -0.0717371222771 -5.2230637792e-21)
(1.67112867658 -0.0882310460337 -3.35764922604e-20)
(1.63860265414 -0.0908883734938 7.03649599366e-21)
(1.60289138005 -0.109768275031 4.47346112306e-20)
(1.70071994688 -0.017248086425 -3.42538158308e-20)
(1.70117862485 -0.0198415502006 1.03681777343e-22)
(1.69863120906 -0.0218647895854 5.10765768262e-20)
(1.69260705805 -0.0238743522638 -2.1855053813e-22)
(1.68238670348 -0.0251230370331 -5.92014191706e-21)
(1.66879275331 -0.028316527031 8.68093173118e-22)
(1.65042260283 -0.0283288388988 1.22702406933e-20)
(1.63018052161 -0.0354325203209 -2.18792654484e-20)
(1.60373962122 -0.0344781322415 2.97132447848e-20)
(1.5809780475 -0.0444857873908 9.97759034647e-20)
(1.10221954981 -0.0100090833762 3.24638567928e-20)
(1.09201108321 -0.00736292533226 2.23423974352e-20)
(1.08476526759 -0.00464942733726 1.88770668119e-20)
(1.08091707087 -0.00203516026941 2.32804289984e-20)
(1.07966867773 0.000554337483287 -6.37337270535e-21)
(1.08215186448 0.00270393708121 -3.62265695648e-22)
(1.08384173395 0.00541263326963 -5.59437589701e-21)
(1.09253376153 0.00548706577323 1.95265463621e-21)
(1.08988865332 0.00884624129258 -3.27115939825e-21)
(1.10740012492 0.00589804616298 3.84571743623e-21)
(1.37487810999 0.75544534516 -5.44081560069e-20)
(1.36031787416 0.802718003529 2.467979654e-20)
(1.36540758509 0.85795957822 -4.63715635639e-19)
(1.37731113629 0.920302169975 2.16394399548e-19)
(1.38873754481 0.986615590177 8.75861103855e-19)
(1.39357967354 1.05286925631 -1.37840767453e-19)
(1.37271630215 1.10262567052 -8.47917968476e-19)
(1.27409695521 1.08223163942 -4.18604249297e-20)
(1.00982472 0.895317775069 -4.35831953948e-19)
(0.479513855088 0.440880060383 1.43250840009e-19)
(1.5410958549 0.720375860127 0)
(1.5330553506 0.769998420462 5.48642993936e-19)
(1.53357264043 0.823058029587 1.24470347789e-18)
(1.54168791202 0.883609467854 -7.53280841926e-19)
(1.5539153022 0.949815794865 -1.80429084952e-18)
(1.56262338535 1.01688143471 -1.41024915192e-19)
(1.54372862252 1.06729508367 -1.80337732773e-19)
(1.43556136618 1.04699508062 6.55756573809e-19)
(1.13644475859 0.862658316026 9.02778976869e-19)
(0.537002370491 0.421408520319 3.97016276575e-19)
(1.68724755983 0.69260321245 6.54417705867e-20)
(1.69188777318 0.741166150633 0)
(1.69643276734 0.790563817747 -6.77657375484e-20)
(1.70582096486 0.846050055977 7.59156036387e-19)
(1.72019789863 0.907432746776 5.36893195e-20)
(1.7318362311 0.970496565815 -1.87909941579e-18)
(1.71303656706 1.01751356978 1.19485551255e-18)
(1.5932026223 0.995150680219 7.67829324879e-19)
(1.25777026703 0.815191327308 -8.14981424194e-19)
(0.590525533168 0.393921668381 -2.85324623545e-19)
(1.80631405753 0.659575380123 -1.16213792669e-19)
(1.82260616456 0.703429984227 -9.5195960297e-20)
(1.83653320264 0.747827476586 2.25213594444e-19)
(1.85343296547 0.797499936789 -2.82794196388e-19)
(1.87417811698 0.852874503763 -1.36531782888e-18)
(1.89076827896 0.91015060579 -1.05483002418e-18)
(1.87219173715 0.95159886157 1.16602529676e-18)
(1.739382953 0.925453115293 7.4822645579e-19)
(1.36642950387 0.751201645485 0)
(0.635002168905 0.356693890977 0)
(1.90414933519 0.608047940015 -7.87881112151e-19)
(1.93001916829 0.646326357928 -1.37675216418e-18)
(1.9544919278 0.685694091731 -5.50158817876e-19)
(1.98136125877 0.729787672547 -3.49704186373e-20)
(2.01082936369 0.779024969852 0)
(2.03381437588 0.829803865307 1.46814607436e-19)
(2.01536293428 0.864629441948 1.74401725663e-19)
(1.86789757557 0.834181695256 2.21701677103e-19)
(1.45624186075 0.668671424875 -3.34803549523e-19)
(0.666149274457 0.309668632915 -8.43176165013e-20)
(1.98934274875 0.534423167434 9.51444447297e-19)
(2.02248688915 0.567606500407 -4.40556940197e-20)
(2.05597392126 0.602286391001 -1.13866816415e-18)
(2.09216685165 0.640969628099 0)
(2.13014498914 0.683896059185 0)
(2.15901337398 0.727671277439 0)
(2.13921344704 0.755408251928 1.48081093586e-18)
(1.97459647187 0.721136729158 -1.76335871823e-18)
(1.52334639895 0.569055203417 -1.14418835993e-18)
(0.681349545504 0.255396498371 -3.38446819079e-20)
(2.06484607019 0.442764066061 -1.28924178907e-18)
(2.10312829524 0.470902883741 -2.71833976018e-18)
(2.14344966866 0.500485929187 -4.77076562344e-21)
(2.18706534678 0.533214843248 5.60884402848e-19)
(2.23188244944 0.569190278004 -4.23138184619e-20)
(2.26483883291 0.605324926615 1.28860284997e-18)
(2.24118020207 0.626162498544 -7.281588732e-19)
(2.05705082711 0.589267192206 -2.21596247275e-18)
(1.56340461994 0.457652717251 1.76151648647e-19)
(0.68240126095 0.199325986593 1.30326014691e-19)
(2.1283643831 0.338297877127 -1.04895621758e-18)
(2.17037687263 0.360654414975 1.70649733399e-20)
(2.2157032396 0.384135719947 4.12893423434e-19)
(2.26473683128 0.409954412989 -4.04847508475e-19)
(2.31431898471 0.438113409516 6.37820199873e-19)
(2.34907361954 0.465889614342 1.83835485536e-18)
(2.31921165832 0.47928930395 -2.33821357239e-19)
(2.11056064867 0.447718302124 -1.22399953327e-18)
(1.57741856704 0.339810589088 2.93208175313e-19)
(0.67166539268 0.139478948982 5.88491309941e-20)
(2.17652416617 0.224719890916 4.01480745909e-19)
(2.22132063157 0.240629744186 8.54226443274e-20)
(2.27016500771 0.257078187606 -4.41833534804e-19)
(2.32285833065 0.275151125729 -1.03928564922e-18)
(2.37528283036 0.294646859522 9.79203261715e-20)
(2.40936248998 0.312830211444 1.0139698142e-19)
(2.36902635409 0.32226855404 -1.69412664911e-18)
(2.13524908559 0.299381958874 6.77649313575e-19)
(1.56862901156 0.218398025447 2.12577062697e-19)
(0.647179041064 0.0811665223556 -1.83621421818e-19)
(2.20725194288 0.104912764714 7.94047069784e-19)
(2.25393019469 0.113532713252 -1.22466954157e-18)
(2.30482226412 0.122226816615 1.94025440079e-19)
(2.35945988189 0.131689621852 2.61434475576e-18)
(2.41259480884 0.14226012456 1.37050339554e-18)
(2.44329213587 0.153060058318 -3.13130716131e-18)
(2.39024111878 0.158013605541 -3.29149000134e-18)
(2.13142455756 0.14502270628 1.60286356267e-18)
(1.53577001938 0.0986568703815 8.23855043568e-21)
(0.610781900569 0.0278082353316 3.82686465218e-20)
(0.51699582584 0.208764889601 -1.87141053734e-19)
(0.48099814206 0.215861247324 -1.66777781121e-19)
(0.437909798154 0.223608214661 9.51998263101e-20)
(0.389566080571 0.23198865621 -3.12536009714e-19)
(0.336340477364 0.240985282752 -4.04849301637e-20)
(0.277614744827 0.250297811198 2.60660930172e-19)
(0.212345951032 0.257597471498 6.81855369645e-20)
(0.140719845023 0.253699679195 -3.77612128938e-20)
(0.0704043695604 0.217405614185 -1.60064441432e-21)
(0.0126589251926 0.11490425187 1.97435670022e-20)
(0.544823710904 0.309478934236 1.5101935737e-19)
(0.509582686649 0.323156275588 2.11080627066e-19)
(0.467822233524 0.338456611382 3.54386258751e-20)
(0.421086433902 0.35512090983 -8.58688790265e-20)
(0.369609983442 0.372957137859 -2.92093574929e-19)
(0.312697006822 0.391411047272 1.19429762914e-20)
(0.248864415816 0.406458249111 1.56580815369e-19)
(0.176871705877 0.402451532448 7.75765795757e-21)
(0.101619701237 0.344606507293 -5.8899780073e-20)
(0.0293294271762 0.181102121003 -1.95755705996e-20)
(0.589830150699 0.405906774308 -1.60911889365e-19)
(0.555932047431 0.425970990133 -1.65887873085e-19)
(0.51646329219 0.448457418032 1.42729167387e-19)
(0.47246343345 0.472979188187 1.27033985721e-19)
(0.423922245242 0.499204718764 -6.28443950379e-20)
(0.370019500469 0.526322692607 -9.91050551361e-20)
(0.30852413924 0.548645994944 -8.6315641625e-20)
(0.235774148502 0.544257450362 4.25815323038e-21)
(0.152154951424 0.465352177876 -3.78995751325e-20)
(0.0560452436013 0.243511568458 4.37866567225e-21)
(0.65103517123 0.495897201558 8.4668011819e-20)
(0.619022477341 0.522059415639 -1.14259606525e-20)
(0.582708433153 0.551196005388 -1.16655696245e-19)
(0.542474482977 0.582938440531 5.50220425808e-20)
(0.497971774668 0.616895195938 -8.38896913645e-20)
(0.448196440504 0.652000413844 2.69251741793e-20)
(0.389888232576 0.680931104754 -1.47485682318e-19)
(0.316015656204 0.675823033456 -2.71429394256e-20)
(0.220778812427 0.576667064625 -2.23904530934e-19)
(0.0919718572882 0.300302701982 4.86798246803e-20)
(0.726993585614 0.57758965592 -2.47306049393e-20)
(0.697349565869 0.609427104727 -7.21480848068e-21)
(0.665000740766 0.644528503709 -4.25344626048e-20)
(0.62955297812 0.682702980175 -1.66387611116e-19)
(0.590188765215 0.723565446757 7.43653779443e-20)
(0.545630373092 0.765792838671 -5.88249189778e-20)
(0.491329523873 0.800482097691 1.2880548836e-19)
(0.416044787413 0.794200839435 -3.50406236449e-20)
(0.305606996866 0.676020427045 2.8689895379e-19)
(0.135802595674 0.350086873942 2.17346521768e-19)
(0.815430738577 0.649607086931 -7.03183590344e-21)
(0.788448409513 0.686304426378 -7.3002154138e-20)
(0.76061740962 0.726212645142 1.35510906131e-19)
(0.730706653182 0.769632921399 8.73539211763e-20)
(0.697407102845 0.816312420394 2.17690000619e-19)
(0.65908276226 0.864613406412 1.25206433916e-19)
(0.60958402974 0.904004332308 4.18863412567e-19)
(0.532619595564 0.8958740669 1.93023591974e-19)
(0.403891098768 0.759999575641 1.68107686552e-19)
(0.186081666827 0.391094912314 1.92160926033e-19)
(0.914614147084 0.708880636771 -9.2633767077e-20)
(0.891644277622 0.749816580389 2.93829899239e-19)
(0.869939482851 0.793768429402 1.85177379683e-19)
(0.847025053148 0.841414594941 -2.15424043095e-19)
(0.82084991099 0.892750988681 -1.18120981388e-19)
(0.789399250794 0.945968676609 4.74870177906e-19)
(0.744813978206 0.989087393523 -9.51005344153e-20)
(0.665113466458 0.978836568197 -3.03089627595e-19)
(0.514552065611 0.827202456993 -5.46751251456e-20)
(0.241827846584 0.422576413481 2.04474362804e-19)
(1.01317809474 0.758514030706 1.59918157226e-19)
(0.992720172676 0.801736082701 5.19562189843e-20)
(0.977367362185 0.847645749422 -5.48052817034e-19)
(0.963124830183 0.898071409839 6.89163491749e-20)
(0.946681204711 0.952864061264 3.61943398795e-19)
(0.924907910825 1.00958636391 -2.5056963755e-19)
(0.887433715221 1.05465044125 -5.89744603782e-20)
(0.805627755956 1.04077915492 -1.34000820715e-19)
(0.631461226228 0.874674269853 1.34557884893e-20)
(0.299944632096 0.44282518457 -2.85220647661e-19)
(1.1349030104 0.777121600344 2.11593218637e-20)
(1.1227314921 0.823758297757 -3.68861228548e-19)
(1.114601053 0.871565012974 -2.99210980301e-21)
(1.10632589031 0.924116220687 3.18573371266e-19)
(1.09566571281 0.982364789854 -3.22402293218e-19)
(1.07986496162 1.04338943011 6.60799285775e-19)
(1.04637453115 1.09180682683 4.69138757374e-19)
(0.959202870806 1.07681862056 -7.39860982667e-19)
(0.756805538997 0.901325905183 -4.2396152923e-20)
(0.360584209493 0.452476368933 -2.91633083343e-19)
(1.21081033291 0.797196702461 -2.20765330659e-19)
(1.21114146351 0.844069350296 -2.21252361899e-19)
(1.22235944255 0.893444027931 2.36228849246e-19)
(1.2324940471 0.947345336176 5.46423658013e-19)
(1.23708053594 1.00579930055 2.1476835603e-19)
(1.23333814509 1.06633994029 -5.56773195114e-19)
(1.20701136075 1.11322670148 3.92292641421e-20)
(1.11509093099 1.09360954412 1.61969186615e-19)
(0.883119676389 0.909411078953 -2.18379002787e-19)
(0.420739162487 0.451991245886 -2.08895983113e-19)
(0.801666842497 0.0207186446257 7.98607040295e-21)
(1.15606947979 0.0418682143727 -1.73517432319e-20)
(0.930833912891 0.0493853341085 -9.55881625673e-21)
(1.03236536636 0.0524868095257 0)
(0.998425582453 0.059831010986 1.66619299308e-20)
(0.975284840501 0.0707252129108 2.31205366006e-20)
(0.95101178184 0.0858043815883 3.01480771805e-20)
(0.900739698677 0.105732883376 6.2014469066e-20)
(0.835742642953 0.13368125323 -9.10937526108e-20)
(0.667168525974 0.172168217197 -1.04651599017e-19)
(0.801170650662 0.0177937176766 3.51260063448e-20)
(1.15587968547 0.0413000316678 -5.78429706682e-20)
(0.931201736507 0.0512486567035 -4.89424178673e-22)
(1.03402918626 0.0540587004628 -1.60223010302e-20)
(1.00104187741 0.0634790458295 9.24898686042e-21)
(0.979271399102 0.0768270670736 -1.13173438229e-20)
(0.956328249684 0.0965871051888 -7.37609025861e-20)
(0.90892612106 0.123216641245 0)
(0.845669221067 0.170283031348 1.97460263421e-19)
(0.689882193906 0.237228622838 -2.45593446615e-19)
(0.800460708489 0.0150273772185 -3.88002931191e-20)
(1.15593113698 0.0406165422884 1.51925748596e-20)
(0.931485357802 0.0528690010236 3.32393795913e-20)
(1.03617909574 0.0553921679743 1.08514324722e-20)
(1.00399396554 0.0669019863898 -2.23858425964e-20)
(0.983983989186 0.0827402901481 1.35015334742e-21)
(0.96268547542 0.107130366975 -5.24995822008e-20)
(0.920047369651 0.140660298473 -4.98020468917e-21)
(0.85923054233 0.206442752639 2.36437524395e-22)
(0.725664452813 0.299912687269 6.06543668999e-19)
(0.799537072358 0.0124926569279 -1.80252489271e-20)
(1.15616096844 0.0398233493927 4.05084474871e-21)
(0.931693868095 0.0542046158399 2.81060232853e-20)
(1.03879730328 0.0564857743819 1.89249565981e-20)
(1.00729668808 0.0700805274355 -9.24707501138e-21)
(0.989417148926 0.0884230716812 -1.25092935238e-20)
(0.970184420683 0.117334487568 7.8339179377e-20)
(0.934017361125 0.157950409417 -1.46212136902e-21)
(0.876558303169 0.241879272905 -2.43385408203e-19)
(0.773855162002 0.358942678819 6.49843583909e-20)
(0.798398092186 0.0102272017497 1.3300347145e-20)
(1.15649825022 0.038903537861 -3.06009432418e-20)
(0.931849757482 0.0552089425984 -2.21010195055e-20)
(1.04190384977 0.057338466786 1.0797723252e-20)
(1.0109601655 0.0729980239884 0)
(0.995561846659 0.0938384540803 0)
(0.978939590476 0.127128911729 6.70587734394e-20)
(0.950699207483 0.174928550722 2.62231158384e-22)
(0.89783843671 0.275593604333 -1.14422381798e-19)
(0.833652957414 0.41383889265 8.85761164043e-20)
(0.797047200059 0.00828100070843 1.88386298663e-21)
(1.15687774028 0.0378332267135 2.62710577797e-20)
(0.93197575397 0.0558340198695 -5.24866425867e-20)
(1.04549915828 0.0579511491225 -2.54019032171e-20)
(1.0149842368 0.0756396346777 9.88698518613e-22)
(1.00240622236 0.0989558412734 5.27649105684e-20)
(0.989048957237 0.13649125213 1.04831354852e-19)
(0.969749194597 0.191437723261 -6.95231926111e-22)
(0.923634657128 0.306071851947 1.87085244273e-19)
(0.903913499406 0.465330328813 -1.98529992693e-19)
(0.795486393324 0.00672680054078 -2.10412423589e-20)
(1.15717265518 0.0365797430857 1.27816183825e-20)
(0.932110871819 0.0560325623473 -1.08612249149e-20)
(1.04958447788 0.0583266505947 -5.06231583667e-20)
(1.01934308301 0.0779894262352 -2.00952365153e-21)
(1.00995655001 0.103746171539 -1.16363827233e-21)
(1.00058317931 0.145382291922 -6.18923002065e-21)
(0.990705194649 0.207472253534 -1.89922682949e-19)
(0.954758250095 0.332143163862 1.41159652323e-19)
(0.981958091591 0.511117313795 -4.66163844062e-19)
(0.793711714094 0.00563888906359 3.57176447939e-21)
(1.15733315814 0.0350821231912 -4.0375658974e-20)
(0.932302434063 0.0557574021865 2.39837253596e-20)
(1.05415639708 0.0584669209598 2.94548463758e-20)
(1.02404302859 0.0800269603588 -6.77933951951e-22)
(1.01820666669 0.108168434324 -6.26905592781e-20)
(1.01359715794 0.153645366827 -5.79279898271e-20)
(1.01323101367 0.223159172674 3.42573004696e-19)
(0.991676113778 0.355028578512 1.17934808887e-20)
(1.06625682863 0.559741941475 7.49689278916e-19)
(0.791710393082 0.00505548406714 4.01175264016e-21)
(1.15739429662 0.0332758284347 1.84085844741e-20)
(0.932623694815 0.0549340865034 1.9247662893e-20)
(1.05918891927 0.0583754904304 -3.12895932485e-20)
(1.02904589139 0.081743146216 -5.7054763341e-20)
(1.02709486353 0.11216296002 1.33108378445e-21)
(1.0280267189 0.160856057264 -7.97942575391e-20)
(1.03739364991 0.236395133332 4.45438537775e-19)
(1.03823949582 0.367016698489 -7.51671539964e-21)
(1.14813940719 0.583831811105 -1.0159343047e-18)
(0.789444521285 0.00524944965617 3.44955705279e-21)
(1.15824221342 0.0314422342894 2.87018768484e-20)
(0.932928874641 0.053571486022 1.14726915589e-20)
(1.06484274465 0.0581555881816 -6.28264720383e-20)
(1.03409223134 0.083379487015 -5.66684921511e-20)
(1.0357447078 0.116551132764 -5.4244225849e-20)
(1.04125082294 0.170072921478 -1.4321450265e-19)
(1.05710481096 0.255226461981 -4.14773357953e-19)
(1.08034361991 0.392567303029 -2.39813309807e-19)
(1.24413274944 0.647338377309 -1.0862566803e-18)
(0.786991965414 0.00478012304909 -9.74127339893e-21)
(1.16153813701 0.028508926848 -6.16627074841e-21)
(0.934208669613 0.0504319936372 -1.0445363627e-20)
(1.07134831432 0.0566724246687 2.27523755508e-20)
(1.04313550834 0.082219560022 4.77987954586e-20)
(1.05056816167 0.116196047033 -3.79293073798e-20)
(1.06528132659 0.169795837128 1.27937860284e-19)
(1.09448181469 0.253022891372 -4.06480430585e-19)
(1.14929615311 0.36947129611 -1.73920387432e-19)
(1.24542764076 0.641256388345 5.66448530481e-19)
(0.787162161505 0.00192596483989 6.43666795889e-21)
(1.16563781901 0.0244590628589 1.10815529005e-20)
(0.938662664671 0.0447818969568 -1.94350972322e-21)
(1.07723616111 0.0532500124482 4.64647760439e-20)
(1.05405023861 0.0776055068944 7.71118942982e-20)
(1.06668110665 0.110523106699 1.1167030268e-19)
(1.08976579349 0.160650551502 2.69639706577e-20)
(1.1329872295 0.235865611574 2.10685919779e-19)
(1.20190101019 0.338663969435 2.72516846147e-19)
(1.32024960811 0.546956021722 2.53848491902e-21)
(0.787198912395 -0.00148367454995 -9.99725744504e-21)
(1.17023414826 0.019946743982 -4.55383976323e-21)
(0.943626198958 0.038947046427 -2.4680365591e-21)
(1.08324224512 0.0487949085256 6.99227131691e-21)
(1.06456077426 0.0715982035007 2.17846659672e-34)
(1.08180830147 0.102492729811 -7.67477815709e-21)
(1.11180846681 0.147971211857 -5.21936825941e-34)
(1.16643219054 0.214442433941 1.80295990885e-20)
(1.23903586438 0.297834581841 -5.28645556032e-20)
(1.38660162746 0.468720818135 -4.80468034953e-20)
(0.787333009825 -0.00585141234767 2.44420512532e-20)
(1.17502366673 0.0146707411617 -4.77087896399e-35)
(0.948700587142 0.0327863029401 2.13460837635e-21)
(1.08912815719 0.0433424070143 -1.7747725218e-20)
(1.07429028793 0.064238162296 -3.16184969641e-20)
(1.09550352728 0.0923392522079 -3.79586451197e-20)
(1.13122772955 0.132329021372 -6.43028938148e-34)
(1.19417038179 0.189789759899 -9.00722983767e-20)
(1.26865767576 0.254999809842 -1.29717360946e-19)
(1.43106282245 0.39057462489 8.71387791609e-20)
(0.787657273604 -0.0114057373931 0)
(1.18022590981 0.00869425038152 1.95547566198e-35)
(0.953838868349 0.0263677839321 0)
(1.09471365453 0.0370772989587 0)
(1.08304058491 0.0557015005678 0)
(1.10751398843 0.0803918025437 0)
(1.14792240356 0.114384403848 -3.83357038037e-34)
(1.21633846433 0.162649515081 0)
(1.29285133029 0.211860687703 -1.983357829e-20)
(1.45703984678 0.316422896178 5.27129849676e-20)
(0.78824917092 -0.0182975565548 1.14460764667e-20)
(1.18614909107 0.00214490439194 -5.85380417293e-22)
(0.959064271595 0.019878133503 1.45034691234e-21)
(1.09983794869 0.0302195734025 0)
(1.09063513896 0.0462037376668 0)
(1.11767457037 0.0670114035991 6.44859827427e-21)
(1.16175558374 0.0947571134896 2.68660741286e-20)
(1.23348774033 0.133703880962 -1.35067551355e-20)
(1.31201054926 0.169607980565 -2.92068487605e-20)
(1.47091294071 0.246912623423 2.00550528674e-19)
(0.789255336533 -0.027521333441 -6.26257281007e-20)
(1.19314815946 -0.00522607782463 3.59907869967e-21)
(0.964383739212 0.0134755484461 1.12463902554e-21)
(1.10433468857 0.0229984212044 -5.89075162344e-21)
(1.09690193175 0.0359608545845 -1.11104381797e-20)
(1.1258270219 0.0525352760208 -8.94940923401e-21)
(1.17268445987 0.0739227685118 -2.03245235028e-20)
(1.24624316568 0.103579967771 -3.77320538824e-20)
(1.3263254775 0.128671863043 -5.23343596917e-20)
(1.47769772971 0.182238485597 7.50186757385e-20)
(0.790501515837 -0.0336510933728 -1.69645328592e-20)
(1.20126463383 -0.0117353860865 -1.54213002389e-20)
(0.969330425429 0.00849104187987 6.73653017479e-22)
(1.10743050118 0.0156800921886 -6.19863971517e-21)
(1.10112119737 0.0251317622126 1.22037004951e-35)
(1.13139579414 0.0372231055251 6.94060861736e-21)
(1.18021862469 0.0521623610776 -9.20705303806e-34)
(1.2547421072 0.0725882205701 -1.37021105044e-20)
(1.33567113475 0.088758558668 1.81570682814e-20)
(1.48062609205 0.120700801454 2.58323748911e-20)
(0.788044969888 -0.0582833439507 1.70701598145e-19)
(1.19148316766 -0.0228765985596 -8.80279677069e-21)
(0.95735084427 0.000728583995915 6.26735677861e-22)
(1.09309057918 0.00947435018335 3.3548061347e-21)
(1.08745473141 0.0144652993437 3.17193538807e-21)
(1.11876594798 0.0222070893748 1.35560193432e-20)
(1.16892318047 0.0310422534824 7.78545011712e-21)
(1.24417211104 0.0430763862278 -4.80059100812e-21)
(1.32475123555 0.0518262901389 -2.03894933583e-20)
(1.46862608029 0.0674953776025 1.38612075267e-19)
(0.710647374606 -0.036738256461 1.5839346351e-20)
(0.943838988163 -0.0184572014642 -7.6629125205e-35)
(0.721329478091 0.00173201458703 -2.68080551941e-22)
(0.844168564554 0.000336645269103 0)
(0.830117541102 0.00284725717672 0)
(0.85701094277 0.0044123536308 7.17911262571e-21)
(0.899605106218 0.00602655813152 -8.71574920683e-36)
(0.961762066216 0.0086501561414 -1.36162736112e-20)
(1.03039248058 0.0100013210485 -2.64274630807e-20)
(1.14031267143 0.0124310956677 5.57817541955e-20)
(1.46775321886 0.638981425487 -1.66287493823e-19)
(1.57127266646 0.611829958086 -2.75255343787e-19)
(1.67685412855 0.591593940951 0)
(1.77150242449 0.568599578854 1.05111615414e-19)
(1.85381575636 0.527516337673 5.10623067323e-19)
(1.92812943066 0.463830946605 -1.23291542618e-19)
(1.99576996932 0.382343650814 1.49733276729e-18)
(2.05306754726 0.289820131289 -7.29000178647e-20)
(2.09652289521 0.190223464723 -3.4714000233e-19)
(2.12386810768 0.0874721795177 3.24605918704e-19)
(1.5145549887 0.515307991025 6.89922732541e-20)
(1.58518380544 0.498470681015 1.08443764412e-19)
(1.66213558531 0.481559831017 -6.70218884431e-21)
(1.7408345734 0.454672242487 1.77933152163e-19)
(1.81378700511 0.412839696548 -1.52139928432e-19)
(1.87881332973 0.357485830685 -3.69714061224e-19)
(1.93611364583 0.292118081858 -1.05144812514e-19)
(1.98351051695 0.220187159125 5.13470881647e-19)
(2.0187112164 0.144341973808 -2.10641438096e-20)
(2.04000865256 0.0659723842596 -4.39434344472e-19)
(1.55147390369 0.410056395636 9.59746102336e-20)
(1.60508595295 0.388523209484 1.67321632798e-19)
(1.66183038091 0.371522727092 -3.37444114239e-19)
(1.72471835102 0.350967552085 7.27765136581e-20)
(1.78469229619 0.320880635077 4.80125269182e-19)
(1.83705643553 0.280482017101 -2.35289425929e-19)
(1.88255533638 0.231176537536 -5.33006309721e-19)
(1.92051118512 0.175443735099 -2.04860445883e-19)
(1.94908743815 0.115565491882 2.9948256855e-19)
(1.96677905372 0.0531731627583 -2.46629053092e-19)
(1.56976624063 0.328729403253 3.42387936825e-20)
(1.61328148916 0.308602633044 0)
(1.65623014323 0.295085544644 1.47947564358e-20)
(1.7059233291 0.278286729654 1.93802710395e-19)
(1.75584355213 0.252423008291 3.17762956217e-19)
(1.80011574513 0.218178293669 1.40178730266e-19)
(1.83849295459 0.177723007884 -7.33967640043e-20)
(1.87065074833 0.133130713122 -2.21750037965e-19)
(1.89500832921 0.0861798913081 1.50779952368e-19)
(1.91037918931 0.0379809224758 7.2682839036e-20)
(1.57641701147 0.260072333049 1.6022370536e-20)
(1.61443931405 0.241699886265 -6.58511381711e-20)
(1.6496380392 0.229059158105 -1.2648977934e-19)
(1.69029202894 0.214093068404 6.30789677409e-20)
(1.73275274645 0.192450604006 8.61058306971e-22)
(1.77101720232 0.165111274275 8.68687794017e-20)
(1.80408823947 0.133735327298 1.57377583951e-19)
(1.83183682765 0.0996100839043 -1.54304539421e-19)
(1.85310256448 0.0638574290438 2.91404772213e-21)
(1.86666563207 0.027277328935 1.7378388243e-19)
(1.57681608078 0.200065713381 -2.09833695844e-19)
(1.61143345179 0.184388152459 -2.61744028048e-19)
(1.6419156039 0.173071776225 5.31593606094e-20)
(1.67642916925 0.160189209758 2.25651012788e-19)
(1.71349698468 0.142541256583 -3.58789127495e-20)
(1.7475763903 0.12097371357 -8.00766726022e-20)
(1.77702888396 0.0968211906729 1.25713234712e-19)
(1.80179984758 0.0709866652481 -5.88931060265e-20)
(1.82094013463 0.0442333595548 -1.51134434104e-19)
(1.83333831053 0.0170542781999 -6.79422928484e-20)
(1.57418827071 0.14597728726 3.59440574531e-20)
(1.60638934623 0.133444080524 3.55142964124e-21)
(1.63377963769 0.123709627654 -5.64922806086e-21)
(1.66425147384 0.112768400224 1.53947002308e-19)
(1.69775074252 0.0986754951856 2.10765429604e-19)
(1.72901215761 0.082203846844 -2.21858767089e-19)
(1.75611329996 0.0643656699238 -8.58463595896e-20)
(1.77895696505 0.0457676488728 1.4188765996e-19)
(1.79678861812 0.0268515531812 1.0263793594e-19)
(1.80859773095 0.00788684497067 2.90638354617e-20)
(1.56910175283 0.0950641647058 -1.34465185676e-19)
(1.59884950583 0.0854825287339 5.42076456975e-21)
(1.6233583872 0.0771580662611 2.67706104953e-19)
(1.65070019803 0.0680124795032 6.53066503559e-21)
(1.68141487093 0.0572678439416 -8.32131303032e-20)
(1.71039500088 0.0456099516818 3.30340513216e-21)
(1.73548710322 0.0337394787954 -1.09511596488e-19)
(1.75670232853 0.0219973604389 4.65914964107e-20)
(1.7734140145 0.0105617758592 7.16648319418e-20)
(1.78480770338 -0.000542475902377 9.21273269928e-20)
(1.53780789108 0.0517726131027 -2.56502051629e-19)
(1.5601540066 0.0434400670524 -1.71849042985e-20)
(1.57776195718 0.0344105937252 1.66163911125e-19)
(1.59842201988 0.0252941902838 -8.85354383483e-20)
(1.62221954803 0.0163464172611 -1.69131628688e-19)
(1.64404289217 0.00805807239917 -2.69481774074e-20)
(1.6621472354 0.000877040671441 1.38617835281e-19)
(1.6769912932 -0.00513727731705 7.33128119002e-20)
(1.68854520827 -0.0101011779501 -1.57393039255e-20)
(1.69656474588 -0.0140655774056 -8.29342939313e-21)
(1.19404676859 0.00571136974004 2.67373583909e-20)
(1.19948654509 0.000228842872946 -4.41341514015e-21)
(1.19619235138 -0.0055116219552 3.05662032812e-21)
(1.19208323203 -0.0105145995209 0)
(1.18590048834 -0.0137711476224 2.29671045735e-19)
(1.17506664117 -0.0152956083664 -6.93395002091e-21)
(1.16082219153 -0.015560509628 -1.49179332406e-19)
(1.14527552549 -0.0149664571119 9.25913745801e-20)
(1.12968353431 -0.0137502122999 -1.2802937215e-19)
(1.11493634491 -0.0120436740832 -1.05882639836e-19)
(0.81365445528 0.0166237965176 -3.27721603516e-20)
(2.02633210206 -0.0258526230325 6.62073454582e-19)
(2.73560123787 -0.0432333576961 -6.13086250357e-21)
(3.01679283098 -0.0349578835256 -3.03254979285e-19)
(3.06879725066 -0.0111416238728 4.60705261866e-19)
(3.03990726549 0.0133559805401 3.79159353777e-19)
(2.99112843557 0.0358949720327 0)
(2.92960670981 0.056514328694 9.28838498011e-19)
(2.82296411722 0.0730635125743 -1.89346980325e-18)
(2.58423921888 0.0792856903115 -1.01643441143e-19)
(0.675737620885 0.0663576055693 -7.88055484576e-21)
(1.86244287445 0.0927169006501 2.44023062896e-19)
(2.64613366005 0.105834650553 1.78717030397e-20)
(2.99644998195 0.116895594836 2.34391313404e-20)
(3.08628955286 0.12969630635 5.00598405308e-19)
(3.07183730705 0.138163616039 -5.62898082359e-19)
(3.02755593087 0.142712338236 -4.58102048525e-19)
(2.96867087697 0.144365572928 -2.90572313158e-19)
(2.86605494913 0.142465453991 9.92192776054e-19)
(2.62745660163 0.132096857647 -9.75782937181e-19)
(0.519365613176 0.0925576473344 6.48214477655e-20)
(1.63638166125 0.188011781353 4.75774587941e-20)
(2.48182850046 0.243737325441 -3.74934932227e-19)
(2.90796421297 0.268275537682 5.90652841149e-19)
(3.04543838116 0.274596853706 3.01794371116e-18)
(3.05196085616 0.26771017859 1.71735059772e-18)
(3.01568420995 0.253531307119 -1.99551920064e-18)
(2.9646437014 0.235388280428 -1.87669654759e-18)
(2.88460720283 0.214384725346 1.14084667778e-20)
(2.70089506454 0.187150830282 2.92856130232e-19)
(0.363378447175 0.0948355719635 5.90181143868e-20)
(1.3698476874 0.253552112539 4.81308434003e-19)
(2.25044478113 0.364310952503 -1.02945338449e-18)
(2.74791329882 0.415744127234 -1.00968024123e-18)
(2.93886631185 0.423459858767 -6.55776793197e-21)
(2.97293723511 0.404210217526 -5.67660333043e-19)
(2.94816821243 0.371884815364 1.44988535669e-18)
(2.90560315523 0.334114350846 -1.10783884233e-20)
(2.84875104044 0.294708810913 -2.2963342801e-18)
(2.74181016024 0.251887877285 -8.10297068573e-19)
(0.225181593739 0.0780959969752 -7.9691810573e-20)
(1.09318935874 0.287935512473 4.71502189495e-19)
(1.97115614827 0.462154232217 -1.30569097576e-18)
(2.5214185261 0.55314916494 -8.35796730059e-19)
(2.76354042069 0.571747961044 1.56405576886e-18)
(2.82936150121 0.545173257198 -1.17454385731e-20)
(2.8200522042 0.496702008384 -1.15445460366e-18)
(2.78596194528 0.439969509742 -1.47565005062e-19)
(2.74301103706 0.381754949708 3.01415913347e-19)
(2.68456892185 0.325070768515 -3.07723738557e-20)
(0.116447827544 0.0509066018963 1.73743236847e-19)
(0.837331421389 0.296512461681 -3.83541437921e-19)
(1.67227828669 0.534720347347 -5.63411790683e-19)
(2.24483605504 0.672874451435 2.05774224279e-18)
(2.52528287636 0.710831880229 -1.41286433991e-18)
(2.62151691699 0.683395597591 2.40501615652e-19)
(2.63042591299 0.623087900012 1.33126608975e-19)
(2.60629941304 0.55026347426 -7.69370566444e-19)
(2.57205725326 0.473919877346 -7.93498745534e-20)
(2.52689955745 0.404715436589 6.72273807701e-19)
(0.0411324181658 0.022145873217 1.16757027318e-19)
(0.623679751425 0.288325211774 -4.96754723641e-19)
(1.38257014138 0.581538990775 1.35812689931e-18)
(1.94288716712 0.765886039233 1.46768876277e-18)
(2.24120551445 0.82727916855 -1.72306211195e-18)
(2.36048681375 0.804620859701 7.38866116527e-20)
(2.38756807054 0.737859713551 2.61791039961e-18)
(2.37506418949 0.654049977007 -1.81231447404e-18)
(2.34970562484 0.562037687885 -8.69931914994e-19)
(2.30065822181 0.482949062959 7.15954322574e-19)
(-0.00337137052621 -0.00142100306645 3.60747148804e-19)
(0.460275547067 0.272875551137 2.88000688032e-19)
(1.12385323984 0.605272794808 5.69167273787e-19)
(1.64254626136 0.826997750457 -2.4710769181e-18)
(1.93674099736 0.910961976842 -1.40202433001e-19)
(2.06782271945 0.897375105517 4.53722270997e-19)
(2.10969668053 0.831104325435 -7.30360463871e-19)
(2.10946501742 0.743951134853 -4.69947022516e-19)
(2.09492322831 0.647095071352 8.79100052183e-20)
(2.04744023776 0.562554462455 -3.51450599804e-19)
(-0.0243246657878 -0.0170150056051 -7.30347010138e-21)
(0.342546275008 0.255384769791 -3.68331182499e-21)
(0.905806289636 0.607970875869 -3.09722268225e-19)
(1.36504743948 0.852913041514 -7.72327976942e-19)
(1.63869480079 0.953531964293 -3.36049003397e-19)
(1.77168954322 0.949371129174 -1.29606054556e-18)
(1.82467027131 0.887298219581 -1.0025484498e-18)
(1.83748862871 0.801255945142 8.96363549492e-19)
(1.83532321967 0.700381463864 5.50485969759e-19)
(1.79527330432 0.61912440902 1.5850623837e-19)
(-0.0302602039554 -0.0248903477931 -3.27112765064e-19)
(0.259629901787 0.238296292061 0)
(0.727242417568 0.593789789943 -2.7268101818e-19)
(1.11999997621 0.847481831873 -3.04988158666e-19)
(1.36287816872 0.957554994668 1.62433805714e-18)
(1.48894839887 0.962142822429 3.5761549509e-20)
(1.54660453552 0.908207606709 -1.15679784714e-18)
(1.56720391893 0.830417820427 -8.67752016286e-19)
(1.57516092995 0.737903854251 4.2492204842e-19)
(1.52810325991 0.649143882467 9.43073462841e-19)
(-0.0284599971811 -0.0273212714496 9.50551297049e-20)
(0.19995545895 0.22089772644 0)
(0.581873448943 0.565489919411 -6.03532888791e-19)
(0.910190097316 0.815632735808 4.39809050362e-19)
(1.12025436607 0.928039584963 8.20251779623e-19)
(1.23692149739 0.938842781861 2.1881980541e-19)
(1.2983156496 0.893449614278 -2.33497665035e-19)
(1.32916903096 0.824814161525 -9.27834464289e-19)
(1.34626990723 0.74748796935 -1.78967258542e-19)
(1.35431573417 0.671602781842 -3.51859441818e-19)
(-0.0239410821195 -0.0269216033654 -8.98217736404e-20)
(0.153985732607 0.201381107156 -1.46753928825e-19)
(0.461174073792 0.52465385035 2.29907192608e-21)
(0.731204093514 0.761732799077 1.61215567116e-19)
(0.910126636477 0.870339025035 -1.49814611579e-19)
(1.01640742001 0.884078252736 6.98004653077e-19)
(1.07913665528 0.845503108965 -8.44726337096e-19)
(1.11747388735 0.784499733066 3.15992450744e-19)
(1.14138829386 0.717491942772 5.36687735105e-19)
(1.17470794738 0.656308297751 -2.46926549666e-19)
(-0.0192717726926 -0.0252821315307 7.79780226926e-21)
(0.115886435799 0.179232721738 3.61789604456e-20)
(0.358175326629 0.473586343862 3.47706031664e-19)
(0.576604867898 0.690879766099 -1.91964529103e-19)
(0.72710758654 0.791370918315 -4.74369328076e-19)
(0.822643642842 0.805753413285 1.70861157638e-19)
(0.884477005085 0.772904646709 2.93551353309e-19)
(0.926956082725 0.719435313314 1.0209173266e-19)
(0.956022858182 0.660964556526 -2.4177352286e-21)
(0.997778585097 0.612329867948 1.01388613612e-20)
(-0.0151531950924 -0.0231697770403 -6.11511306503e-21)
(0.0836283881026 0.154468719854 -3.47129717099e-20)
(0.270080363849 0.414145098731 -7.33843222749e-20)
(0.44400531022 0.606874187596 -8.48498930866e-20)
(0.57006071188 0.696541398668 1.7776472932e-19)
(0.656288646987 0.710468395755 -2.43678985955e-20)
(0.71723040318 0.683182738657 -8.20109834825e-21)
(0.762979991747 0.637984850474 1.75459961951e-19)
(0.797372585998 0.588473904222 1.66015095244e-19)
(0.841170524289 0.550068491486 -1.14036972507e-20)
(-0.0116868388174 -0.020918912752 -8.91132997193e-20)
(0.0566539669434 0.127151617003 -1.2189161898e-20)
(0.195998520443 0.347341819332 8.04090756209e-20)
(0.332549611631 0.511635395207 1.02637129988e-19)
(0.438449508218 0.588385999464 -2.78612984101e-19)
(0.517316493873 0.600963155724 2.36140949264e-22)
(0.577936350274 0.578885185286 3.04889801606e-19)
(0.626747358107 0.541901706344 5.59518015574e-21)
(0.666291669743 0.501250648117 -3.00986567828e-20)
(0.710915092919 0.471095842749 -6.33040450108e-20)
(-0.00886958984109 -0.0187212111569 7.43244148936e-20)
(0.0347187803758 0.0974248898243 2.69308340701e-19)
(0.135434655205 0.273959330682 6.63209917471e-20)
(0.241481063926 0.406430896007 -2.24729377385e-19)
(0.331239362039 0.468402470345 -1.44037104519e-19)
(0.404472177218 0.478729281478 3.36710758669e-19)
(0.465176918307 0.461318739648 -1.48941950867e-19)
(0.516782849871 0.432082261976 -2.28112722619e-19)
(0.560835203096 0.39986733777 7.53030941325e-20)
(0.606374126369 0.376702452764 2.0570186138e-20)
(-0.00662285070079 -0.0166636613091 2.8667424243e-20)
(0.0178271297373 0.0655552625614 -1.70774577753e-19)
(0.0883411653676 0.194923183146 -4.030580631e-19)
(0.170607425551 0.292708991982 1.91745120782e-19)
(0.247977974534 0.33834620025 2.8333110839e-19)
(0.317055633424 0.345691286741 -6.85466679405e-22)
(0.378049439028 0.33253692107 -2.98073057776e-19)
(0.432035934194 0.310701190111 3.07392934264e-20)
(0.479720136397 0.286662091128 1.35318143022e-19)
(0.526215606271 0.269869802758 1.50880717704e-20)
(-0.00484032215865 -0.0147981782511 -6.68065817614e-20)
(0.00613446898542 0.0318703624839 -5.38012531529e-20)
(0.0549759167392 0.11132027682 3.43055992913e-19)
(0.120163307279 0.172196403964 7.2325009149e-20)
(0.188719223596 0.200316204778 -1.41839227438e-19)
(0.254905168615 0.204157166845 -5.08293763168e-20)
(0.316205339663 0.195006584719 0)
(0.371991470867 0.180399678432 3.5116161949e-20)
(0.422322904434 0.164436771048 -2.11298178231e-20)
(0.469595123041 0.153739499613 1.02572656229e-21)
(-0.00342994791692 -0.0131885252902 4.07728393239e-20)
(-0.000158568135772 -0.00324155549732 1.7077731101e-19)
(0.0356889141681 0.024399069259 1.95921553095e-19)
(0.0905204647064 0.0468900740428 -2.00693832132e-19)
(0.153706555344 0.056725737523 -1.21824915668e-19)
(0.218115677224 0.0567488207293 2.62737871482e-20)
(0.279590041108 0.0514766698497 -6.67597949231e-20)
(0.336464225726 0.0440194417506 -1.34110260813e-20)
(0.388386180798 0.0361104240424 -3.13871586785e-20)
(0.436097020945 0.031360070851 -4.63029118575e-20)
(-0.00225629830924 -0.01197014289 -2.97136943802e-20)
(-0.000809244364096 -0.0395065390283 -1.28102095067e-19)
(0.0307721642378 -0.0645601274023 -3.94740260664e-20)
(0.0819797642029 -0.0810652399985 -4.32855616292e-20)
(0.143156871968 -0.0897659966828 3.82699294309e-20)
(0.206809756396 -0.0936322059715 2.52131423619e-20)
(0.268228810934 -0.0950465743068 1.54494406831e-21)
(0.325382943891 -0.0953746856386 -1.64602579517e-21)
(0.37777471948 -0.0952456662165 1.50584746058e-20)
(0.425486119269 -0.0941385051766 3.14153616668e-20)
(1.10293754538 0.401040909688 -8.64548753162e-19)
(0.980942212901 0.174464543835 4.32144751834e-21)
(0.951244990132 0.0658261346966 3.9700182811e-20)
(0.949114313904 0.015500231245 1.52736474822e-20)
(0.957666267132 -0.00417894819475 -4.35241735212e-22)
(0.969215976363 -0.0103209263388 2.09395615588e-21)
(0.979987044477 -0.0107151400952 3.19645405854e-22)
(0.988775835248 -0.00886900896304 1.61085908655e-21)
(0.994996756678 -0.006553137301 7.47158651363e-21)
(0.99984886905 -0.00280623645948 0)
(0.975903940486 0.377361027871 -3.74078161131e-19)
(0.933563320832 0.157101973206 5.33234152189e-21)
(0.934518479789 0.0537853000758 6.18080824315e-22)
(0.944000186756 0.00828841615149 5.28970357013e-20)
(0.957004230728 -0.00888135364028 -7.26962919845e-21)
(0.970001708482 -0.0135378790477 -5.84236352492e-22)
(0.981121318 -0.0130486981196 3.17052703163e-22)
(0.989856786787 -0.0105683079906 6.10219167327e-21)
(0.995918088341 -0.00776625092777 2.72466239294e-21)
(1.00062969952 -0.00333190286995 -4.2980136865e-21)
(0.876497787774 0.346145120243 3.99268967061e-19)
(0.898509836854 0.13862142145 5.80011371069e-20)
(0.920444128606 0.0436172634856 -3.65361155148e-20)
(0.939149723411 0.0023823478403 -1.54831593829e-20)
(0.956078748561 -0.0130482119525 5.87693670134e-21)
(0.970678459847 -0.0166543347492 -4.30428970199e-22)
(0.982249112249 -0.0153818542964 7.16989542082e-22)
(0.990988501072 -0.0122674888386 5.85925579698e-21)
(0.996931496082 -0.00897195460734 -6.5178034058e-21)
(1.00152849828 -0.00385065617635 -1.71728136673e-21)
(0.798712793323 0.306158745149 2.52832171836e-19)
(0.868299678326 0.116095610763 -2.73720044938e-20)
(0.907407805562 0.030592697578 1.49723128718e-20)
(0.934622254742 -0.0058422978795 -2.38778511308e-20)
(0.955479451378 -0.0181943143492 -5.11846617668e-21)
(0.971541175718 -0.0201297193573 3.73437578527e-22)
(0.983506092063 -0.0178383631749 6.39957921423e-21)
(0.992240910458 -0.0139964622313 -3.56126536805e-22)
(0.998071622965 -0.0101748140924 -3.02200516472e-21)
(1.00255384359 -0.00436524647034 2.59724278444e-21)
(0.736041169657 0.254623558601 -1.72561308051e-19)
(0.842086385605 0.0879957729423 1.04676608296e-19)
(0.896462414518 0.0150115690343 -1.41166262663e-21)
(0.931270801028 -0.0148913985599 -8.28703536384e-21)
(0.955470077819 -0.0237938695874 -5.94271510972e-21)
(0.972711389936 -0.0238324698575 6.58040123281e-22)
(0.984963780208 -0.0203841882839 -7.61246003203e-22)
(0.993653595852 -0.0157456001971 -2.87152061001e-21)
(0.999356871623 -0.0113718968387 -1.19988738802e-22)
(1.00370868998 -0.00487424329394 -1.50736703717e-22)
(0.686686104064 0.193468142028 -4.71968075889e-21)
(0.820802918794 0.0559900140694 4.91342372845e-20)
(0.888150163684 -0.00235233607414 5.1303884746e-22)
(0.929208027039 -0.0248088615758 5.26160746871e-21)
(0.9561015706 -0.0298402667866 6.59669195937e-21)
(0.97423496796 -0.027738254529 -2.61724554701e-21)
(0.98665335687 -0.0230023465134 -2.49786099168e-21)
(0.995243319264 -0.0175063871321 8.4480794033e-22)
(1.00079346712 -0.0125588792268 -3.19802583889e-21)
(1.00498911617 -0.00537570973184 0)
(0.649855129852 0.12547623476 9.29147451969e-20)
(0.804886375804 0.0211862016496 -9.91640873738e-20)
(0.882556081834 -0.0211959483782 2.93333270128e-21)
(0.9284859111 -0.0354785240851 -1.88983014283e-20)
(0.957418392027 -0.0362551837664 -3.37427627852e-22)
(0.976144290217 -0.0318041243475 -6.65256682514e-23)
(0.988592499993 -0.0256716651981 9.57545776176e-22)
(0.997017231159 -0.0192683736833 -1.33114034575e-21)
(1.00238182463 -0.0137299676113 -2.58514174455e-22)
(1.00639633197 -0.00586715012682 2.12274351991e-21)
(0.624793778304 0.0527058996395 -6.81460417835e-20)
(0.794519599162 -0.0159079429401 2.59200317873e-20)
(0.87973593971 -0.0412376178031 9.56222233779e-21)
(0.929151324918 -0.046732907243 4.4541321155e-21)
(0.959457429977 -0.0429547883981 -4.83979202583e-22)
(0.978464870899 -0.0359874601378 4.96731908264e-21)
(0.990797407415 -0.0283700792679 2.1961591377e-21)
(0.998981051047 -0.0210202419199 -2.91689129017e-21)
(1.0041262932 -0.0148785634011 2.27337178011e-21)
(1.00792296124 -0.00634556094419 2.90740764464e-21)
(0.610870958148 -0.0231057765488 2.64280906195e-20)
(0.789813277204 -0.0546818166553 -6.17631108462e-20)
(0.879728292729 -0.0621530970673 6.63680487855e-21)
(0.931245779936 -0.0584160917117 5.56879226452e-21)
(0.962242388675 -0.049858440045 -2.33101109846e-21)
(0.981217390018 -0.0402446898587 7.89824558731e-22)
(0.993276683995 -0.031073712716 -1.15107160183e-21)
(1.00113872092 -0.0227487314084 -2.90735813608e-21)
(1.00602092988 -0.0159962839616 -1.90135227092e-21)
(1.00956908164 -0.00680742210179 2.03488126375e-21)
(0.60771163307 -0.100474646307 -2.01449141749e-20)
(0.79081005744 -0.0944714478282 1.70460923466e-20)
(0.882561986293 -0.0836283039035 -1.61168111436e-20)
(0.934790814014 -0.0703803272481 -1.45749020594e-21)
(0.965795809189 -0.0568851073196 9.21737287708e-21)
(0.984417331046 -0.0445305295307 2.89131785178e-21)
(0.996038853565 -0.0337573650465 5.15469011834e-22)
(1.00348894098 -0.0244397804153 -6.33174271952e-21)
(1.00806283225 -0.0170747346455 1.16342067465e-21)
(1.01132495783 -0.00724881616521 3.28630187159e-21)
(0.515871020916 -0.0213250130315 1.00554194466e-19)
(0.525863940484 -0.00711037155781 -3.94346071983e-20)
(0.523027387674 -0.00179347162813 -2.77675862971e-20)
(0.522153268653 -0.000851136350658 7.10862420089e-21)
(0.525425769016 -0.000611747344712 -2.69359211503e-21)
(0.531222690295 -0.000467927756296 -5.78179603244e-22)
(0.536990817484 -0.000349177089243 3.65622509351e-21)
(0.54174539125 -0.000250328987986 -1.71481124195e-22)
(0.545118887508 -0.00015520310349 -3.03014314179e-21)
(0.547613380045 -5.22237624079e-05 1.20696774048e-21)
(1.21304756859 0.0167622237612 -1.26584225144e-19)
(1.00743948606 0.0132518163667 -1.24748521917e-19)
(0.930501413107 0.00724752808621 -5.09964763468e-20)
(0.905312235301 0.00149653049611 4.6418744302e-21)
(0.90149298894 -0.00145194859954 -7.27984577174e-21)
(0.907019911321 -0.00236755424243 -2.62781631976e-21)
(0.914932571389 -0.00230053100495 -3.44008678928e-22)
(0.922298897295 -0.0018532477445 -5.17235630591e-23)
(0.927802676331 -0.00132911501851 6.77366639259e-22)
(0.932137945158 -0.000549660749367 3.73903397451e-22)
(1.33671255261 0.142338581511 -2.26392589176e-19)
(1.08643470778 0.0652731937724 1.12409805216e-20)
(0.995141634671 0.0259902200258 -2.33562322471e-21)
(0.964975168906 0.00674463219478 8.59155811514e-35)
(0.959808232722 -0.00131484654912 -5.70417800533e-22)
(0.965332404815 -0.0039912905381 0)
(0.973666244796 -0.00421798852381 1.48459609391e-21)
(0.981547403969 -0.00349552487718 -2.28226139003e-34)
(0.987486528635 -0.00255983191771 4.20413397693e-36)
(0.99224262648 -0.00108096663425 1.75316518072e-21)
(1.30319605627 0.245051934432 5.08492878003e-19)
(1.07574578362 0.10799642944 -7.43594489809e-21)
(0.993399313839 0.0422244171558 0)
(0.966926233508 0.011066787696 2.89310000955e-20)
(0.963781401508 -0.00173049438793 0)
(0.970342664495 -0.005866687605 0)
(0.979240830541 -0.00631511471211 0)
(0.987401719001 -0.00528151485621 2.44929646435e-22)
(0.993477753621 -0.00390164660328 1.34992372891e-23)
(0.998320440681 -0.00166302959372 -2.34034910189e-22)
(1.26685855331 0.365779530272 -6.74320467034e-19)
(1.06162929194 0.160942679313 -5.52565624625e-21)
(0.98491626786 0.0620017651737 0)
(0.96203780475 0.0164041382624 -2.52987788085e-20)
(0.961754073935 -0.00197599121039 1.86767209921e-20)
(0.969875203938 -0.00781417620133 0)
(0.979527447585 -0.00848012422409 0)
(0.988048356235 -0.00710676647558 -1.53689060934e-21)
(0.994271403706 -0.00526174809681 -9.3391164037e-23)
(0.999174490468 -0.00225084727491 -8.86879107844e-23)
(0.333000208027 0.000900810610677 5.37723623599e-22)
(0.314139363392 0.00180539217404 -9.0440451495e-21)
(0.302942522535 0.00313761115848 9.66278650201e-21)
(0.291244432235 0.00600283515571 3.75451756177e-19)
(0.284661659006 0.00968118158546 3.73824309383e-19)
(0.274555676515 0.0135671048753 1.41078822361e-19)
(0.306400671606 0.00897579855844 2.48667378972e-19)
(0.342643645367 0.00712235258267 -8.7075836708e-20)
(0.411335477923 -0.012479933865 5.3917444334e-20)
(0.515482213376 -0.0132064351965 1.83254341176e-19)
(0.926522262742 0.0144849123583 2.48087091528e-20)
(0.892578047317 0.0218945614447 -6.65041275086e-21)
(0.88846184665 0.031303545336 1.76382138563e-20)
(0.908119456184 0.0425797737695 4.98835822759e-19)
(0.974273031543 0.0528714572304 -8.83308677987e-20)
(1.05598541627 0.0593558626776 3.79283399555e-20)
(1.2162438282 0.042629097005 -8.67823471881e-20)
(1.31799247422 0.052875400429 3.48048165403e-20)
(1.43481910142 0.00681657140192 -1.86259766334e-19)
(1.49632535751 0.0429034856203 -2.42249061053e-19)
(1.43586875634 0.0347201973684 -2.3826454846e-19)
(1.40788423838 0.0510416982586 5.76501545006e-21)
(1.43422530516 0.0699936714031 -6.73194822637e-20)
(1.51805470865 0.089312339095 1.2518917143e-20)
(1.66982978671 0.107637776378 -1.47515699771e-19)
(1.8211423509 0.123080404879 -3.57280537541e-19)
(1.96932055498 0.120752540525 -3.57448495105e-19)
(1.95256995083 0.159317741639 3.95698502986e-19)
(1.91827140089 0.13574184942 6.41177381296e-19)
(1.74129420719 0.225469966062 3.06145083277e-19)
(1.86153533426 0.0543048229706 2.29729426634e-19)
(1.85456316722 0.0800957562828 1.43733399111e-19)
(1.92304867272 0.108280940314 -1.19898349415e-19)
(2.06273675924 0.137962854758 3.07102208528e-19)
(2.22330548557 0.172069055848 -2.84649947822e-19)
(2.30477762675 0.208530273185 -1.73302941815e-19)
(2.27826864292 0.240560283899 4.95467531088e-19)
(2.09893789032 0.303049575157 5.14149894496e-19)
(1.94445274601 0.315084967475 -2.6240896478e-19)
(1.68599763333 0.405324786783 -4.38689416819e-19)
(2.20333383163 0.0690530170651 1.4589241553e-18)
(2.22567299279 0.106185832694 -2.13973883164e-19)
(2.32708799307 0.145814270406 4.99403045113e-19)
(2.46570450625 0.191734419189 7.40728275961e-19)
(2.53981964718 0.247073410883 1.18072807177e-19)
(2.48364275855 0.309610844827 3.43207643958e-19)
(2.31420587155 0.374324977682 -8.80480778457e-19)
(2.07611834327 0.448286956983 7.20409671249e-20)
(1.87307181272 0.490374593791 3.21855142536e-19)
(1.58483956145 0.567724960377 -5.40095946716e-20)
(1.11271050364 -0.540489927886 5.65969362937e-20)
(1.11024058619 -0.59276986136 -2.02646362283e-20)
(1.12303975649 -0.649848322212 -3.63221408762e-19)
(1.13573734247 -0.711762898906 -1.99265516765e-19)
(1.14022203946 -0.777656981671 8.14873648391e-19)
(1.13376449124 -0.846739145744 1.47485354094e-19)
(1.1065262785 -0.909276263699 -4.17305437139e-19)
(1.02318950501 -0.923620975278 4.52249651283e-19)
(0.818235192389 -0.799324779941 -1.41991232883e-19)
(0.397477503226 -0.421045352848 -3.816166052e-19)
(1.05658637035 -0.506013887139 -8.01419571637e-21)
(1.04411256477 -0.55537536963 7.37487814737e-20)
(1.03245338397 -0.606497100376 2.83089272751e-19)
(1.01795921325 -0.662560186628 -3.36499628025e-19)
(0.998972491471 -0.725052094192 -7.81254437895e-19)
(0.974298978791 -0.792306964201 7.23965465685e-20)
(0.9348667401 -0.85355521255 7.94114975779e-20)
(0.850996633384 -0.868686990075 -1.82592027924e-19)
(0.670959252273 -0.752350113773 4.89598768408e-19)
(0.320974256536 -0.395615393797 -1.89139952148e-19)
(0.922724015107 -0.479150992638 -4.30777722154e-20)
(0.899003541755 -0.52296451849 0)
(0.878464235075 -0.570255046774 4.15005621868e-20)
(0.858316822984 -0.62258780765 2.61009355862e-19)
(0.835451256055 -0.679458379713 -2.77531469485e-20)
(0.807037897343 -0.739041876345 -3.2065096727e-19)
(0.764817763631 -0.791883326041 3.88507762374e-19)
(0.685575539531 -0.801716840699 4.30586868783e-20)
(0.531934578603 -0.691281499258 -2.0600163236e-19)
(0.249920406392 -0.36200748951 2.12692859078e-19)
(0.822711609598 -0.422527536827 -6.62691175659e-20)
(0.797846619236 -0.461683226211 -2.32509744971e-20)
(0.77260587327 -0.504716034208 -4.44921695011e-21)
(0.745023970908 -0.551721586265 -4.80486513986e-21)
(0.713117864349 -0.602241820511 4.38291603013e-20)
(0.675177210258 -0.65507879495 -8.74414580657e-20)
(0.625235376084 -0.702083405968 4.35816326931e-20)
(0.546327312702 -0.711111615531 3.08895947016e-19)
(0.413252556245 -0.613356652193 0)
(0.188581731553 -0.321010745084 0)
(0.728795038993 -0.355460430317 1.55243339606e-19)
(0.700368082831 -0.388685788891 1.16995398471e-19)
(0.669354112348 -0.425739046198 6.08186733112e-20)
(0.635040881027 -0.466355109901 1.67719124047e-20)
(0.596385857852 -0.509907863426 0)
(0.55206459921 -0.555274960613 -7.49782091195e-20)
(0.497477830811 -0.595411364161 -9.18847157068e-20)
(0.420695647698 -0.60286508513 -1.08896607389e-19)
(0.307061305917 -0.51941357481 1.72302246652e-19)
(0.134059765154 -0.271646579004 4.59650891931e-20)
(0.649857652148 -0.277271961821 -1.60453118167e-19)
(0.618979176784 -0.304145007951 1.8475453471e-20)
(0.583868782273 -0.334687758651 1.62143994528e-19)
(0.544637955014 -0.368210845533 0)
(0.5007420602 -0.403993032795 0)
(0.451113830849 -0.441137320636 0)
(0.392460042964 -0.473970023834 -9.679064992e-20)
(0.317275985159 -0.480325431063 6.97365245117e-20)
(0.219065680466 -0.413797921678 8.64370864631e-20)
(0.0885773910636 -0.21627937456 7.02052471371e-20)
(0.587413026422 -0.190004880794 3.29841289845e-19)
(0.554412817066 -0.210145706538 4.7875597709e-19)
(0.515840403854 -0.233448223429 7.53397757308e-22)
(0.472539489881 -0.259103170206 -6.70549791222e-20)
(0.424392082339 -0.286439097656 1.1956132709e-20)
(0.370546242063 -0.314779113636 -1.03850938043e-19)
(0.308746501785 -0.339889350135 4.99851082037e-21)
(0.234990534939 -0.345370935253 1.52962291636e-19)
(0.149210551829 -0.297556060689 -8.36200004244e-20)
(0.0524018270575 -0.155158259994 -4.82133863232e-20)
(0.542506298594 -0.095470799081 1.80352133851e-19)
(0.507882482603 -0.108816133299 -2.30309576632e-21)
(0.46672630056 -0.124555828689 -7.05474956153e-20)
(0.420451773116 -0.141937768686 6.14625482431e-20)
(0.3692304905 -0.160415522758 -7.5733600414e-20)
(0.312354161329 -0.179545844119 -1.8215227848e-19)
(0.248312267512 -0.196645352579 4.51182476709e-20)
(0.175618725635 -0.201457340044 9.69092642533e-20)
(0.098946067861 -0.173641216888 -3.6230221877e-20)
(0.0264694461043 -0.0900236066642 -8.23935116615e-21)
(0.515617936126 0.0041050601471 -5.33240324704e-20)
(0.479954312433 -0.00239571348578 1.99362423862e-21)
(0.437166098776 -0.0103421229036 6.30471653454e-20)
(0.389041653054 -0.0191788613348 1.77580258609e-19)
(0.335936456377 -0.0285324472809 1.92600008184e-21)
(0.277224128922 -0.0382010516967 6.10660647659e-21)
(0.211848196819 -0.0471353042636 1.26828333229e-19)
(0.13986133747 -0.0514622523114 -6.51743496264e-20)
(0.0688360966951 -0.0445788375615 -2.42748850761e-20)
(0.0110903625011 -0.0222376855184 1.05527287561e-20)
(0.507025951293 0.106214062678 -2.1500910073e-19)
(0.470872907784 0.106565911609 5.10898234311e-22)
(0.42746470575 0.106516536997 2.2644734769e-19)
(0.378685645368 0.106339067412 0)
(0.324935621292 0.106211549679 4.78116219898e-20)
(0.265621496195 0.106088463062 5.90670168557e-21)
(0.199844149238 0.105341051723 7.37373773364e-20)
(0.128222990959 0.101326993487 1.83558371559e-20)
(0.0593429179914 0.0867250920561 6.73024402371e-20)
(0.00650549250826 0.0466005651725 3.74543102981e-20)
(2.57019794011 0.0220264793544 1.23394349026e-18)
(2.76794877497 -0.000662482196257 -1.45552802511e-19)
(2.8582937677 -0.0329582950147 -1.12942550128e-18)
(2.91472436206 -0.0700046661757 1.11613729356e-18)
(2.96385552752 -0.108818821065 -4.65714838954e-20)
(3.00113131118 -0.148634683136 -3.82677478113e-18)
(2.97686157649 -0.18416832748 3.97682813341e-20)
(2.75309246023 -0.196416615253 2.56202880528e-18)
(2.11890807154 -0.158859828988 7.21890216575e-19)
(0.918129392714 -0.0514502342255 5.41821806491e-19)
(2.54938843539 -0.0375916348876 9.05634181693e-19)
(2.68844418667 -0.0777735012864 -1.10175325646e-18)
(2.75543892527 -0.123675055689 -2.73659605899e-19)
(2.80365833181 -0.173989690849 7.03807726233e-19)
(2.85047740106 -0.226818398746 2.23223962618e-18)
(2.89110962817 -0.282097846509 -4.79436049091e-19)
(2.88421770487 -0.330135125711 -3.51002342241e-18)
(2.7063565761 -0.347971952231 5.6192471504e-19)
(2.14094213581 -0.295817301435 -8.71274079625e-19)
(0.981450961482 -0.129693245873 8.08102998355e-20)
(2.48787366227 -0.10183132323 5.20135349876e-19)
(2.5723123452 -0.156834830299 1.24553915103e-18)
(2.62044044427 -0.213923524076 -1.03886084667e-18)
(2.66220105149 -0.274812841278 -1.16468116815e-18)
(2.70596197892 -0.339010450902 2.25199394627e-19)
(2.74650260143 -0.405711648357 1.66529822878e-18)
(2.7487021239 -0.468326123664 2.8907648043e-19)
(2.60402994011 -0.492879631987 -1.60892610546e-18)
(2.10117895596 -0.428549330165 -2.4235999494e-19)
(1.00064096964 -0.209676633097 -8.00605701334e-20)
(2.36815956978 -0.17281458033 -6.48260777081e-20)
(2.42042402295 -0.237774331462 -2.84332877851e-19)
(2.45933875346 -0.302713567964 8.79318519058e-19)
(2.49700794822 -0.371088237166 -1.30837267103e-18)
(2.53687906969 -0.443476666021 6.40829418811e-19)
(2.57448442376 -0.519576276448 -5.93597916314e-19)
(2.58024641763 -0.591889089265 -1.18666115291e-18)
(2.45581206488 -0.625323628019 1.74793814829e-18)
(2.00917206842 -0.550770443041 -2.14391418342e-19)
(0.983650060557 -0.282736085754 -3.00425733702e-19)
(2.20657428709 -0.250080766356 1.43356630719e-19)
(2.24844977321 -0.31985621178 2.42800658756e-19)
(2.28376624177 -0.388523510817 1.21379297243e-19)
(2.3168344632 -0.460700075621 -2.66535750372e-19)
(2.35071123583 -0.538015029942 2.14541439316e-19)
(2.38261410147 -0.620282859194 1.61212872306e-18)
(2.38706490334 -0.699646448321 -2.0529142864e-18)
(2.27644846296 -0.738298777158 -2.35130178463e-18)
(1.87386775849 -0.654053858014 1.12654824491e-19)
(0.933449932122 -0.346141683283 -1.54624574698e-19)
(2.03627511132 -0.328757357338 -4.1908179738e-19)
(2.07480261484 -0.398720966166 -7.86097597489e-19)
(2.10460431973 -0.466920778523 -1.52042616129e-18)
(2.12949983885 -0.53933063462 -2.05546530637e-19)
(2.15432650353 -0.618389352441 7.25569449156e-19)
(2.17777280376 -0.703738710428 1.25376785179e-18)
(2.17731830564 -0.786762134426 1.39416867329e-18)
(2.0746671082 -0.827124475524 2.69596071354e-19)
(1.71155194782 -0.734803795616 -1.15482996169e-18)
(0.859694122857 -0.395013273073 -6.83242365202e-19)
(1.87728697238 -0.397122807099 -1.16226641735e-19)
(1.907784578 -0.464606556952 1.67943293811e-18)
(1.92579896745 -0.529837623448 1.18363173195e-18)
(1.93799719486 -0.600496311933 -1.97408645285e-18)
(1.95119040953 -0.679487923369 -9.96494810135e-19)
(1.96466224062 -0.765857956236 6.09600712289e-19)
(1.95758168559 -0.849877761874 2.09686518708e-19)
(1.85972734683 -0.889374246759 -1.08682269871e-18)
(1.53176972223 -0.789370935891 1.38333617281e-18)
(0.770292541557 -0.427183842942 -9.90697316762e-20)
(1.72783942629 -0.444482458719 5.18175910072e-19)
(1.73981003794 -0.508027730568 -8.86869006854e-20)
(1.7397758939 -0.569798996604 -1.9991161644e-19)
(1.73774123041 -0.639198411254 6.34507302885e-19)
(1.74040373258 -0.718497386089 1.09796555972e-18)
(1.74563128977 -0.805377410657 -4.52083775285e-20)
(1.73285314993 -0.888877165637 -3.40832872442e-19)
(1.63907155758 -0.925502577284 -3.09602265696e-19)
(1.34381178868 -0.81836469989 3.23562580474e-20)
(0.672435892779 -0.442349033017 7.11823817837e-19)
(1.56427494134 -0.470518317658 -7.53160682752e-20)
(1.54745172001 -0.528663201428 -4.1171318484e-19)
(1.53124655703 -0.588869717752 -5.78654954052e-21)
(1.52287782741 -0.660030552696 5.45775720338e-19)
(1.52280920582 -0.741465314039 -7.81423464968e-19)
(1.52498410663 -0.828888925854 1.48027390779e-18)
(1.50924521717 -0.91036713331 8.9744307812e-19)
(1.4202876246 -0.941891846051 -9.70993259624e-19)
(1.15663798037 -0.827163870872 -3.11730156634e-19)
(0.573543511098 -0.443450770841 3.18185621634e-19)
(1.35909336408 -0.49337411753 -2.6738839022e-19)
(1.31992173561 -0.546060361483 -2.81518061523e-19)
(1.30653102487 -0.608824868228 1.31122206583e-20)
(1.30810728978 -0.683065719219 8.37202297986e-19)
(1.3140003949 -0.763876923561 1.40106316159e-19)
(1.31577594103 -0.847010476937 -1.11240732545e-18)
(1.29698276622 -0.921464462432 5.49598007545e-19)
(1.21231024387 -0.944310835903 3.1547704559e-19)
(0.979368573073 -0.821962931723 -4.08071157249e-19)
(0.480866090486 -0.435834927012 1.67116441692e-19)
(0.797852734275 0.0544921135886 -8.13352759627e-20)
(1.17361077922 0.0415673576911 -4.68863810325e-21)
(0.924376843479 0.0245700217649 -9.54670444797e-21)
(1.03727057519 0.0236372056904 1.03694469799e-21)
(0.982560694324 0.0179702456848 3.09477003703e-21)
(0.966020981839 0.0110235723678 -1.46529210571e-22)
(0.951364482548 -0.00792773356965 1.31182211745e-20)
(0.95711335756 -0.0461871683632 1.97778217794e-21)
(0.958341884312 -0.143625126028 -6.55056803524e-20)
(1.16046432449 -0.358574259755 -2.59653301838e-19)
(0.798423311833 0.051083433723 4.9307990717e-20)
(1.16956833496 0.0421160697868 -1.43293532181e-20)
(0.92510901272 0.0273084381841 -3.42309960481e-21)
(1.03570694844 0.0276404579713 1.95045114239e-21)
(0.98426496608 0.0219286008892 -9.88120986793e-21)
(0.965790944861 0.016195861071 2.12321420783e-21)
(0.948040068233 -0.000185861950511 9.46396852979e-21)
(0.946558607172 -0.0327643647145 -3.41340510875e-20)
(0.92646660157 -0.128440088922 7.05103935292e-23)
(1.06952130783 -0.296279620178 -1.06958240207e-18)
(0.799189902696 0.0476918585961 4.41575052269e-20)
(1.1669831856 0.042466872473 2.11065422473e-20)
(0.925678869306 0.0299542695935 2.33573172441e-21)
(1.03414943777 0.0313727385341 -3.88855066787e-21)
(0.985680253139 0.0260757689431 2.49589898284e-21)
(0.9651596949 0.0214939544482 -6.73436865627e-21)
(0.944265878016 0.00619227595639 7.89167272812e-21)
(0.93420790977 -0.0216391317693 0)
(0.893963728231 -0.1186855743 -2.78200199821e-20)
(0.982096705604 -0.275033771612 -1.25268119433e-19)
(0.799940392326 0.0441934916 -2.87417050587e-20)
(1.16480060753 0.0427410281495 1.46065798571e-20)
(0.926329295319 0.0325934735615 7.0570734241e-21)
(1.03272714108 0.0348614739076 1.40880595569e-21)
(0.986935587789 0.0303584608808 3.97498156951e-20)
(0.964809989614 0.0270746363253 -1.48191764804e-20)
(0.941280132203 0.0144335277749 -4.80981328121e-21)
(0.922463996133 -0.00825224909302 1.3654249106e-20)
(0.869649817609 -0.0990233626324 -5.43836815518e-20)
(0.896536545397 -0.231660048372 3.10082018071e-19)
(0.800613408052 0.0406781840807 -6.31428866652e-21)
(1.16280879611 0.0429450733923 7.4290567304e-22)
(0.927042869338 0.0352023049682 -2.88187575417e-21)
(1.03154654979 0.0381062987525 1.13761405685e-20)
(0.988158264753 0.0347267665521 -2.51003143373e-21)
(0.964821844407 0.0329813860337 1.55330893237e-20)
(0.939475331756 0.0233799248415 9.07133632906e-21)
(0.912124654767 0.00609575789637 8.074592703e-21)
(0.851812602578 -0.0737851125181 3.70505962179e-20)
(0.822682299456 -0.186870891025 2.6842133024e-19)
(0.801179442385 0.0371730030269 8.30089647848e-21)
(1.16102328778 0.0430489175391 1.78884149096e-20)
(0.927780265138 0.0377729938905 2.04805785449e-20)
(1.03068783148 0.0411032241325 -1.03008922575e-20)
(0.989429201622 0.0391216017563 -2.93217290579e-20)
(0.965240594854 0.0391117588737 1.20025319383e-20)
(0.938812544839 0.0328992781733 4.08653101e-21)
(0.903652461751 0.0213198650461 8.53420560072e-22)
(0.839379743482 -0.0437070318762 2.37522430704e-20)
(0.761580010497 -0.136746465498 6.59158256418e-20)
(0.801616321654 0.0337017598615 0)
(1.15948519955 0.0430405533771 -2.36260681545e-20)
(0.928507166962 0.0402931734112 4.06678542892e-21)
(1.03018884662 0.043854608375 -1.17528749789e-21)
(0.990809096224 0.0434869310849 -3.06591384916e-20)
(0.966106947299 0.0453918014922 -1.48759804368e-21)
(0.939263831366 0.0429014085113 -9.69601062144e-21)
(0.897544182772 0.0373984381544 1.21738780673e-20)
(0.831258265804 -0.0103686265787 4.99171925433e-21)
(0.714531908496 -0.0818768216358 -2.01510128099e-19)
(0.801902131727 0.0302889943613 0)
(1.15820634272 0.0429156783434 0)
(0.929194878327 0.0427425095204 -1.71328826509e-20)
(1.03008608261 0.0463648186191 3.46639427092e-20)
(0.992353181664 0.0477769429141 -1.90593053159e-21)
(0.967479962891 0.0517555431289 2.10493437863e-20)
(0.940764906311 0.0533150388265 -2.23020744686e-20)
(0.894062118371 0.0540412052524 -1.32565378773e-20)
(0.826970787506 0.0244795333351 -7.91073683335e-21)
(0.681601702175 -0.0220313971977 1.36611541327e-20)
(0.802017759081 0.0269587662617 0)
(1.15720486508 0.0426719966128 1.57258479693e-20)
(0.929822584273 0.0450945081275 -4.44520676115e-21)
(1.03040401639 0.0486388233517 -7.65127478909e-22)
(0.994111596331 0.0519524986391 3.35415927916e-20)
(0.969427948543 0.0581379864686 -1.7539967478e-20)
(0.943247725193 0.0640279477239 -1.49862756584e-20)
(0.893337353079 0.0710447926397 -3.36808642287e-20)
(0.826451187956 0.0603554234088 1.45153818736e-20)
(0.662641910913 0.041162170275 -1.70252994765e-20)
(0.801945765351 0.023761967173 4.49760525531e-21)
(1.15650174702 0.042320197937 2.91398669344e-20)
(0.930372882603 0.0473201501328 2.48019385574e-21)
(1.03115879768 0.0506794548213 -2.78891085138e-20)
(0.996124743379 0.0559802448807 1.67949043842e-21)
(0.972012900024 0.0644790819984 -1.02927345025e-20)
(0.946664194794 0.0749054014247 9.81148096734e-21)
(0.895545421799 0.0883067346633 1.84357418507e-20)
(0.829346358366 0.0969217857107 -5.54123182103e-20)
(0.65804079733 0.106247811243 2.38324311086e-20)
(0.630228217276 0.0458290840367 1.1444365174e-19)
(0.709996900488 0.0186111427115 2.77431966668e-20)
(0.496010204853 -0.000776585133203 1.36303286393e-22)
(0.586366711169 0.00241479258037 -6.47661287071e-21)
(0.534349852139 0.000375705253785 1.52304879182e-21)
(0.532360606398 -0.000219592996977 -4.34216554792e-22)
(0.53530989722 -0.000941819522732 3.25528212995e-21)
(0.569387292466 -0.00363232392883 -1.67342923462e-20)
(0.612025497261 -0.00857265875008 -2.37852834214e-21)
(0.83631507003 -0.0151423013563 -1.81494592068e-20)
(0.785644297212 0.0922446445188 2.17052178849e-19)
(1.13280802009 0.0408958249162 2.14160742566e-20)
(0.867781370132 0.00985020781257 1.27583740104e-21)
(0.974763315135 0.005230794631 -3.17223995366e-21)
(0.918951319955 0.00456724116926 1.63708155578e-21)
(0.910395447636 0.000639001424711 -7.32318152979e-21)
(0.909684886004 -0.00556864414273 1.37265588283e-20)
(0.951795148741 -0.0172566920705 -2.67565181177e-20)
(0.994296393276 -0.0497448918448 -6.19555996429e-20)
(1.2781304612 -0.092816487578 1.01828855249e-19)
(0.800648150331 0.0708317814863 7.40719653693e-21)
(1.19203153346 0.038750458212 5.67307119786e-21)
(0.925811123539 0.0123535859388 1.76173152526e-21)
(1.03518420621 0.010613011374 -1.5957465023e-21)
(0.979093682412 0.00741901652632 0)
(0.968407597199 0.00239857463461 0)
(0.964834747649 -0.00834477884067 0)
(1.00015099839 -0.0277544972557 0)
(1.0432163211 -0.0814333564443 8.64948026376e-21)
(1.26998875251 -0.168876722121 1.51102758283e-20)
(0.800018110225 0.065556639882 3.11740422777e-21)
(1.18902110418 0.0402196389666 -1.04366948602e-20)
(0.927938618391 0.0179634729565 -3.37479866974e-21)
(1.04022571 0.0153165925891 0)
(0.983804653199 0.0108605292824 0)
(0.971746522567 0.00460288420515 0)
(0.965782994082 -0.0101505933615 0)
(0.992617601484 -0.0375182477252 0)
(1.03638427342 -0.109235660326 0)
(1.2074041068 -0.248051446639 7.40754855247e-20)
(0.797862079186 0.0593030443776 -1.66003977961e-21)
(1.18113907145 0.0409737682997 -6.89691703593e-21)
(0.924504331284 0.0214524191679 0)
(1.03940612349 0.0196006524194 -9.40598610965e-22)
(0.982423482706 0.014376958468 0)
(0.96878795911 0.0073391236501 0)
(0.960394498488 -0.0112895029844 -2.42961634324e-20)
(0.978342274539 -0.0464220000978 5.92493242834e-20)
(1.01369993154 -0.129830420823 0)
(1.14900571136 -0.33955078596 6.53959831974e-19)
(0.941155504486 -0.00460920491906 -1.00236210717e-19)
(0.926418373326 0.00896011828463 1.41835872777e-20)
(0.899596213893 0.0207650418658 3.01311191374e-19)
(0.84859232502 0.0245661727112 4.48157446401e-19)
(0.761733196171 0.017522667605 1.65162651822e-19)
(0.666581396524 0.0101701221127 -4.27789784203e-19)
(0.578026894194 0.00752491691771 -3.3263584513e-20)
(0.492492972806 0.00645458981026 -6.24243680119e-20)
(0.419048641064 0.00433027379715 -1.64143180669e-19)
(0.366141176803 0.0023223723465 9.84609521927e-20)
(1.44125538066 -0.0981675186176 -2.09632534382e-19)
(1.48175201293 -0.0882279970552 -1.86516811916e-19)
(1.52609608024 -0.066563162734 -6.4778561124e-20)
(1.56862425628 -0.0328222672859 -3.32280798736e-19)
(1.56718594611 -0.00640211237363 2.83059894647e-19)
(1.49734204552 0.00191551143089 4.07915519827e-19)
(1.37603054443 0.00283108772185 2.98660528224e-19)
(1.23461108209 0.00674398112593 3.88465261107e-19)
(1.10025912275 0.00995544170684 -4.90964379447e-19)
(0.99485069389 0.0119688678479 -3.4150014538e-20)
(1.50900007183 -0.190106627813 -1.24512222587e-19)
(1.58983520951 -0.185578116266 -3.71000391031e-19)
(1.68301266977 -0.163705458013 5.95657292313e-21)
(1.79147687664 -0.123006364858 2.03112001818e-19)
(1.88597741682 -0.0793241861831 -4.92513069041e-19)
(1.92424785804 -0.0459106307814 -1.13362140646e-19)
(1.88076721314 -0.0234123475085 -3.40813797785e-19)
(1.76902561933 -0.00538313854333 3.05069965883e-19)
(1.63140840936 0.00941325768638 6.43743548592e-20)
(1.51251943207 0.0217116298251 5.00321430624e-20)
(1.47926946625 -0.296033614077 -1.31713834727e-19)
(1.58395187569 -0.297213272793 2.04391594817e-19)
(1.70518389732 -0.273366691512 1.05276123894e-20)
(1.84395243202 -0.223424776251 -1.58099898116e-19)
(1.98781334574 -0.163587198241 -4.80034737937e-21)
(2.10665224139 -0.107063952892 -6.59041405284e-20)
(2.15677481517 -0.0601626908135 -1.64256938074e-19)
(2.11947886554 -0.0223368671673 -2.36750102206e-19)
(2.02473167203 0.00725134887538 8.64501774823e-20)
(1.92573754041 0.0307545015182 -4.40200344611e-19)
(1.45304847323 -0.393549188501 -2.49110584938e-19)
(1.57375183071 -0.385279969593 -1.98982800378e-19)
(1.6999286666 -0.364849959997 2.2131634925e-19)
(1.83846386727 -0.319991570435 -4.53374766321e-19)
(1.99552226599 -0.254480669882 2.6883904293e-19)
(2.15739418876 -0.181131939835 -1.99953852586e-19)
(2.28402684601 -0.112367097868 5.96255071118e-19)
(2.33226190932 -0.0535596086633 -2.6976908725e-19)
(2.30240133644 -0.0062847083851 1.85607545994e-19)
(2.24185571501 0.0321268193436 -1.26893470107e-18)
)
;

boundaryField
{
    left
    {
        type            fixedValue;
        value           uniform (1 0 0);
    }
    right
    {
        type            zeroGradient;
    }
    down
    {
        type            noSlip;
    }
    up
    {
        type            noSlip;
    }
    cylinder
    {
        type            noSlip;
    }
    defaultFaces
    {
        type            empty;
    }
}


// ************************************************************************* //
