/*--------------------------------*- C++ -*----------------------------------*\
  =========                 |
  \\      /  F ield         | OpenFOAM: The Open Source CFD Toolbox
   \\    /   O peration     | Website:  https://openfoam.org
    \\  /    A nd           | Version:  13
     \\/     M anipulation  |
\*---------------------------------------------------------------------------*/
FoamFile
{
    format      ascii;
    class       volScalarField;
    location    "3.9";
    object      p;
}
// * * * * * * * * * * * * * * * * * * * * * * * * * * * * * * * * * * * * * //

dimensions      [0 2 -2 0 0 0 0];

internalField   nonuniform List<scalar>
440
(
-1.1038305543
-1.09024835003
-1.08506648181
-1.02644266993
-1.14746168698
-1.13503541415
-1.12454362222
-1.09338559656
-1.05485581422
-1.04204347172
-1.23412388909
-1.21315608131
-1.17678288389
-1.13784329212
-1.10284528262
-1.35355211405
-1.31407990799
-1.23817223494
-1.1512355715
-1.06354945901
-1.44353022835
-1.39257496591
-1.25691038884
-1.12049017993
-0.997152268777
-1.04322278642
-1.04981124191
-1.06813724227
-1.10028122586
-1.13741981288
-1.15416430289
-1.15334453924
-1.16575178094
-1.19655363486
-1.23923174037
-1.19339528974
-1.19029429948
-1.19175560286
-1.20410231692
-1.24503985489
-1.17203705188
-1.16304090778
-1.14969368584
-1.13523198473
-1.16552518664
-1.11735851002
-1.10643336339
-1.08304557513
-1.04197115965
-1.09007953314
-1.35648531322
-0.793220881226
-0.307859294604
-0.0206168475185
0.0396930822029
-1.45630600894
-0.980290660153
-0.345356158354
-0.0349294917377
0.0398543205202
-1.44556778376
-1.10548701532
-0.386847390312
-0.0553079772336
0.0329948028213
-1.33000225864
-1.16918203861
-0.435390890703
-0.0821950076125
0.0197377178045
-1.26959185956
-1.1879750978
-0.484960559394
-0.113019602599
0.00374557710144
-1.05285387217
-1.08727069286
-0.490074956696
-0.143149745772
-0.0176061808343
-0.817674901768
-0.865003690118
-0.46328866811
-0.169620136818
-0.0366861358203
-0.719039678546
-0.73608935345
-0.491028234822
-0.213400322351
-0.0463515792453
-0.599470233209
-0.625612010127
-0.503106316729
-0.254994054447
-0.0639268874366
-0.488221996666
-0.540199749588
-0.512707631658
-0.279789714938
-0.0691056728517
-0.792162677783
-0.900286368152
-1.09975878097
-1.29746229463
-1.42066996136
-0.571898623799
-0.699864736591
-0.79310642152
-0.856150328577
-0.874766920314
-0.419456510534
-0.533183844928
-0.600480775162
-0.655627171054
-0.695691478135
-0.330643994424
-0.433026991257
-0.505856487021
-0.555462864904
-0.591307680571
-0.290776482635
-0.392295796811
-0.464886000297
-0.506161566857
-0.522074989166
0.599369044339
0.450755460061
0.258473929454
0.0450759957825
-0.175861756601
0.178909128404
0.0235388640415
-0.162929406517
-0.375946225389
-0.613754864491
-0.218096053133
-0.373113399077
-0.569642164791
-0.790807794928
-1.01404330194
-0.58835656107
-0.74425931331
-0.935478325178
-1.14551204494
-1.30598086921
-0.82764135745
-0.982245426921
-1.15755443558
-1.34593336321
-1.4391909228
1.57116004974
1.59857938801
1.62336487656
1.63437531981
1.6297433055
1.38259038083
1.39993864244
1.41016757782
1.40406686367
1.37690665142
1.18615536624
1.1744773103
1.13793889691
1.07791260749
0.993593783194
0.958887957488
0.927298770605
0.859572490741
0.762221187665
0.639797839699
0.783395559769
0.675576294499
0.538059354846
0.383257063415
0.201972090365
1.41339993833
1.3921818462
1.36809824081
1.42478174055
1.46804076213
1.40371885855
1.38315032489
1.34930993924
1.40712602479
1.37246787665
1.39510137041
1.37112457283
1.32810535159
1.37753159661
1.24593635826
1.38746015286
1.35759262302
1.3046198309
1.33649460306
1.07677616823
1.38089482105
1.3429008351
1.28094846473
1.29192273393
0.894250046016
1.37513321272
1.32087326744
1.25205204915
1.19688506134
0.692840311267
1.36969397114
1.29134074486
1.24126348719
1.11533145522
0.847021143756
1.37625729004
1.27819802031
1.23189155851
1.06447678311
0.888201742587
1.37241976352
1.2559834156
1.22584331259
1.01131880818
0.901695586559
1.40715008558
1.2528834165
1.22059801905
0.980473452629
0.905010362591
0.556652074999
0.250475459334
-0.0882839710906
-0.411289209787
-0.599053597778
0.405014617352
0.199715563016
-0.0267552109858
-0.24272378769
-0.42205130216
0.374011310873
0.204739213931
0.0323267558309
-0.12719845351
-0.291395231376
0.408049693378
0.242790027118
0.0846102238489
-0.0598335856675
-0.206759193046
0.43185503719
0.268228643764
0.115505100014
-0.0255328665004
-0.168059513207
-1.53415781166
-1.42378924511
-1.27801498888
-1.15960241425
-1.08823723615
-1.62560650163
-1.57827026166
-1.46882634492
-1.37657795305
-1.3194845164
-1.58389296367
-1.5563651298
-1.49578786985
-1.44251416277
-1.40371660225
-1.48077216315
-1.46350055077
-1.43346448599
-1.39997231213
-1.36346356462
-1.39443780517
-1.39252430417
-1.38336929213
-1.35656099444
-1.31803496797
-1.29781652178
-1.30116575394
-1.30470336598
-1.28284212833
-1.23178701611
-1.21634683814
-1.21528824354
-1.21037786281
-1.19906965388
-1.17735393381
-1.17463484201
-1.17966446582
-1.18594924962
-1.19665748779
-1.20544883367
-1.05766777993
-1.06924666861
-1.08920560967
-1.11429164434
-1.1328547805
-1.00723356469
-1.01595249621
-1.03446253789
-1.06107831698
-1.08730904824
-1.12794815424
-0.484468419069
-0.273941279002
-0.0742353763584
0.00175752804681
-1.09746598677
-0.420985286997
-0.239329793255
-0.0539295074451
0.00941396340533
-1.10442924503
-0.424579402202
-0.224679916647
-0.026059713052
0.0194047027906
-1.15017286158
-0.47991275997
-0.240818726959
-0.0132788101141
0.0276858312649
-1.23173114474
-0.594439763483
-0.271207602189
-0.0119454315183
0.0349525945458
-0.911970230973
-0.605885384132
-0.379136548118
-0.104859551549
-0.00245249495579
-1.07824877205
-0.552352418617
-0.333665389308
-0.099744289248
0.00123881178789
-1.0446316968
-1.28749312288
-1.37378090869
-1.32187206278
-1.17168907747
-1.06264794851
-1.29517764981
-1.38275145919
-1.32579839493
-1.27654751479
1.27204681426
1.25370098448
1.22073285577
1.1742130074
1.11404796524
1.44796563418
1.46718771021
1.47502858077
1.46950686356
1.450829304
1.59310435397
1.62342468283
1.6501899666
1.66697451318
1.6704097951
1.67044791846
1.70492460389
1.74170560845
1.77174425365
1.78585355222
1.6626834408
1.69390155047
1.72706949858
1.75297679304
1.76368337245
-0.670860580842
-0.760255277429
-0.898268877237
-1.0702713646
-1.25205949463
-0.122072179708
-0.237409016172
-0.391385527972
-0.577651765526
-0.79691885941
0.368813600046
0.24787188171
0.105213500209
-0.061907966705
-0.259550201434
0.765132903636
0.673558823731
0.561928688104
0.427057254083
0.270805744726
1.08132310576
1.01760267429
0.93491361525
0.836537304233
0.725458631345
1.47271570124
1.42148431107
1.39905654694
1.40613523679
1.41049804896
1.45811204036
1.41819517095
1.39888453282
1.4213878044
1.46321051099
1.44589135856
1.41363911325
1.39763542046
1.43905901964
1.52844456299
1.43435215876
1.40780254115
1.39200447493
1.44399208714
1.53669499107
1.42347979871
1.40088556899
1.3815777728
1.44009317617
1.52031774772
1.52644044325
1.42936654226
1.38610197308
1.33838491724
1.2802475064
1.48265139118
1.41770065121
1.38450808521
1.35746450143
1.29990369834
0.966779485906
0.765736871848
0.417863580439
-0.0872634957815
-0.644347024516
1.04350093581
0.796368590472
0.4344525921
-0.067353838401
-0.636696133762
)
;

boundaryField
{
    left
    {
        type            zeroGradient;
    }
    right
    {
        type            fixedValue;
        value           uniform 0;
    }
    down
    {
        type            zeroGradient;
    }
    up
    {
        type            zeroGradient;
    }
    cylinder
    {
        type            zeroGradient;
    }
    defaultFaces
    {
        type            empty;
    }
}


// ************************************************************************* //
