/*--------------------------------*- C++ -*----------------------------------*\
  =========                 |
  \\      /  F ield         | OpenFOAM: The Open Source CFD Toolbox
   \\    /   O peration     | Website:  https://openfoam.org
    \\  /    A nd           | Version:  13
     \\/     M anipulation  |
\*---------------------------------------------------------------------------*/
FoamFile
{
    format      ascii;
    class       volScalarField;
    location    "9.945";
    object      p;
}
// * * * * * * * * * * * * * * * * * * * * * * * * * * * * * * * * * * * * * //

dimensions      [0 2 -2 0 0 0 0];

internalField   nonuniform List<scalar> 
440
(
-0.454392
-0.435473
-0.43652
-0.387489
-0.45693
-0.547022
-0.531001
-0.508734
-0.470293
-0.432902
-0.704676
-0.681768
-0.642522
-0.589441
-0.535615
-0.860054
-0.819247
-0.736532
-0.634914
-0.535542
-0.96886
-0.905704
-0.766053
-0.616867
-0.479418
-0.828874
-0.843698
-0.864069
-0.884148
-0.904791
-0.617842
-0.611572
-0.609332
-0.616091
-0.617668
-0.464502
-0.44601
-0.417933
-0.387187
-0.334352
-0.386987
-0.37134
-0.348655
-0.320077
-0.28617
-0.363741
-0.349575
-0.330549
-0.277402
-0.239308
-1.57621
-1.29844
-0.500406
-0.093021
0.128035
-1.29076
-1.2618
-0.43704
-0.112554
0.148039
-1.0747
-1.40833
-0.381435
-0.0826242
0.18958
-0.757132
-1.47283
-0.380518
-0.0360712
0.20607
-0.545526
-1.56907
-0.304208
0.0358876
0.199555
-0.250207
-1.51142
-0.214994
0.0728591
0.218094
-0.151654
-0.961507
-0.12007
-0.111282
0.0472427
-0.0622528
-0.608762
-0.230301
0.0379728
0.0190619
-0.0147992
-0.395481
-0.285705
0.0325305
0.000953246
0.133049
-0.293139
-0.262875
0.0526832
0.00963467
-0.249263
-0.359882
-0.483454
-0.613505
-0.63252
-0.0208284
-0.139478
-0.203
-0.24762
-0.231579
0.129766
0.0301315
-0.0285583
-0.0615745
-0.0898435
0.224805
0.13397
0.0652467
0.0258498
-0.0073859
0.264097
0.177942
0.113362
0.0838303
0.0715686
0.996812
0.851117
0.662409
0.456272
0.234005
0.5972
0.442864
0.249645
0.0345448
-0.20306
0.209565
0.0523091
-0.148287
-0.374407
-0.589918
-0.127958
-0.288586
-0.488309
-0.703266
-0.869049
-0.341774
-0.502469
-0.686525
-0.876957
-0.983203
2.09105
2.11924
2.14383
2.15466
2.14914
1.90184
1.92182
1.93732
1.93516
1.91309
1.68475
1.67303
1.63808
1.58196
1.49614
1.44368
1.40929
1.33993
1.24141
1.11513
1.21423
1.11581
0.982382
0.830342
0.646382
1.91243
1.90218
1.8829
1.93448
1.98601
1.90385
1.89342
1.86821
1.92099
1.90085
1.89562
1.88182
1.85068
1.90149
1.78652
1.88834
1.8662
1.831
1.8377
1.61748
1.88142
1.85219
1.81078
1.79983
1.43447
1.88021
1.82969
1.78432
1.67892
1.22715
1.8763
1.79429
1.7843
1.51349
1.35018
1.88694
1.78499
1.78321
1.45565
1.38524
1.88639
1.74587
1.76495
1.39435
1.40964
1.92577
1.75054
1.78557
1.37078
1.50832
0.97138
0.679771
0.352918
0.0794151
-0.102524
0.8741
0.662511
0.442994
0.262042
0.10429
0.828992
0.669646
0.517372
0.383725
0.241449
0.902807
0.744337
0.598246
0.466343
0.340117
0.979053
0.787702
0.643113
0.508028
0.380781
-1.65385
-1.50666
-1.33576
-1.19618
-1.11232
-1.77295
-1.70114
-1.56486
-1.44909
-1.37438
-1.73295
-1.6866
-1.5989
-1.5213
-1.4599
-1.62063
-1.57902
-1.52819
-1.48103
-1.43789
-1.50867
-1.48841
-1.47001
-1.44524
-1.41997
-1.45256
-1.44834
-1.44075
-1.45178
-1.39296
-1.36991
-1.36829
-1.36977
-1.38703
-1.37573
-1.34178
-1.34965
-1.36372
-1.39038
-1.40865
-1.18659
-1.20917
-1.24889
-1.30468
-1.35432
-0.997353
-1.02561
-1.06918
-1.1219
-1.18627
-1.2549
-0.394434
0.0434218
-0.271372
-0.0780513
-1.27489
-0.340618
0.124451
-0.264419
-0.0593268
-1.28669
-0.396836
0.123445
-0.194088
-0.0138493
-1.39008
-0.679014
-0.153922
-0.135306
0.0423506
-1.61299
-1.10119
-0.475535
-0.0968825
0.0999171
-0.838735
-0.567676
-0.0777558
-0.280528
-0.0581195
-1.13324
-0.465057
-0.00893503
-0.269254
-0.0673519
-1.06227
-1.32515
-1.4022
-1.35956
-1.16033
-1.08257
-1.3372
-1.41708
-1.38072
-1.33282
1.67864
1.65409
1.6118
1.55377
1.47431
1.88627
1.90345
1.90664
1.894
1.8657
2.06057
2.09074
2.115
2.12789
2.12648
2.16473
2.20144
2.24116
2.27423
2.28911
2.16722
2.20202
2.24025
2.2711
2.28519
-0.610205
-0.716109
-0.878465
-1.07738
-1.31109
0.0286412
-0.106117
-0.286163
-0.501303
-0.773367
0.611214
0.469803
0.300825
0.103813
-0.1401
1.08294
0.972378
0.837621
0.675839
0.483744
1.46134
1.37962
1.27738
1.15738
1.01842
1.97082
1.92691
1.90126
1.88162
1.85989
1.95229
1.92411
1.90398
1.90006
1.93178
1.94091
1.92084
1.90585
1.92976
2.01284
1.92996
1.91631
1.90215
1.93916
2.02901
1.92029
1.91124
1.89385
1.94508
2.02544
2.03254
1.93374
1.88953
1.79887
1.71798
1.98356
1.92344
1.88182
1.82803
1.73534
1.33492
1.08591
0.662893
0.0705584
-0.581065
1.42805
1.12152
0.685262
0.0930758
-0.570686
)
;

boundaryField
{
    left
    {
        type            zeroGradient;
    }
    right
    {
        type            fixedValue;
        value           uniform 0;
    }
    down
    {
        type            zeroGradient;
    }
    up
    {
        type            zeroGradient;
    }
    cylinder
    {
        type            zeroGradient;
    }
    defaultFaces
    {
        type            empty;
    }
}


// ************************************************************************* //
