/*--------------------------------*- C++ -*----------------------------------*\
  =========                 |
  \\      /  F ield         | OpenFOAM: The Open Source CFD Toolbox
   \\    /   O peration     | Website:  https://openfoam.org
    \\  /    A nd           | Version:  13
     \\/     M anipulation  |
\*---------------------------------------------------------------------------*/
FoamFile
{
    format      ascii;
    class       volVectorField;
    location    "1.25";
    object      U;
}
// * * * * * * * * * * * * * * * * * * * * * * * * * * * * * * * * * * * * * //

dimensions      [0 1 -1 0 0 0 0];

internalField   nonuniform List<vector> 
1800
(
(-0.0721068 0.069875 5.53928e-20)
(-0.0741938 0.106997 2.5479e-20)
(0.047375 0.0655724 9.69621e-21)
(0.264968 -0.03443 4.1405e-21)
(0.547427 -0.169383 1.06066e-19)
(0.858718 -0.316269 9.58428e-20)
(1.16274 -0.455438 -9.54824e-20)
(1.42963 -0.574363 -4.70102e-19)
(1.64821 -0.66091 -3.32474e-19)
(1.78416 -0.728375 -3.05478e-19)
(-0.0545223 0.0460904 2.00996e-20)
(-0.00673783 0.0454259 -1.04208e-19)
(0.17603 -0.0198729 3.88786e-22)
(0.458425 -0.128893 -1.12928e-19)
(0.796912 -0.25778 5.14373e-20)
(1.14331 -0.384865 2.82264e-19)
(1.45603 -0.494663 -3.61314e-19)
(1.70942 -0.57926 2.94406e-19)
(1.89488 -0.634068 6.70263e-19)
(2.01571 -0.682349 -3.88093e-19)
(-0.0296158 0.0233529 9.7632e-21)
(0.0852961 -0.0119039 3.07681e-20)
(0.343902 -0.096994 -2.81512e-20)
(0.696115 -0.208616 -1.12767e-20)
(1.08074 -0.323786 -3.0721e-19)
(1.43978 -0.425255 1.02255e-19)
(1.73447 -0.50421 2.89714e-19)
(1.94988 -0.558956 -2.2588e-20)
(2.0918 -0.591816 -4.46392e-21)
(2.16974 -0.613811 -9.0297e-21)
(0.00534798 0.00135341 -1.14984e-20)
(0.204896 -0.0624161 -3.60496e-20)
(0.548699 -0.1586 -4.07543e-20)
(0.964761 -0.262549 4.63812e-20)
(1.37453 -0.355616 9.13099e-20)
(1.71983 -0.427898 1.72938e-20)
(1.97512 -0.477258 -1.38109e-20)
(2.14207 -0.506444 4.04572e-19)
(2.23767 -0.517917 4.1222e-19)
(2.27808 -0.527761 -1.76234e-19)
(0.0524449 -0.0189874 8.71961e-20)
(0.351705 -0.102062 7.9816e-20)
(0.78111 -0.197593 -6.06836e-20)
(1.24367 -0.283495 -7.03208e-20)
(1.65258 -0.349872 -4.22633e-19)
(1.96239 -0.394883 5.38801e-21)
(2.16751 -0.421197 6.25994e-19)
(2.28556 -0.433272 2.33445e-19)
(2.34169 -0.435594 2.53859e-21)
(2.35608 -0.437565 -2.13207e-19)
(0.112074 -0.0354217 -7.28656e-20)
(0.520645 -0.125175 -2.93627e-21)
(1.02597 -0.207052 3.55031e-19)
(1.5113 -0.267229 -2.33392e-19)
(1.89684 -0.306478 -3.92946e-19)
(2.15945 -0.328627 8.61454e-19)
(2.31407 -0.33813 -7.55993e-19)
(2.38997 -0.339364 -9.99809e-19)
(2.41562 -0.335048 7.5943e-19)
(2.40959 -0.3338 -7.19337e-21)
(0.182822 -0.0452181 6.63264e-20)
(0.702791 -0.126701 -2.26578e-19)
(1.26679 -0.183579 -1.01689e-18)
(1.75189 -0.215288 5.71616e-19)
(2.09925 -0.23127 1.20879e-18)
(2.31142 -0.237412 -4.33732e-21)
(2.42023 -0.237739 -2.2613e-18)
(2.46179 -0.234908 1.7279e-20)
(2.46455 -0.230697 2.41301e-18)
(2.44532 -0.230047 6.4828e-19)
(0.261606 -0.0455842 3.71331e-20)
(0.886704 -0.10283 3.46519e-19)
(1.48845 -0.12677 9.29104e-19)
(1.95487 -0.131137 -7.4515e-20)
(2.2565 -0.12922 -9.12324e-19)
(2.42025 -0.125693 -3.38567e-19)
(2.49033 -0.122258 0)
(2.50569 -0.119271 9.19132e-19)
(2.49253 -0.116754 -1.40453e-20)
(2.46444 -0.118083 -8.22175e-19)
(0.344319 -0.0343737 2.78194e-20)
(1.0612 -0.0526701 5.71874e-19)
(1.68018 -0.0402072 1.08686e-18)
(2.11517 -0.0213708 -1.22369e-18)
(2.36919 -0.00796554 -1.05998e-18)
(2.48979 -0.00108117 3.72735e-19)
(2.52894 0.000991967 -1.69415e-18)
(2.52528 0.000377479 -1.26317e-18)
(2.50142 -0.00178902 1.50881e-18)
(2.4674 -0.00718438 1.30236e-18)
(0.425852 -0.0104013 4.83852e-20)
(1.2159 0.0220912 4.45242e-19)
(1.83404 0.0710182 2.393e-19)
(2.23017 0.108065 -2.0402e-18)
(2.43872 0.12736 2.21256e-20)
(2.52309 0.133176 3.80468e-18)
(2.53896 0.131118 -2.17037e-18)
(2.52254 0.125442 -1.22924e-18)
(2.49234 0.118179 4.34813e-19)
(2.4555 0.108488 -9.84667e-19)
(-0.00900248 0.0544857 8.96837e-20)
(-0.0526308 0.0811967 -5.66649e-20)
(-0.0993105 0.0634066 1.36817e-23)
(-0.139734 0.0212464 -1.27368e-20)
(-0.166966 -0.0331983 -2.16812e-21)
(-0.179536 -0.0922521 -1.30205e-19)
(-0.177947 -0.150354 -2.40496e-20)
(-0.163669 -0.202867 2.16929e-19)
(-0.139045 -0.245287 7.02563e-21)
(-0.105116 -0.273374 -1.57876e-20)
(-0.0185388 0.105435 -1.0236e-20)
(-0.0650878 0.171254 1.17494e-20)
(-0.107258 0.156802 -2.55591e-20)
(-0.139634 0.0982802 -1.33262e-20)
(-0.157631 0.0174212 -1.12585e-19)
(-0.16073 -0.0726474 -1.4887e-19)
(-0.149949 -0.16297 1.83221e-19)
(-0.127168 -0.246385 2.03559e-19)
(-0.094747 -0.315819 -3.36832e-19)
(-0.0547117 -0.363853 8.85359e-20)
(-0.0342748 0.148261 -8.23609e-20)
(-0.0871615 0.249449 5.11638e-20)
(-0.12366 0.239707 3.03359e-20)
(-0.144307 0.168032 5.01913e-20)
(-0.148061 0.0643179 2.21456e-20)
(-0.136178 -0.0534759 -3.00294e-19)
(-0.110734 -0.173485 -1.62488e-20)
(-0.0742197 -0.286398 4.02273e-19)
(-0.0291984 -0.382901 -4.58728e-19)
(0.0217971 -0.452027 -2.61325e-19)
(-0.0534507 0.179051 -1.28169e-19)
(-0.11412 0.309876 2.89602e-21)
(-0.143036 0.30665 3.6005e-20)
(-0.147843 0.22645 -1.5979e-19)
(-0.132082 0.105148 2.33804e-19)
(-0.0993175 -0.0354301 1.38347e-19)
(-0.052969 -0.181025 7.10717e-20)
(0.00337874 -0.320642 -1e-19)
(0.0664672 -0.443474 3.87469e-20)
(0.13505 -0.534766 -1.28199e-20)
(-0.0724283 0.194408 0)
(-0.140359 0.346419 8.30303e-20)
(-0.159452 0.35104 -1.64905e-19)
(-0.144348 0.267661 9.4644e-21)
(-0.103591 0.135119 -1.4894e-19)
(-0.0436784 -0.0221541 2.11415e-20)
(0.0305474 -0.187708 -3.26159e-21)
(0.114422 -0.349193 -1.53174e-19)
(0.203447 -0.495502 0)
(0.298742 -0.609105 -2.91759e-20)
(-0.0875317 0.193058 4.11873e-20)
(-0.160683 0.354683 -4.64748e-22)
(-0.167906 0.366861 -1.14484e-19)
(-0.129452 0.284642 2.1972e-19)
(-0.0592378 0.146673 -1.72107e-19)
(0.0335134 -0.0209428 -1.27319e-20)
(0.14209 -0.199727 2.70666e-19)
(0.25987 -0.376285 6.72605e-20)
(0.380657 -0.540042 -7.80225e-19)
(0.511725 -0.673824 -1.70502e-20)
(-0.0961278 0.177249 2.19848e-21)
(-0.170522 0.334869 -5.48319e-20)
(-0.164465 0.350805 1.51127e-19)
(-0.101246 0.271275 2.90053e-20)
(0.00200458 0.132447 1.06159e-19)
(0.132896 -0.0393434 -9.51165e-21)
(0.281484 -0.224321 -1.72578e-19)
(0.437934 -0.407589 -3.0608e-19)
(0.592017 -0.57904 4.56135e-19)
(0.762583 -0.724859 7.3763e-19)
(-0.0977147 0.152115 -6.2405e-20)
(-0.167942 0.291891 4.15641e-20)
(-0.145534 0.304443 1.99575e-19)
(-0.0548893 0.225967 -8.8173e-20)
(0.0845987 0.0883019 6.06325e-20)
(0.257276 -0.0831276 -8.34363e-21)
(0.449008 -0.267814 9.11233e-20)
(0.645502 -0.449095 -2.97606e-19)
(0.830496 -0.616556 -3.03596e-19)
(1.03449 -0.759201 5.78692e-19)
(-0.0933936 0.123488 -1.01432e-19)
(-0.151815 0.234414 -1.07853e-19)
(-0.107305 0.235259 -1.34116e-20)
(0.015785 0.153428 -7.08917e-20)
(0.19612 0.0166229 -2.65026e-21)
(0.413943 -0.150984 -4.13101e-20)
(0.649304 -0.328488 6.38902e-20)
(0.881982 -0.498525 -6.49356e-19)
(1.09125 -0.649866 -3.20528e-19)
(1.30915 -0.771512 4.70675e-19)
(-0.0846862 0.0955444 9.76185e-21)
(-0.121289 0.170883 -1.24908e-19)
(-0.0450728 0.152725 -1.06994e-19)
(0.119308 0.0630952 9.07952e-20)
(0.3473 -0.0733259 -6.84677e-20)
(0.612659 -0.233273 -5.11955e-20)
(0.887842 -0.395702 -1.63481e-19)
(1.14617 -0.544679 2.31189e-19)
(1.36871 -0.667791 -3.87052e-19)
(1.56703 -0.756885 -3.84512e-19)
(0.116325 -0.330355 2.57699e-19)
(0.544393 -0.247722 -1.97601e-19)
(0.74988 -0.187624 -2.54783e-20)
(0.879552 -0.144677 2.34412e-20)
(0.95224 -0.112169 -1.13397e-20)
(0.992679 -0.0859744 -9.45939e-21)
(1.01595 -0.0668597 -1.02913e-20)
(1.03098 -0.0480702 -2.14618e-21)
(1.03893 -0.0410284 1.10147e-20)
(1.04781 -0.0247852 2.00916e-21)
(0.164946 -0.458258 2.68353e-19)
(0.565552 -0.339821 1.1436e-19)
(0.766013 -0.239542 -1.38966e-21)
(0.89123 -0.173378 -2.26289e-20)
(0.961189 -0.128284 -4.49031e-20)
(0.999633 -0.0952189 0)
(1.02137 -0.0723623 -1.07333e-20)
(1.035 -0.0513018 3.83292e-21)
(1.04221 -0.0432826 3.0054e-22)
(1.04993 -0.0260058 -3.56757e-21)
(0.243196 -0.577417 -4.3363e-19)
(0.598314 -0.429708 -6.7617e-20)
(0.789357 -0.290852 3.80938e-20)
(0.906666 -0.201761 -2.92663e-21)
(0.97217 -0.144101 -1.81779e-21)
(1.00773 -0.104179 3.87255e-21)
(1.02743 -0.0775864 0)
(1.03938 -0.0543031 0)
(1.04571 -0.0453104 -4.73801e-21)
(1.05215 -0.0270703 0)
(0.361598 -0.683885 -6.65458e-20)
(0.64861 -0.514266 2.29065e-19)
(0.821192 -0.340637 -7.5522e-21)
(0.926134 -0.229479 0)
(0.985202 -0.159421 4.73531e-20)
(1.01693 -0.112725 -9.19465e-21)
(1.03413 -0.0824517 0)
(1.04411 -0.0570258 1.24548e-20)
(1.04943 -0.0470773 0)
(1.05445 -0.0279609 1.78151e-21)
(0.523644 -0.773104 -2.30677e-19)
(0.722607 -0.588137 1.75567e-19)
(0.863307 -0.387069 6.66888e-21)
(0.950177 -0.255915 0)
(1.00035 -0.174018 1.51684e-20)
(1.02721 -0.12074 1.95082e-20)
(1.04141 -0.0868879 3.51883e-21)
(1.04917 -0.0594264 4.65093e-22)
(1.05333 -0.048551 -3.43695e-21)
(1.05682 -0.0286617 1.62216e-21)
(0.726816 -0.842576 -1.47404e-18)
(0.823898 -0.646737 -3.41722e-19)
(0.917861 -0.427455 -4.57256e-21)
(0.979853 -0.27988 6.2699e-20)
(1.01791 -0.187471 -2.57902e-20)
(1.03859 -0.128072 1.10685e-20)
(1.04922 -0.0908265 2.09475e-20)
(1.0545 -0.061467 -2.28783e-20)
(1.05738 -0.0497033 -8.30606e-23)
(1.05925 -0.0291605 -2.72196e-21)
(0.957093 -0.891945 1.85148e-19)
(0.94941 -0.689361 1.08151e-19)
(0.985613 -0.459952 -1.67215e-20)
(1.01646 -0.300068 -2.06204e-21)
(1.03852 -0.199109 -4.24711e-20)
(1.05123 -0.13444 3.22547e-21)
(1.05759 -0.0941555 -9.36211e-21)
(1.0601 -0.0630987 -2.17927e-21)
(1.06155 -0.0505041 3.07363e-21)
(1.0617 -0.0294481 -1.03051e-21)
(1.19512 -0.919127 1.96566e-19)
(1.08878 -0.717613 1.67818e-19)
(1.06322 -0.484741 0)
(1.06006 -0.316111 9.53786e-21)
(1.06292 -0.208475 3.6674e-20)
(1.06557 -0.139553 -3.94221e-22)
(1.06664 -0.0967334 -3.33691e-20)
(1.06598 -0.0642557 9.24281e-21)
(1.0658 -0.0509162 -1.44869e-22)
(1.06416 -0.0295155 -1.46075e-21)
(1.42219 -0.919598 -2.30061e-19)
(1.23009 -0.731088 -4.51691e-19)
(1.1437 -0.502167 9.71975e-20)
(1.1078 -0.328474 -7.4776e-21)
(1.09078 -0.215724 -1.61094e-21)
(1.08195 -0.143424 -3.30232e-20)
(1.07668 -0.0985625 1.07178e-20)
(1.07229 -0.0649395 2.53176e-22)
(1.0702 -0.0509356 -1.62142e-21)
(1.06664 -0.0293605 4.06137e-22)
(1.62472 -0.892788 1.48605e-19)
(1.36384 -0.727785 -4.24456e-19)
(1.22086 -0.51062 -3.14511e-20)
(1.15466 -0.336872 -8.65119e-20)
(1.11966 -0.220929 -4.71528e-20)
(1.09963 -0.146116 -2.17753e-20)
(1.08762 -0.0997039 -8.16219e-21)
(1.07911 -0.0652007 0)
(1.07479 -0.0506079 -3.69254e-21)
(1.06916 -0.0289836 3.39802e-21)
(1.88513 -0.830735 -1.16945e-19)
(1.53653 -0.694661 8.73646e-20)
(1.31966 -0.500483 -2.00227e-19)
(1.21128 -0.335217 1.55975e-20)
(1.15423 -0.219938 1.55594e-20)
(1.1215 -0.14465 -1.36738e-20)
(1.10164 -0.0980529 -6.96138e-21)
(1.088 -0.0638195 6.85983e-21)
(1.08071 -0.0491733 -3.38248e-21)
(1.07238 -0.0281237 -1.23186e-21)
(1.88096 -0.705472 7.98702e-20)
(1.51599 -0.559622 -5.11484e-20)
(1.31984 -0.402152 8.17216e-20)
(1.22288 -0.279071 -1.53839e-20)
(1.16803 -0.18995 7.0284e-20)
(1.13409 -0.128264 4.90317e-20)
(1.11196 -0.0885015 3.27172e-20)
(1.09565 -0.0582027 -3.51584e-21)
(1.08648 -0.0453431 1.15675e-20)
(1.07562 -0.0261073 2.83252e-21)
(1.90065 -0.576247 -1.69335e-19)
(1.60208 -0.487489 -2.48081e-20)
(1.40332 -0.369382 1.90296e-20)
(1.28247 -0.261352 3.19256e-36)
(1.20544 -0.177458 -3.18503e-21)
(1.1565 -0.118712 -1.32942e-34)
(1.12567 -0.0811976 1.93549e-24)
(1.10416 -0.0530959 -7.23793e-35)
(1.0923 -0.041277 2.55974e-22)
(1.07869 -0.023811 -8.45041e-22)
(1.89229 -0.471802 -3.95912e-34)
(1.62165 -0.396342 1.77552e-20)
(1.42879 -0.295904 -3.26531e-20)
(1.30698 -0.211433 0)
(1.22591 -0.146729 -3.05362e-20)
(1.17168 -0.100174 -2.19767e-20)
(1.13631 -0.0695873 -1.49437e-20)
(1.11125 -0.0458844 -3.30499e-36)
(1.09735 -0.0359804 -4.91211e-21)
(1.08132 -0.0209158 6.58472e-22)
(1.8877 -0.376317 -1.02884e-19)
(1.64811 -0.320813 8.77406e-21)
(1.4597 -0.242718 0)
(1.33257 -0.174822 0)
(1.24513 -0.121447 0)
(1.1851 -0.0827761 0)
(1.14542 -0.0575362 2.32051e-22)
(1.11721 -0.0379765 7.98585e-37)
(1.1016 -0.0299894 1.17231e-22)
(1.08344 -0.0175938 6.58241e-35)
(1.88522 -0.294915 -1.82208e-20)
(1.6658 -0.247855 0)
(1.48 -0.183186 0)
(1.34908 -0.130974 0)
(1.2578 -0.0914436 0)
(1.19421 -0.062774 0)
(1.15171 -0.043982 -6.42679e-22)
(1.1213 -0.0291805 7.74671e-21)
(1.10449 -0.0233411 5.6105e-23)
(1.08467 -0.0138844 1.76451e-21)
(1.87761 -0.221222 0)
(1.66825 -0.178001 -7.52633e-21)
(1.48322 -0.126159 -2.28918e-20)
(1.35051 -0.0882619 0)
(1.25866 -0.0613958 -1.49462e-20)
(1.19454 -0.0422777 -1.06096e-20)
(1.15136 -0.0298591 -7.90723e-21)
(1.12024 -0.0199441 -4.40447e-21)
(1.10305 -0.0162871 4.84039e-21)
(1.08237 -0.00990036 -6.82697e-22)
(1.81231 -0.149397 9.38547e-21)
(1.60772 -0.107728 1.1948e-20)
(1.43025 -0.0693805 -9.27335e-21)
(1.30527 -0.0465742 -1.52347e-36)
(1.22121 -0.0323416 3.33407e-21)
(1.16318 -0.0224195 -7.38704e-35)
(1.12393 -0.0160326 -9.7402e-22)
(1.09544 -0.0108354 -1.22719e-21)
(1.07958 -0.00920921 -3.97528e-23)
(1.05994 -0.00582974 -5.82059e-23)
(1.49208 -0.0799214 -4.23989e-20)
(1.31877 -0.0416669 1.61136e-20)
(1.18746 -0.0153226 1.95719e-20)
(1.10244 -0.00668192 0)
(1.04753 -0.00507518 9.14648e-21)
(1.00933 -0.00426651 5.9795e-21)
(0.982933 -0.00357154 2.87208e-21)
(0.96346 -0.00266093 2.41909e-21)
(0.952311 -0.00279938 -2.8549e-21)
(0.937621 -0.00209821 4.55344e-22)
(0.604859 -0.00537771 0)
(0.528444 0.00257643 0)
(0.500419 0.00568109 0)
(0.495316 0.00447499 0)
(0.493988 0.00261019 0)
(0.491259 0.00150193 0)
(0.48824 0.00088596 -1.16287e-21)
(0.485244 0.000499939 3.13983e-36)
(0.483139 0.000194048 -9.71285e-23)
(0.478607 -3.2021e-05 -9.16359e-23)
(2.37596 0.091972 9.34736e-19)
(2.38864 -0.0103232 6.17231e-20)
(2.39862 -0.108351 -1.17612e-19)
(2.38246 -0.208499 -3.67542e-19)
(2.3748 -0.302157 -1.01783e-19)
(2.32618 -0.399916 -1.72248e-19)
(2.30962 -0.483664 -5.50725e-19)
(2.21155 -0.580737 1.44926e-19)
(2.19318 -0.643142 0)
(1.99201 -0.74933 1.7073e-19)
(2.27954 0.0761681 2.73412e-19)
(2.29006 -0.0118994 -3.56721e-19)
(2.31028 -0.0813033 -4.41993e-20)
(2.29514 -0.17505 -1.57899e-19)
(2.30133 -0.237874 8.19382e-20)
(2.26108 -0.340098 1.99627e-19)
(2.25513 -0.390107 -1.61559e-19)
(2.19379 -0.50341 5.0002e-20)
(2.16928 -0.533408 -8.75258e-20)
(2.09847 -0.659911 8.75776e-20)
(2.21448 0.0589189 -1.30345e-19)
(2.22594 -0.0190165 2.7308e-19)
(2.24248 -0.0687511 2.04241e-19)
(2.2343 -0.154048 -2.94491e-19)
(2.23331 -0.196167 3.44474e-20)
(2.20951 -0.289646 3.08931e-19)
(2.18917 -0.320713 2.7474e-21)
(2.15772 -0.421131 8.29307e-22)
(2.11547 -0.438625 2.4087e-20)
(2.08484 -0.545802 3.85789e-20)
(2.16449 0.0378585 -2.82072e-19)
(2.17848 -0.0272488 -1.4232e-21)
(2.18961 -0.0655267 -4.82944e-20)
(2.18834 -0.136563 -4.74707e-20)
(2.18081 -0.168953 -1.10715e-19)
(2.16721 -0.244713 -1.18386e-19)
(2.14001 -0.269507 1.80074e-19)
(2.11873 -0.347383 1.58714e-20)
(2.07393 -0.363024 1.30536e-20)
(2.04881 -0.443238 2.03414e-20)
(2.12279 0.0174112 5.60178e-20)
(2.13814 -0.0343476 1.01665e-19)
(2.1466 -0.0654597 -5.18756e-20)
(2.14889 -0.120917 2.48996e-19)
(2.14011 -0.147841 -1.95427e-20)
(2.13014 -0.205392 -2.19848e-19)
(2.10416 -0.226723 3.45915e-20)
(2.08416 -0.284347 -1.16127e-19)
(2.04432 -0.298065 1.07654e-19)
(2.01745 -0.356707 7.61456e-20)
(2.08562 -0.00277609 -1.5268e-19)
(2.10113 -0.0423562 -7.67353e-20)
(2.10914 -0.0676735 2.12521e-20)
(2.11272 -0.109099 1.13904e-19)
(2.10574 -0.13109 1.65697e-19)
(2.09714 -0.172942 -6.40302e-20)
(2.07547 -0.190112 5.47133e-21)
(2.056 -0.231081 1.48788e-20)
(2.02246 -0.241532 4.93019e-20)
(1.99524 -0.282733 -6.8054e-20)
(2.04355 -0.0214893 -5.82637e-20)
(2.05773 -0.0505735 -1.19493e-19)
(2.06551 -0.0700723 -1.10574e-19)
(2.06942 -0.0997017 -2.11543e-19)
(2.06485 -0.116131 2.12042e-20)
(2.0584 -0.145405 2.86404e-20)
(2.04147 -0.157293 3.68367e-20)
(2.02605 -0.185508 1.99946e-20)
(1.99794 -0.191308 -6.2027e-20)
(1.97682 -0.219765 -8.01495e-21)
(1.95531 -0.0369525 5.44743e-20)
(1.96448 -0.0560452 4.39738e-20)
(1.96785 -0.0688428 1.90844e-20)
(1.97056 -0.0877703 -3.69497e-20)
(1.96425 -0.0978804 -3.27884e-20)
(1.96223 -0.116459 2.11839e-21)
(1.94587 -0.122362 -2.45402e-20)
(1.94222 -0.140415 5.87878e-21)
(1.91479 -0.140905 -6.59053e-21)
(1.91416 -0.159787 4.72835e-20)
(1.67861 -0.0448309 -4.70756e-20)
(1.67183 -0.0538291 -1.20013e-22)
(1.66069 -0.0596608 8.83576e-20)
(1.6523 -0.0677171 -4.12273e-21)
(1.63582 -0.0713184 -2.07312e-20)
(1.63047 -0.0788485 3.62518e-20)
(1.60858 -0.0795337 -1.65828e-20)
(1.61148 -0.0871918 7.80539e-22)
(1.58084 -0.0841606 1.9253e-20)
(1.59986 -0.0934011 6.06036e-20)
(0.852012 -0.0159247 4.36001e-20)
(0.825582 -0.0151222 3.31198e-20)
(0.80065 -0.0141041 3.10505e-20)
(0.777125 -0.0132729 4.62929e-20)
(0.754676 -0.0122108 -2.06556e-20)
(0.736225 -0.0116073 -1.93246e-20)
(0.716357 -0.0107839 4.87311e-21)
(0.706273 -0.0105739 -6.52923e-22)
(0.684673 -0.00900755 7.13088e-22)
(0.692859 -0.0119731 -1.13877e-21)
(1.50985 0.885734 -7.41336e-20)
(1.49213 0.93073 2.83006e-20)
(1.49322 0.9831 -5.64377e-19)
(1.49981 1.04294 2.46535e-19)
(1.50479 1.10651 1.05311e-18)
(1.4999 1.16653 -1.54884e-19)
(1.46481 1.20264 -9.76429e-19)
(1.35248 1.16627 -4.14109e-20)
(1.07763 0.965093 -4.94114e-19)
(0.511181 0.472035 1.4203e-19)
(1.67234 0.857032 0)
(1.65986 0.901215 6.78834e-19)
(1.65744 0.95046 1.5041e-18)
(1.66345 1.00831 -9.10834e-19)
(1.67178 1.07105 -2.14113e-18)
(1.67076 1.12999 -1.56749e-19)
(1.63493 1.16357 -1.99419e-19)
(1.50967 1.12372 7.1794e-19)
(1.19916 0.922688 1.00919e-18)
(0.564647 0.445378 4.39365e-19)
(1.82137 0.822358 7.08157e-20)
(1.81892 0.865841 0)
(1.81875 0.911952 -7.20661e-20)
(1.82576 0.965175 9.30601e-19)
(1.83637 1.02317 5.82704e-20)
(1.83732 1.07722 -2.15702e-18)
(1.79844 1.10525 1.34745e-18)
(1.65769 1.06068 8.30588e-19)
(1.31006 0.862527 -8.89801e-19)
(0.610755 0.409465 -2.98227e-19)
(1.9509 0.77361 -1.61904e-19)
(1.95944 0.815646 -1.22939e-19)
(1.96621 0.858777 2.6735e-19)
(1.97747 0.90721 -3.31677e-19)
(1.99118 0.959507 -1.55935e-18)
(1.9932 1.00708 -1.19364e-18)
(1.94917 1.02802 1.27687e-18)
(1.79041 0.978278 8.03076e-19)
(1.40427 0.785235 0)
(0.645347 0.364193 0)
(2.06512 0.711415 -9.16246e-19)
(2.08313 0.750448 -1.6282e-18)
(2.0978 0.789829 -6.35468e-19)
(2.11451 0.833079 -3.72672e-20)
(2.13139 0.878945 0)
(2.13301 0.919043 1.52951e-19)
(2.08122 0.931754 1.79452e-19)
(1.90069 0.876175 2.24224e-19)
(1.47404 0.691369 -3.2808e-19)
(0.664532 0.310825 -8.25813e-20)
(2.16331 0.633222 1.10032e-18)
(2.18982 0.668564 -4.69596e-20)
(2.21243 0.703901 -1.29185e-18)
(2.23488 0.741932 0)
(2.25442 0.781138 0)
(2.25389 0.812382 0)
(2.19015 0.816275 1.52978e-18)
(1.98262 0.757665 -1.69944e-18)
(1.51503 0.584377 -1.09832e-18)
(0.66661 0.251393 -9.90987e-21)
(2.24987 0.543777 -1.46853e-18)
(2.28213 0.574216 -3.08023e-18)
(2.31068 0.604617 -5.33364e-21)
(2.33742 0.636672 6.16441e-19)
(2.35775 0.668172 -4.41216e-20)
(2.35117 0.690751 1.32999e-18)
(2.26987 0.686603 -7.17759e-19)
(2.03109 0.625583 -2.02816e-18)
(1.52407 0.467466 1.6347e-19)
(0.650465 0.189437 1.15638e-19)
(2.32244 0.442444 -1.18327e-18)
(2.35906 0.46756 1.86603e-20)
(2.39177 0.492795 4.51474e-19)
(2.42078 0.518681 -4.3275e-19)
(2.43882 0.542622 6.60622e-19)
(2.42156 0.556756 1.81164e-18)
(2.31751 0.545405 -2.16219e-19)
(2.04344 0.484347 -1.11044e-18)
(1.49912 0.34625 2.68729e-19)
(0.616517 0.128812 4.86191e-20)
(2.38265 0.335272 4.4409e-19)
(2.42073 0.354976 9.64733e-20)
(2.45485 0.374313 -4.71814e-19)
(2.48311 0.393346 -1.07424e-18)
(2.49486 0.40935 9.88469e-20)
(2.46162 0.415197 9.74918e-20)
(2.32883 0.398032 -1.47601e-18)
(2.01582 0.340331 5.85742e-19)
(1.43858 0.227334 1.78158e-19)
(0.565905 0.0732238 -1.3309e-19)
(2.42638 0.221615 8.65189e-19)
(2.46515 0.236499 -1.29465e-18)
(2.49877 0.249975 2.07877e-19)
(2.52319 0.262307 2.595e-18)
(2.52401 0.270949 1.30428e-18)
(2.46866 0.26995 -2.79241e-18)
(2.3009 0.249886 -2.67361e-18)
(1.94647 0.200074 1.22223e-18)
(1.34345 0.11717 -6.2372e-21)
(0.501225 0.0259644 -5.35896e-21)
(0.523684 0.317478 -1.7046e-19)
(0.48455 0.329237 -1.67609e-19)
(0.4403 0.34184 7.67692e-20)
(0.391601 0.355356 -2.54186e-19)
(0.338231 0.369642 -2.42274e-20)
(0.279414 0.383654 2.34529e-19)
(0.214292 0.393082 4.52693e-20)
(0.143498 0.38491 -8.53405e-21)
(0.0739889 0.329075 1.44821e-20)
(0.0145982 0.171907 1.59327e-20)
(0.562717 0.421391 1.41291e-19)
(0.524304 0.439504 1.83304e-19)
(0.481463 0.459053 4.62632e-20)
(0.434536 0.480136 -6.01357e-20)
(0.383082 0.502535 -2.46274e-19)
(0.32613 0.524687 -8.27677e-21)
(0.262214 0.540313 9.32123e-20)
(0.19033 0.530871 3.02559e-20)
(0.114098 0.454181 -1.05405e-19)
(0.0355647 0.236679 -3.60468e-20)
(0.620437 0.519329 -1.29787e-19)
(0.583311 0.543235 -1.20176e-19)
(0.542639 0.569048 1.14014e-19)
(0.49835 0.597083 8.84653e-20)
(0.449754 0.627193 -7.75171e-20)
(0.395623 0.657393 -5.12332e-20)
(0.333596 0.679491 -1.06145e-19)
(0.260156 0.66945 -4.86925e-20)
(0.173697 0.573119 -5.946e-20)
(0.0665345 0.297982 2.13511e-21)
(0.693417 0.612806 5.35221e-20)
(0.657905 0.642842 -4.20055e-20)
(0.620289 0.674864 -9.65634e-20)
(0.579658 0.709413 -2.05961e-20)
(0.534883 0.746385 -7.69329e-20)
(0.484445 0.783349 7.50374e-21)
(0.42494 0.81028 -2.37348e-19)
(0.349678 0.798149 2.10481e-20)
(0.250127 0.68223 -2.93305e-19)
(0.106196 0.35347 5.13414e-20)
(0.781666 0.693277 -4.9605e-21)
(0.748263 0.728235 6.73416e-21)
(0.714498 0.765537 -4.95574e-20)
(0.678741 0.806163 -2.42021e-19)
(0.639286 0.849951 1.09792e-19)
(0.593975 0.893853 -3.39897e-21)
(0.537862 0.925993 8.81076e-20)
(0.460231 0.912574 -1.15115e-19)
(0.343844 0.779083 3.58773e-19)
(0.154282 0.402047 2.65832e-19)
(0.884161 0.770073 -6.17738e-20)
(0.85274 0.809797 -1.48852e-19)
(0.822545 0.850919 6.92178e-20)
(0.791183 0.895514 1.0046e-19)
(0.756814 0.943892 3.19952e-19)
(0.716914 0.992491 2.15037e-19)
(0.664706 1.02746 5.68691e-19)
(0.584603 1.0107 2.43198e-19)
(0.449306 0.859913 1.68846e-19)
(0.20823 0.441282 2.10893e-19)
(0.995204 0.824318 -1.08285e-19)
(0.968902 0.868546 5.13647e-19)
(0.945798 0.914101 3.30421e-19)
(0.921749 0.963182 -4.0782e-19)
(0.894092 1.01614 -2.04909e-19)
(0.859943 1.06921 6.15375e-19)
(0.810966 1.10713 -1.07755e-19)
(0.726466 1.08803 -3.95953e-19)
(0.568029 0.922934 -2.17142e-20)
(0.267819 0.470586 2.44038e-19)
(1.11144 0.878008 2.62599e-19)
(1.08561 0.923117 6.03647e-20)
(1.06699 0.969321 -7.22596e-19)
(1.05056 1.02047 1.2843e-19)
(1.03206 1.07633 5.08225e-19)
(1.00667 1.13179 -3.07306e-19)
(0.963137 1.16983 -8.22789e-20)
(0.874861 1.14575 -1.66348e-19)
(0.691957 0.96656 1.68712e-20)
(0.329401 0.48851 -3.11437e-19)
(1.23971 0.898633 2.18301e-20)
(1.22355 0.947809 -5.16057e-19)
(1.21197 0.995421 -4.21028e-21)
(1.20075 1.0479 4.2855e-19)
(1.18759 1.1063 -4.33274e-19)
(1.16782 1.16477 8.54626e-19)
(1.1273 1.20409 5.82607e-19)
(1.03253 1.17676 -8.82261e-19)
(0.821315 0.987511 -5.84707e-20)
(0.391993 0.494306 -3.31505e-19)
(1.34047 0.91165 -2.98584e-19)
(1.3351 0.961457 -2.8775e-19)
(1.34035 1.01089 2.89376e-19)
(1.34399 1.06451 6.98662e-19)
(1.34244 1.12285 2.63029e-19)
(1.33134 1.18036 -7.02129e-19)
(1.29468 1.21723 6.31058e-20)
(1.19254 1.18466 1.9233e-19)
(0.950881 0.987373 -2.62816e-19)
(0.453201 0.488782 -2.36273e-19)
(0.932694 0.0141081 2.1155e-21)
(1.05495 0.0352658 -1.86761e-20)
(1.00452 0.0611284 -1.57159e-20)
(1.026 0.0812493 0)
(1.02474 0.0942185 2.23699e-20)
(0.999533 0.111569 3.06492e-20)
(0.976414 0.128776 4.05983e-20)
(0.920156 0.160057 8.61635e-20)
(0.847851 0.204969 -1.24449e-19)
(0.694293 0.258732 -1.76272e-19)
(0.932704 0.0121639 3.98796e-20)
(1.05376 0.0325792 -6.14989e-20)
(1.00348 0.0594057 5.31588e-23)
(1.0262 0.0813867 -2.00617e-20)
(1.02685 0.0977011 1.11301e-20)
(1.00407 0.11714 -1.52426e-20)
(0.983259 0.141093 -9.57003e-20)
(0.932776 0.178649 0)
(0.861698 0.241444 2.56992e-19)
(0.7275 0.327121 -2.75373e-19)
(0.932439 0.0104284 -3.18138e-20)
(1.05328 0.0300424 1.71714e-20)
(1.00268 0.0576548 4.37867e-20)
(1.02713 0.081313 1.12403e-20)
(1.02932 0.100671 -2.65353e-20)
(1.00991 0.122507 1.26574e-21)
(0.990556 0.152603 -6.60678e-20)
(0.949383 0.197158 -5.67037e-21)
(0.877999 0.276768 7.80317e-23)
(0.774684 0.392916 7.33927e-19)
(0.931926 0.00885122 -3.12227e-20)
(1.05343 0.0276245 2.71279e-21)
(1.0021 0.0558755 3.58997e-20)
(1.02874 0.0810719 2.21919e-20)
(1.03226 0.103089 -1.29215e-20)
(1.01689 0.127775 -1.70045e-20)
(0.99864 0.163083 9.60128e-20)
(0.969582 0.215776 -1.64504e-21)
(0.897066 0.30999 -2.83338e-19)
(0.835254 0.454794 8.58592e-20)
(0.931193 0.00738695 2.21346e-20)
(1.05414 0.0252927 -3.32993e-20)
(1.0017 0.0540668 -2.84435e-20)
(1.03094 0.0806756 1.28591e-20)
(1.03579 0.104942 0)
(1.02481 0.133013 0)
(1.008 0.172321 8.05241e-20)
(0.992634 0.234877 3.22145e-22)
(0.919642 0.340172 -1.29917e-19)
(0.907687 0.512043 9.70181e-20)
(0.930276 0.00598083 5.98585e-21)
(1.05532 0.0230101 2.74776e-20)
(1.00146 0.0522288 -7.47305e-20)
(1.03368 0.0801054 -2.64899e-20)
(1.04005 0.10625 -5.04424e-22)
(1.0334 0.138249 7.01594e-20)
(1.0192 0.180084 1.2351e-19)
(1.01781 0.254877 -7.56048e-22)
(0.94572 0.365846 2.13208e-19)
(0.993117 0.566776 -2.20525e-19)
(0.9292 0.00459328 -2.60021e-20)
(1.05693 0.0207436 1.47056e-20)
(1.00137 0.0503629 -1.93344e-20)
(1.0369 0.0793134 -5.49163e-20)
(1.04513 0.107076 1.68261e-21)
(1.04242 0.143396 -1.62607e-21)
(1.0329 0.186362 -7.06569e-21)
(1.04364 0.275273 -2.32953e-19)
(0.979366 0.387026 1.57397e-19)
(1.07973 0.60969 -5.31176e-19)
(0.927947 0.00319748 -3.19958e-21)
(1.05894 0.0184469 -4.34863e-20)
(1.00147 0.0484621 3.91109e-20)
(1.04063 0.0782312 3.03969e-20)
(1.05109 0.107505 9.01791e-22)
(1.05174 0.148268 -8.07653e-20)
(1.04927 0.191223 -6.65739e-20)
(1.07073 0.295928 4.13294e-19)
(1.01488 0.404311 1.39082e-20)
(1.18805 0.664834 8.38578e-19)
(0.926371 0.00180019 1.66891e-20)
(1.06145 0.0160843 2.00459e-20)
(1.00186 0.0465333 4.3043e-20)
(1.045 0.0768148 -3.30833e-20)
(1.05796 0.107642 -8.60316e-20)
(1.0613 0.152569 1.36511e-21)
(1.06912 0.194288 -9.0669e-20)
(1.09578 0.314781 5.36114e-19)
(1.07086 0.407244 -8.60026e-21)
(1.26274 0.683478 -1.16013e-18)
(0.924134 0.000507277 9.77337e-22)
(1.06471 0.0137548 3.1649e-20)
(1.00262 0.0447236 1.51911e-20)
(1.05022 0.0752952 -6.72419e-20)
(1.06534 0.108187 -8.15014e-20)
(1.07089 0.156665 -6.75728e-20)
(1.08827 0.202181 -1.62869e-19)
(1.11889 0.335083 -4.8644e-19)
(1.12294 0.431742 -2.6257e-19)
(1.39296 0.751191 -1.23864e-18)
(0.920423 -0.00179367 -2.86805e-21)
(1.06936 0.0100227 -7.13791e-21)
(1.00465 0.0405609 -1.61851e-20)
(1.05657 0.0708598 3.263e-20)
(1.07669 0.104291 5.80502e-20)
(1.08506 0.15612 -4.4952e-20)
(1.11924 0.19243 1.48441e-19)
(1.15684 0.344362 -4.55012e-19)
(1.19234 0.378921 -1.96674e-19)
(1.4057 0.741128 6.66122e-19)
(0.918912 -0.00590948 4.30529e-21)
(1.07377 0.00437433 1.57851e-20)
(1.01053 0.0329326 -9.56556e-21)
(1.06459 0.0625137 6.38352e-20)
(1.09052 0.0960642 9.32061e-20)
(1.09942 0.147149 1.32558e-19)
(1.15906 0.175426 3.1755e-20)
(1.17494 0.331605 2.28663e-19)
(1.28539 0.328166 3.35769e-19)
(1.44766 0.643007 1.40368e-20)
(0.917866 -0.0105867 -3.29152e-21)
(1.07889 -0.00230523 -4.14225e-21)
(1.01828 0.024762 2.45855e-21)
(1.07425 0.0532793 5.9122e-21)
(1.10307 0.0871068 2.70348e-34)
(1.11716 0.133943 -8.05246e-21)
(1.18726 0.158289 -5.73813e-34)
(1.19756 0.309777 2.01225e-20)
(1.35131 0.268168 -5.74048e-20)
(1.49527 0.557777 -5.65283e-20)
(0.916731 -0.0164043 1.53385e-20)
(1.08542 -0.0106155 -4.65147e-35)
(1.02743 0.0157887 -2.90503e-21)
(1.08502 0.043455 -2.82914e-20)
(1.11391 0.0768697 -4.16363e-20)
(1.13817 0.11837 -4.43486e-20)
(1.20088 0.140822 -7.10303e-34)
(1.23522 0.279861 -9.06891e-20)
(1.3867 0.21257 -1.54376e-19)
(1.52067 0.475215 9.75512e-20)
(0.915378 -0.0236508 0)
(1.09397 -0.0203746 8.3574e-35)
(1.03838 0.00484846 0)
(1.09649 0.0330015 0)
(1.12385 0.0649511 0)
(1.15894 0.101914 0)
(1.20716 0.121482 -4.50139e-34)
(1.2774 0.242795 0)
(1.40211 0.167622 -2.10234e-20)
(1.53404 0.390715 5.78322e-20)
(0.913792 -0.0322648 4.78804e-21)
(1.10462 -0.0318887 8.34913e-21)
(1.05128 -0.00389486 -3.84199e-21)
(1.10872 0.024111 0)
(1.13361 0.052587 0)
(1.17649 0.0849883 6.89893e-21)
(1.21307 0.100507 3.62094e-20)
(1.31089 0.200673 -1.51112e-20)
(1.41131 0.13146 -3.08897e-20)
(1.54441 0.307902 2.19967e-19)
(0.912683 -0.0461486 -7.35858e-20)
(1.11826 -0.0488866 -2.40928e-21)
(1.06524 -0.0178402 -4.26119e-21)
(1.11848 0.0130543 -1.49027e-20)
(1.14077 0.0388458 -1.89324e-20)
(1.18855 0.0667103 -1.22033e-20)
(1.21899 0.0790074 -2.87448e-20)
(1.3317 0.154944 -3.48854e-20)
(1.41975 0.100831 -5.84449e-20)
(1.55218 0.229403 7.70414e-20)
(0.914956 -0.0526223 -8.73902e-21)
(1.1253 -0.0574134 -1.73428e-20)
(1.0644 -0.0211004 -4.73873e-21)
(1.11337 0.00843623 -5.38555e-21)
(1.13218 0.0272675 1.89803e-35)
(1.1838 0.0480034 7.4229e-21)
(1.21097 0.0576941 -9.46766e-34)
(1.33698 0.106952 -1.50899e-20)
(1.41265 0.0722039 1.94042e-20)
(1.55689 0.155132 2.69538e-20)
(0.920704 -0.0898097 1.89763e-19)
(1.07275 -0.085367 -3.15168e-21)
(0.969368 -0.0387232 -4.89434e-21)
(1.0089 -0.00227091 1.0907e-20)
(1.02486 0.0123979 8.65592e-21)
(1.08226 0.0281355 1.67044e-20)
(1.109 0.034966 1.18509e-20)
(1.25621 0.0601159 -8.07412e-21)
(1.30264 0.0444879 -1.97271e-20)
(1.4923 0.0856901 1.40111e-19)
(0.813835 -0.0449888 1.04361e-20)
(0.746434 -0.034672 -9.02486e-35)
(0.554507 -0.0108715 -5.98745e-21)
(0.566117 -0.00150232 0)
(0.564644 0.00208935 0)
(0.605023 0.00629538 7.58521e-21)
(0.638215 0.00592465 -7.59949e-36)
(0.744708 0.0122189 -1.49354e-20)
(0.78777 0.00721683 -2.85989e-20)
(0.936551 0.015759 5.81437e-20)
(1.61096 0.776081 -1.98895e-19)
(1.71181 0.757415 -2.98703e-19)
(1.82396 0.728077 0)
(1.92741 0.683031 1.40419e-19)
(2.02243 0.626157 6.29234e-19)
(2.10455 0.554786 -1.31258e-19)
(2.18088 0.475267 1.7277e-18)
(2.24433 0.385523 -8.36384e-20)
(2.30133 0.291723 -4.00808e-19)
(2.342 0.191154 3.66229e-19)
(1.64139 0.633502 9.61741e-20)
(1.71602 0.617444 1.2012e-19)
(1.80252 0.590012 -1.07419e-20)
(1.88523 0.547371 2.10772e-19)
(1.96431 0.497621 -1.7807e-19)
(2.03196 0.435924 -4.25026e-19)
(2.0984 0.373474 -1.25826e-19)
(2.15213 0.299565 5.89551e-19)
(2.20663 0.230256 -2.34835e-20)
(2.24213 0.148128 -5.16578e-19)
(1.66865 0.524659 1.05752e-19)
(1.73145 0.505012 1.93003e-19)
(1.80039 0.479449 -3.81272e-19)
(1.86791 0.442276 8.20309e-20)
(1.93512 0.401194 5.22236e-19)
(1.99435 0.349453 -2.8298e-19)
(2.05366 0.299889 -6.22632e-19)
(2.10175 0.237984 -2.40404e-19)
(2.15011 0.18432 3.60309e-19)
(2.18123 0.113183 -2.86592e-19)
(1.67773 0.43332 3.769e-20)
(1.73635 0.411754 0)
(1.79731 0.387542 2.33455e-20)
(1.85606 0.355157 2.0727e-19)
(1.91464 0.320674 3.5786e-19)
(1.96779 0.276894 1.74546e-19)
(2.02041 0.235679 -8.56019e-20)
(2.06428 0.183117 -2.66948e-19)
(2.10659 0.13934 1.82465e-19)
(2.13652 0.0799187 9.1472e-20)
(1.68142 0.349915 1.25254e-20)
(1.73707 0.32941 -7.81679e-20)
(1.79307 0.306828 -1.4847e-19)
(1.84589 0.27846 7.09612e-20)
(1.89741 0.248977 8.58449e-22)
(1.94509 0.21225 1.10711e-19)
(1.99168 0.1778 1.87314e-19)
(2.03221 0.134553 -1.89808e-19)
(2.06975 0.0990191 3.42778e-21)
(2.09876 0.0513073 2.27369e-19)
(1.682 0.271772 -2.47289e-19)
(1.73419 0.253607 -3.2198e-19)
(1.78568 0.233499 6.25165e-20)
(1.83366 0.20913 2.5082e-19)
(1.87965 0.18409 -4.87558e-20)
(1.92274 0.153967 -1.04475e-19)
(1.9646 0.12562 1.51695e-19)
(2.0022 0.0911006 -7.20435e-20)
(2.03633 0.0621956 -1.9258e-19)
(2.06396 0.0248069 -8.95673e-20)
(1.67877 0.199102 4.54921e-20)
(1.72699 0.18364 5.77529e-21)
(1.77401 0.166233 -8.71338e-21)
(1.81749 0.14566 1.69221e-19)
(1.85879 0.124653 2.40774e-19)
(1.89751 0.1005 -2.55163e-19)
(1.93491 0.0777656 -9.43773e-20)
(1.96872 0.0511773 1.797e-19)
(1.99918 0.0283573 1.32208e-19)
(2.02409 0.000141581 3.89709e-20)
(1.66586 0.131208 -1.55883e-19)
(1.70706 0.118446 9.1305e-21)
(1.74675 0.103609 3.24402e-19)
(1.78284 0.0864984 7.27106e-21)
(1.81662 0.0692608 -8.52012e-20)
(1.84756 0.0505968 1.7251e-20)
(1.87693 0.0332559 -1.32434e-19)
(1.9026 0.0140983 5.75952e-20)
(1.92509 -0.00249142 8.95465e-20)
(1.94256 -0.0218885 1.25215e-19)
(1.56808 0.069293 -2.90955e-19)
(1.59392 0.0592032 -1.88611e-20)
(1.61714 0.0469842 1.99621e-19)
(1.63634 0.0334811 -1.00817e-19)
(1.65256 0.0203686 -1.88063e-19)
(1.66514 0.00744622 -2.99171e-20)
(1.67541 -0.00419736 1.64588e-19)
(1.68164 -0.0159204 9.02474e-20)
(1.68471 -0.026103 -1.97048e-20)
(1.68345 -0.0367152 -1.06468e-20)
(0.985135 0.00762143 2.97337e-20)
(0.99294 0.00133498 -3.24714e-21)
(0.994664 -0.00470692 2.3808e-21)
(0.990591 -0.0098719 0)
(0.981333 -0.0135692 2.58329e-19)
(0.967145 -0.0158902 -1.62225e-21)
(0.949294 -0.0169449 -1.75246e-19)
(0.927769 -0.0173876 1.12185e-19)
(0.904093 -0.0172022 -1.57497e-19)
(0.878151 -0.0168217 -1.35273e-19)
(0.632307 0.012309 -1.48656e-20)
(1.62595 -0.0277686 4.15527e-19)
(2.23997 -0.0556604 -3.50637e-21)
(2.53587 -0.0595868 -1.79554e-19)
(2.6416 -0.0463885 2.93306e-19)
(2.65534 -0.0253017 2.41032e-19)
(2.62571 -0.00228905 0)
(2.56109 0.0195299 6.26124e-19)
(2.43907 0.0369852 -1.23994e-18)
(2.20563 0.0450191 -6.56733e-20)
(0.516114 0.0485387 9.51699e-22)
(1.46314 0.0606817 1.55629e-19)
(2.12938 0.0525444 6.97094e-21)
(2.49268 0.0489972 1.31386e-20)
(2.64717 0.054732 2.86987e-19)
(2.68794 0.0660098 -3.65425e-19)
(2.67068 0.0787172 -3.06296e-19)
(2.61043 0.0893527 -1.77107e-19)
(2.48759 0.0943273 6.23482e-19)
(2.25065 0.0879706 -6.26561e-19)
(0.384339 0.0646553 5.12569e-20)
(1.23621 0.121927 5.09025e-20)
(1.9385 0.138697 -1.72511e-19)
(2.37893 0.1417 2.79799e-19)
(2.59977 0.144266 1.49377e-18)
(2.68289 0.148489 9.0156e-19)
(2.68948 0.152934 -1.08364e-18)
(2.64426 0.155027 -1.07563e-18)
(2.5373 0.151473 -2.14489e-21)
(2.32324 0.136598 2.30301e-19)
(0.252762 0.0608638 5.12351e-20)
(0.960712 0.148025 2.98286e-19)
(1.66504 0.19287 -3.88027e-19)
(2.18264 0.210427 -3.65356e-19)
(2.48735 0.217131 -2.59846e-21)
(2.63293 0.219769 -2.32206e-19)
(2.67909 0.220489 6.9211e-19)
(2.66149 0.217889 -5.32475e-21)
(2.58108 0.210133 -1.135e-18)
(2.41245 0.192282 -3.78951e-19)
(0.136443 0.0417876 6.66542e-21)
(0.666707 0.136426 2.80133e-19)
(1.31847 0.206405 -4.8491e-19)
(1.89242 0.246008 -1.81735e-19)
(2.29183 0.265238 4.41084e-19)
(2.52208 0.273084 -3.7049e-21)
(2.62952 0.274484 -4.26065e-19)
(2.6548 0.271138 -2.69979e-20)
(2.61867 0.262947 1.2804e-19)
(2.50146 0.243761 -1.1004e-19)
(0.0459865 0.0150309 1.54274e-19)
(0.393918 0.0944344 -1.88698e-19)
(0.932189 0.176664 -1.81181e-19)
(1.50855 0.240666 4.05383e-19)
(1.99054 0.281682 -2.24509e-19)
(2.32454 0.303771 3.7589e-20)
(2.51872 0.31399 3.16275e-20)
(2.60916 0.315474 -2.74048e-19)
(2.61816 0.312632 -1.09941e-20)
(2.57968 0.309158 3.34872e-19)
(-0.0142434 -0.0115553 3.92969e-20)
(0.175178 0.0375993 -1.92227e-19)
(0.562026 0.112582 3.62042e-19)
(1.06514 0.190882 1.43854e-19)
(1.57391 0.255707 -2.31922e-19)
(2.00134 0.301218 1.84287e-20)
(2.30883 0.328655 3.91598e-19)
(2.49488 0.343415 -3.55743e-19)
(2.58807 0.348395 -2.17283e-19)
(2.5964 0.348675 8.94967e-20)
(-0.0451691 -0.0303386 8.888e-20)
(0.0253075 -0.0149897 2.27977e-19)
(0.261392 0.0352834 1.3447e-19)
(0.634898 0.107228 -2.76381e-19)
(1.08761 0.183436 -3.74636e-20)
(1.54474 0.250784 1.96307e-20)
(1.94393 0.304119 -8.19476e-20)
(2.25281 0.339943 -6.51074e-20)
(2.44337 0.364511 6.91961e-21)
(2.59411 0.394355 -7.36136e-20)
(-0.0522371 -0.0374223 -4.61839e-20)
(-0.0594885 -0.0554064 -3.57916e-21)
(0.0542011 -0.0434601 -2.84414e-20)
(0.287672 0.000641713 -9.28212e-20)
(0.625377 0.0671944 -1.63467e-21)
(1.02846 0.143802 8.74561e-20)
(1.44451 0.219263 8.84602e-20)
(1.83215 0.288504 -1.00838e-19)
(2.14772 0.336744 -8.50682e-20)
(2.35857 0.39118 4.94838e-21)
(-0.0475757 -0.0404974 -6.88491e-21)
(-0.0978592 -0.102092 0)
(-0.0643367 -0.140804 -6.3926e-21)
(0.0616831 -0.13913 -3.32888e-21)
(0.279916 -0.099516 9.65216e-21)
(0.578232 -0.0304864 2.46701e-22)
(0.932626 0.0555835 3.29462e-19)
(1.30532 0.150498 3.02025e-19)
(1.68593 0.237482 -1.80023e-19)
(1.96914 0.314006 -4.43034e-19)
(-0.0516522 -0.0585315 -8.663e-21)
(-0.124972 -0.184996 0)
(-0.128456 -0.278266 -9.08809e-20)
(-0.0568624 -0.314063 3.6834e-20)
(0.0841066 -0.295952 -2.5913e-20)
(0.288182 -0.236014 -3.45932e-20)
(0.546829 -0.145312 9.0946e-20)
(0.848881 -0.0343858 4.30951e-19)
(1.1544 0.0874844 7.15585e-21)
(1.54247 0.212175 1.26493e-20)
(-0.0749718 -0.106577 -2.60905e-21)
(-0.16759 -0.309093 -9.59357e-20)
(-0.186395 -0.440167 3.98801e-23)
(-0.136644 -0.488821 -4.45383e-20)
(-0.0326 -0.470205 5.08273e-20)
(0.115212 -0.402939 -3.46318e-19)
(0.299981 -0.300271 5.06434e-19)
(0.52451 -0.175991 -2.10066e-19)
(0.749332 -0.0317329 -1.43301e-19)
(1.09821 0.137015 -9.22487e-20)
(-0.104003 -0.172775 2.70521e-21)
(-0.215263 -0.429078 -5.8043e-21)
(-0.248285 -0.561606 -7.74254e-20)
(-0.219448 -0.592158 8.66559e-20)
(-0.147143 -0.553121 4.62824e-19)
(-0.0426358 -0.469251 -1.47563e-19)
(0.0881667 -0.354133 -2.83371e-19)
(0.245602 -0.216077 -1.63814e-20)
(0.413637 -0.0507373 3.89926e-22)
(0.678097 0.125663 -8.52324e-21)
(-0.118091 -0.223886 3.33597e-21)
(-0.241849 -0.487012 2.28207e-20)
(-0.292936 -0.588576 5.47651e-20)
(-0.293569 -0.584196 -3.58177e-20)
(-0.261185 -0.51812 -1.11698e-19)
(-0.204489 -0.415649 -2.21197e-20)
(-0.126142 -0.288264 8.62521e-21)
(-0.025182 -0.141357 -1.5673e-19)
(0.090803 0.0236665 3.89685e-20)
(0.257316 0.175549 -1.53744e-20)
(-0.108757 -0.236781 -7.85056e-20)
(-0.231399 -0.470358 -5.62988e-20)
(-0.296305 -0.536671 6.49853e-20)
(-0.323405 -0.506913 9.24646e-20)
(-0.3247 -0.427326 1.95753e-19)
(-0.306443 -0.320995 -3.99652e-21)
(-0.270363 -0.199009 -1.34288e-20)
(-0.216469 -0.0692893 -1.11815e-19)
(-0.144186 0.0572083 -6.85673e-20)
(-0.0467795 0.162791 -1.30877e-19)
(-0.0834839 -0.214266 7.55441e-20)
(-0.191332 -0.40527 1.34296e-19)
(-0.259334 -0.449173 -1.49863e-19)
(-0.29949 -0.413544 -4.84821e-20)
(-0.317954 -0.33939 4.27132e-20)
(-0.319104 -0.246953 9.81719e-20)
(-0.304975 -0.146744 -7.93774e-21)
(-0.276606 -0.0468885 -2.84156e-19)
(-0.234636 0.0434532 1.43518e-19)
(-0.179386 0.114038 6.09051e-20)
(-0.0549116 -0.170645 -1.87549e-20)
(-0.142342 -0.316942 -1.375e-20)
(-0.207225 -0.349041 3.13702e-20)
(-0.252637 -0.32096 1.74555e-20)
(-0.2791 -0.264722 4.6626e-20)
(-0.28884 -0.196227 -2.50087e-22)
(-0.283882 -0.123936 -3.34552e-19)
(-0.266432 -0.0540844 6.84589e-20)
(-0.238887 0.00726832 6.96725e-19)
(-0.201469 0.0543171 2.50414e-19)
(-0.0307698 -0.116794 -5.31817e-20)
(-0.098923 -0.218544 -1.56747e-19)
(-0.158804 -0.244762 8.14261e-20)
(-0.206156 -0.231602 9.44364e-20)
(-0.237109 -0.200278 -6.73555e-20)
(-0.251859 -0.161161 -6.0159e-20)
(-0.251814 -0.119617 0)
(-0.23927 -0.0793228 2.01729e-19)
(-0.217015 -0.0435267 -5.04764e-20)
(-0.185199 -0.0153544 -3.33925e-19)
(-0.0145854 -0.0591952 4.41979e-20)
(-0.0683817 -0.117049 -2.99459e-20)
(-0.123372 -0.139968 -2.00182e-20)
(-0.170689 -0.144928 -6.34076e-20)
(-0.203758 -0.141796 -8.2776e-20)
(-0.221338 -0.134897 4.08578e-20)
(-0.224117 -0.126008 -2.75882e-19)
(-0.213988 -0.116011 -2.72608e-19)
(-0.193608 -0.105546 4.31946e-19)
(-0.163053 -0.0955561 3.76065e-19)
(-0.00738384 -0.00127751 2.08046e-20)
(-0.0530713 -0.0161039 3.103e-20)
(-0.103754 -0.0365067 1.18934e-20)
(-0.148932 -0.0604119 -5.71952e-21)
(-0.181068 -0.0864193 2.59967e-20)
(-0.198314 -0.112704 4.47339e-20)
(-0.200982 -0.137366 5.91389e-21)
(-0.190638 -0.158488 -3.75516e-21)
(-0.169727 -0.174151 -2.56974e-19)
(-0.138567 -0.182896 -2.87563e-19)
(2.20925 0.608684 3.62098e-19)
(1.8132 0.379457 3.12261e-20)
(1.29995 0.173363 1.48898e-19)
(1.05723 0.0684787 3.43114e-20)
(0.988752 0.0131576 1.0536e-21)
(0.982653 -0.00846609 1.85818e-21)
(0.993378 -0.014737 1.15902e-21)
(1.0083 -0.0134706 1.38614e-21)
(1.01825 -0.0129286 8.82214e-21)
(1.03319 -0.00799718 0)
(1.86487 0.585809 -2.617e-19)
(1.4371 0.434005 1.15315e-19)
(1.09123 0.223151 1.83627e-20)
(0.986021 0.0792099 5.49441e-20)
(0.969805 0.0110265 -2.49759e-21)
(0.979365 -0.0123324 -5.34371e-22)
(0.994216 -0.0184508 3.03657e-22)
(1.01012 -0.016468 6.50373e-21)
(1.02012 -0.0157888 3.2612e-21)
(1.03474 -0.00981637 -3.85845e-21)
(1.33649 0.558705 6.56347e-19)
(1.00684 0.460531 2.62469e-19)
(0.925228 0.228367 -4.03083e-20)
(0.934874 0.0722829 -7.50547e-21)
(0.955543 0.00548401 1.4117e-21)
(0.976321 -0.0171759 -2.7604e-21)
(0.994712 -0.0226278 1.49771e-21)
(1.01147 -0.0196718 7.73535e-21)
(1.02149 -0.0187206 -8.14449e-21)
(1.03573 -0.0116452 -8.96778e-22)
(0.750701 0.510486 9.31676e-19)
(0.686546 0.440632 -3.81607e-20)
(0.829286 0.196819 3.62535e-21)
(0.903145 0.052582 -4.5124e-21)
(0.94598 -0.00592946 -4.77766e-22)
(0.974637 -0.0239547 -1.07574e-21)
(0.995528 -0.0274254 7.64013e-21)
(1.01288 -0.0230637 -2.11531e-22)
(1.0229 -0.0216692 -3.95254e-21)
(1.03675 -0.0134593 2.45235e-21)
(0.311645 0.422421 -9.09557e-19)
(0.536731 0.370729 1.42466e-19)
(0.780938 0.142282 1.11406e-21)
(0.883938 0.0263201 2.37837e-22)
(0.940111 -0.0189669 4.62156e-21)
(0.97407 -0.0315649 3.65435e-21)
(0.996762 -0.0325808 -2.86546e-21)
(1.0145 -0.0265716 -2.38106e-21)
(1.02447 -0.0246123 -1.04067e-22)
(1.03789 -0.0152511 -7.16856e-22)
(0.0911846 0.313936 -1.11216e-19)
(0.496336 0.266963 1.35694e-19)
(0.755738 0.0818178 -6.48586e-21)
(0.87265 -0.00176367 3.18729e-21)
(0.936946 -0.033191 -1.01577e-20)
(0.97452 -0.0398541 -4.99087e-22)
(0.998482 -0.038035 -1.11902e-20)
(1.01639 -0.0301717 7.42411e-22)
(1.02627 -0.0275388 -3.15464e-21)
(1.03918 -0.0170112 0)
(0.0282349 0.194096 4.4393e-19)
(0.496681 0.153313 -4.27643e-20)
(0.742162 0.0239332 -1.32671e-22)
(0.866762 -0.030139 1.90522e-21)
(0.936027 -0.0482195 -1.22526e-20)
(0.975999 -0.0486478 7.62619e-21)
(1.00075 -0.0437035 6.45837e-21)
(1.0186 -0.0338247 -5.13218e-21)
(1.0283 -0.0304266 -2.13988e-22)
(1.04062 -0.0187258 2.57289e-21)
(0.0339627 0.0684241 -3.5871e-19)
(0.506778 0.0443327 -1.81286e-20)
(0.735908 -0.0305629 -2.99424e-22)
(0.864931 -0.0586206 3.04074e-21)
(0.937163 -0.0638179 2.70918e-21)
(0.978535 -0.0577896 4.08874e-21)
(1.00361 -0.0495019 9.59454e-21)
(1.02115 -0.0374872 -2.25445e-21)
(1.03057 -0.0332494 4.54072e-22)
(1.04221 -0.0203787 2.21965e-21)
(0.0577057 -0.0626118 -1.16726e-19)
(0.517961 -0.0573808 1.04316e-19)
(0.735344 -0.083313 -4.81297e-22)
(0.866534 -0.0872042 -3.82571e-20)
(0.940258 -0.0797798 5.29586e-21)
(0.982149 -0.0671393 -1.45818e-21)
(1.00708 -0.055348 -9.33103e-22)
(1.02406 -0.041114 -2.20138e-21)
(1.0331 -0.0359784 -4.36817e-21)
(1.04394 -0.0219522 4.31167e-22)
(0.0841563 -0.197213 4.4484e-20)
(0.529821 -0.153983 -8.60665e-21)
(0.739919 -0.135541 2.28163e-21)
(0.871388 -0.115909 1.44003e-20)
(0.945279 -0.0959471 2.49232e-20)
(0.986857 -0.0765741 2.20024e-21)
(1.01119 -0.061161 7.72765e-21)
(1.02733 -0.0446579 -5.93213e-21)
(1.03589 -0.0385823 3.94714e-21)
(1.04582 -0.0234275 3.55233e-21)
(0.0600536 0.00985199 1.9068e-20)
(-0.0495021 -0.00260695 1.52909e-20)
(0.106576 -0.0103529 -4.13421e-20)
(0.211522 -0.00501831 4.11213e-21)
(0.261246 -0.00171019 8.14943e-22)
(0.280298 -0.000590375 2.64415e-22)
(0.289513 -0.000260062 3.75097e-21)
(0.294984 -0.000131895 -4.32666e-22)
(0.298296 -8.65412e-05 -2.39359e-21)
(0.301813 -6.47489e-05 1.05207e-21)
(0.769754 0.13528 1.91821e-19)
(0.396737 -0.0101094 -4.60282e-20)
(0.494791 -0.0631284 -3.05466e-20)
(0.602357 -0.0353752 5.10083e-21)
(0.660412 -0.0144257 -6.5074e-21)
(0.686701 -0.00610719 5.08547e-22)
(0.702482 -0.00334295 1.56894e-21)
(0.714196 -0.00207015 -2.5216e-22)
(0.721736 -0.00159016 1.10184e-21)
(0.730766 -0.000925526 4.75734e-22)
(1.67279 0.347147 -4.10438e-20)
(1.04766 0.0614744 3.04984e-20)
(0.868225 -0.0669095 -1.79656e-20)
(0.855258 -0.0466071 1.80451e-34)
(0.872099 -0.0208931 5.38779e-22)
(0.886703 -0.0104495 0)
(0.900704 -0.00692842 1.28213e-21)
(0.914359 -0.00486357 -1.99327e-34)
(0.923566 -0.0040962 3.57979e-36)
(0.936081 -0.00242248 1.49436e-21)
(2.27224 0.541687 -6.93447e-19)
(1.59824 0.184382 -2.61807e-20)
(1.18964 -0.0263217 0)
(1.01512 -0.0387753 7.874e-20)
(0.966787 -0.0206734 0)
(0.961697 -0.0125941 0)
(0.970915 -0.0100559 0)
(0.984489 -0.00773948 -9.59776e-22)
(0.99407 -0.00692589 5.06859e-23)
(1.00828 -0.00419739 -4.83232e-22)
(2.46964 0.639815 4.79242e-19)
(2.01378 0.336795 -2.97753e-20)
(1.46614 0.0894917 0)
(1.13247 0.0177451 -6.85026e-20)
(1.0125 -0.00198471 2.45661e-20)
(0.986283 -0.0098499 0)
(0.990778 -0.0121958 0)
(1.00391 -0.0105731 -2.4644e-21)
(1.01351 -0.00993306 -1.15772e-22)
(1.02832 -0.00610765 -7.46761e-23)
(0.283981 0.00053232 -1.37404e-20)
(0.276928 0.00083743 -1.41525e-20)
(0.288011 0.0014018 1.60987e-20)
(0.287151 0.00309796 7.11302e-20)
(0.308814 0.00386244 1.09043e-19)
(0.307404 0.00735851 4.80579e-20)
(0.312869 0.00805945 4.76018e-20)
(0.321672 0.0140282 -2.13546e-20)
(0.292571 0.0166433 6.19949e-21)
(0.315595 0.02314 1.46286e-20)
(0.791306 0.00884591 -2.35377e-20)
(0.781603 0.0127173 -2.21799e-21)
(0.822782 0.0197909 -1.74702e-20)
(0.839475 0.0288106 1.5502e-19)
(0.928338 0.0372981 -5.09959e-21)
(0.962624 0.0609665 7.35754e-20)
(1.01296 0.0620286 -1.66375e-20)
(1.14204 0.113822 1.9578e-21)
(1.06635 0.103148 -4.43409e-20)
(1.31994 0.189937 -5.9882e-20)
(1.23032 0.020969 -1.67113e-19)
(1.2293 0.0306796 9.70264e-21)
(1.29907 0.0484029 -1.05551e-19)
(1.34575 0.0670556 4.64679e-22)
(1.49434 0.0889294 9.49334e-21)
(1.55943 0.139394 -4.26383e-21)
(1.69372 0.140103 -1.30815e-20)
(1.86888 0.244289 -8.34583e-20)
(1.84113 0.226683 -4.92624e-20)
(2.17966 0.360813 -8.85315e-20)
(1.59394 0.0321199 1.24547e-19)
(1.6088 0.0490305 8.40257e-20)
(1.69602 0.0783224 -1.17309e-19)
(1.7789 0.107906 3.05565e-19)
(1.94894 0.149339 2.93803e-21)
(2.02601 0.200747 -8.73853e-20)
(2.25264 0.248723 8.07769e-20)
(2.28183 0.31221 1.0494e-19)
(2.46879 0.363997 -4.66467e-20)
(2.52892 0.434105 1.72305e-19)
(1.88215 0.0402164 9.09542e-19)
(1.91666 0.0674364 -8.23177e-20)
(2.01169 0.107106 3.77688e-19)
(2.12443 0.150538 6.06204e-19)
(2.2686 0.202735 1.31969e-19)
(2.38658 0.258312 -9.50205e-20)
(2.52599 0.327873 -4.10808e-19)
(2.53325 0.351355 3.12574e-20)
(2.68753 0.43936 1.42557e-19)
(2.33282 0.384851 -2.06877e-20)
(1.03207 -0.473353 4.11711e-20)
(1.01897 -0.516272 -1.57144e-20)
(1.01628 -0.560927 -2.42357e-19)
(1.01301 -0.609964 -1.53219e-19)
(1.00359 -0.663479 5.58309e-19)
(0.984493 -0.718699 1.1224e-19)
(0.945667 -0.764006 -2.71526e-19)
(0.860486 -0.767028 3.25319e-19)
(0.679194 -0.659189 -7.47201e-20)
(0.320203 -0.338411 -2.72187e-19)
(0.953443 -0.441606 -4.83052e-21)
(0.9338 -0.482095 1.98531e-20)
(0.915309 -0.522184 1.50285e-19)
(0.893896 -0.56607 -2.10747e-19)
(0.86851 -0.615493 -4.93028e-19)
(0.837436 -0.667803 5.63673e-20)
(0.791878 -0.711249 6.29759e-20)
(0.709703 -0.71488 -1.56144e-19)
(0.552315 -0.614635 2.94691e-19)
(0.256441 -0.315358 -1.53626e-19)
(0.839339 -0.40812 -2.8409e-20)
(0.809587 -0.443023 0)
(0.782599 -0.478774 3.03436e-20)
(0.755919 -0.518758 1.44762e-19)
(0.727296 -0.563502 -2.11461e-20)
(0.693317 -0.609891 -1.55844e-19)
(0.646022 -0.647369 2.30409e-19)
(0.568832 -0.648593 -3.62108e-22)
(0.434697 -0.556436 -1.02059e-19)
(0.19777 -0.285206 1.59845e-19)
(0.750209 -0.342773 -5.3262e-21)
(0.719777 -0.373099 -2.24749e-21)
(0.689814 -0.405348 -1.81994e-20)
(0.65791 -0.441025 1.24476e-20)
(0.62198 -0.480318 9.09112e-20)
(0.579776 -0.521091 -1.69523e-20)
(0.526169 -0.554815 -1.12171e-20)
(0.449941 -0.557846 1.82009e-19)
(0.333508 -0.480176 0)
(0.146346 -0.246717 0)
(0.665579 -0.274801 2.07774e-19)
(0.631491 -0.300284 2.17304e-19)
(0.596044 -0.32732 7.73648e-20)
(0.557876 -0.357026 1.14707e-20)
(0.515905 -0.389718 0)
(0.468703 -0.423697 -5.22289e-20)
(0.412538 -0.45177 -6.441e-20)
(0.339952 -0.454408 -7.73215e-20)
(0.241485 -0.391063 1.22099e-19)
(0.100136 -0.200978 3.25289e-20)
(0.600891 -0.188802 -2.05306e-19)
(0.565351 -0.207876 1.01696e-20)
(0.52688 -0.22887 1.85177e-19)
(0.485054 -0.252359 0)
(0.439113 -0.278455 0)
(0.387738 -0.305891 0)
(0.328245 -0.329305 -1.13588e-19)
(0.256498 -0.333911 1.049e-19)
(0.169869 -0.288951 1.0427e-19)
(0.0631835 -0.148832 3.52924e-20)
(0.548561 -0.0979055 3.92914e-19)
(0.511225 -0.111373 5.1937e-19)
(0.469908 -0.126407 8.24448e-22)
(0.42467 -0.143166 -8.27932e-20)
(0.375031 -0.161623 6.10382e-21)
(0.320001 -0.180899 -1.20749e-19)
(0.257967 -0.197472 4.03045e-20)
(0.187526 -0.201928 1.60452e-19)
(0.111425 -0.17519 -3.94928e-20)
(0.0333717 -0.0899691 -2.47352e-20)
(0.515229 0.00177344 1.77235e-19)
(0.47678 -0.00531458 1.41194e-21)
(0.433465 -0.0135392 -6.47439e-20)
(0.385792 -0.0229334 6.17e-20)
(0.333533 -0.0335226 -9.1611e-20)
(0.275918 -0.044949 -1.862e-19)
(0.212025 -0.0555966 3.48046e-21)
(0.142224 -0.0613547 9.46687e-20)
(0.0728372 -0.0547515 -2.81649e-20)
(0.0136073 -0.0276081 -7.66905e-21)
(0.499515 0.105432 -5.71303e-20)
(0.460329 0.104586 2.45418e-20)
(0.415869 0.103222 6.10082e-20)
(0.366869 0.101385 1.756e-19)
(0.313195 0.0990264 7.14177e-21)
(0.254151 0.0960353 5.6813e-21)
(0.189127 0.0920554 9.74462e-20)
(0.119413 0.0855238 -6.88078e-20)
(0.053314 0.0715503 -2.34374e-20)
(0.00358352 0.0380006 -2.21043e-20)
(0.502295 0.211603 -2.27439e-19)
(0.462866 0.217109 3.23912e-21)
(0.418081 0.222784 2.07038e-19)
(0.368728 0.228676 0)
(0.314678 0.234675 8.98902e-20)
(0.255233 0.240192 1.14313e-20)
(0.189804 0.242885 9.14495e-20)
(0.119771 0.235475 3.34795e-20)
(0.0536418 0.200519 9.74573e-20)
(0.0038749 0.10508 5.58694e-20)
(2.18076 -0.000654861 8.51345e-19)
(2.38588 -0.0228323 -1.12631e-19)
(2.4944 -0.0527958 -7.91231e-19)
(2.5553 -0.0861984 7.90573e-19)
(2.58936 -0.120475 -3.48558e-20)
(2.5914 -0.152724 -2.64478e-18)
(2.51967 -0.175663 2.8138e-20)
(2.27848 -0.175299 1.64992e-18)
(1.72103 -0.132852 4.70267e-19)
(0.720618 -0.0398356 3.49666e-19)
(2.16113 -0.0466919 6.42334e-19)
(2.31896 -0.0843877 -8.04632e-19)
(2.4057 -0.126883 -2.06428e-19)
(2.45835 -0.171854 5.20665e-19)
(2.49187 -0.217342 1.63238e-18)
(2.50189 -0.260771 -3.44538e-19)
(2.45265 -0.293891 -2.42799e-18)
(2.25433 -0.298226 3.80513e-19)
(1.75176 -0.244318 -5.76322e-19)
(0.774347 -0.101174 7.84099e-20)
(2.11591 -0.101107 3.942e-19)
(2.22617 -0.151608 9.52351e-19)
(2.29253 -0.20378 -7.89676e-19)
(2.3368 -0.257403 -8.81907e-19)
(2.36742 -0.311774 1.63516e-19)
(2.38018 -0.365354 1.22307e-18)
(2.34437 -0.409179 2.06502e-19)
(2.17758 -0.41811 -1.08791e-18)
(1.72668 -0.353332 -1.56417e-19)
(0.793071 -0.164365 -5.70213e-20)
(2.03132 -0.163611 -3.22873e-20)
(2.10669 -0.222548 -2.32292e-19)
(2.15805 -0.281294 6.71383e-19)
(2.19464 -0.341057 -1.01173e-18)
(2.22071 -0.402035 4.78803e-19)
(2.23277 -0.462915 -4.40663e-19)
(2.20406 -0.514158 -8.61626e-19)
(2.05945 -0.529365 1.20761e-18)
(1.6544 -0.455353 -1.17836e-19)
(0.780271 -0.223283 -2.07564e-19)
(1.91206 -0.233328 9.90192e-20)
(1.96802 -0.296029 1.89635e-19)
(2.00909 -0.357626 8.73064e-20)
(2.03784 -0.4202 -2.30026e-19)
(2.05767 -0.484775 1.71233e-19)
(2.06651 -0.55032 1.19989e-18)
(2.0407 -0.606741 -1.49175e-18)
(1.91187 -0.624448 -1.64057e-18)
(1.54623 -0.54181 4.66704e-20)
(0.741587 -0.274172 -1.29668e-19)
(1.77864 -0.303434 -2.99744e-19)
(1.82278 -0.366085 -6.12113e-19)
(1.85318 -0.427148 -1.14881e-18)
(1.87178 -0.489715 -1.48064e-19)
(1.88352 -0.555504 5.65501e-19)
(1.88738 -0.623378 9.40938e-19)
(1.86164 -0.68236 1.02358e-18)
(1.74425 -0.700608 1.82653e-19)
(1.41444 -0.609884 -7.9977e-19)
(0.684056 -0.313709 -4.77034e-19)
(1.64536 -0.366522 -1.12525e-19)
(1.67664 -0.426401 1.29091e-18)
(1.693 -0.484326 9.06857e-19)
(1.69945 -0.544934 -1.502e-18)
(1.70262 -0.610364 -7.53681e-19)
(1.70113 -0.678885 4.68823e-19)
(1.67401 -0.738416 1.52606e-19)
(1.56524 -0.755214 -7.60693e-19)
(1.26831 -0.657378 9.5413e-19)
(0.614737 -0.340657 -8.64563e-20)
(1.51406 -0.41436 3.85123e-19)
(1.52733 -0.469236 -6.21184e-20)
(1.527 -0.522606 -1.75538e-19)
(1.52178 -0.580925 4.71628e-19)
(1.518 -0.645876 8.21633e-19)
(1.51205 -0.714424 -3.60396e-20)
(1.48315 -0.773337 -2.47207e-19)
(1.38156 -0.787778 -2.14537e-19)
(1.1156 -0.684223 2.14303e-20)
(0.539218 -0.354977 5.09133e-19)
(1.37569 -0.442707 -5.27483e-20)
(1.36598 -0.491139 -3.09541e-19)
(1.35169 -0.540604 -4.19224e-21)
(1.34034 -0.598174 3.9347e-19)
(1.33383 -0.663455 -5.63942e-19)
(1.32509 -0.731618 1.06147e-18)
(1.29437 -0.788798 6.31982e-19)
(1.19926 -0.800112 -6.498e-19)
(0.963 -0.692447 -2.137e-19)
(0.462551 -0.358111 2.43342e-19)
(1.21712 -0.45572 -1.92104e-19)
(1.18806 -0.499077 -1.9492e-19)
(1.1722 -0.548029 -6.80396e-22)
(1.16427 -0.605854 5.76097e-19)
(1.15857 -0.669704 9.17757e-20)
(1.14684 -0.734437 -7.82392e-19)
(1.1133 -0.787129 3.95395e-19)
(1.02389 -0.794179 2.15784e-19)
(0.816184 -0.684436 -2.70007e-19)
(0.388852 -0.352338 1.31515e-19)
(0.917268 0.0659251 -8.87568e-20)
(1.12867 0.0791694 -2.01363e-21)
(1.04495 0.0658906 -7.63169e-22)
(1.05695 0.0498471 -5.4159e-22)
(1.01758 0.0380623 1.63068e-21)
(0.990703 0.0299605 -1.23126e-21)
(0.93973 0.00809465 -1.34874e-21)
(0.951936 -0.0272629 1.03685e-20)
(0.864639 -0.101983 -4.20363e-20)
(1.08749 -0.312733 -1.68334e-19)
(0.920161 0.0563333 5.21657e-20)
(1.114 0.0725567 -6.25302e-21)
(1.03774 0.0682385 -3.74219e-22)
(1.05316 0.0567421 -3.76015e-21)
(1.01869 0.0455441 -5.94546e-21)
(0.993639 0.0393559 7.89759e-21)
(0.939285 0.0195234 -4.91551e-21)
(0.949751 -0.00848021 -1.25135e-20)
(0.846629 -0.0797277 -1.06222e-21)
(0.997385 -0.257142 -6.90055e-19)
(0.922784 0.0481356 6.10337e-20)
(1.10137 0.0667364 1.58792e-20)
(1.03065 0.0694926 3.19025e-21)
(1.04849 0.0625704 -1.63403e-20)
(1.01852 0.0525548 2.34903e-21)
(0.994761 0.0489896 -1.32006e-20)
(0.938121 0.0291729 -8.27545e-22)
(0.943344 0.00850931 0)
(0.826014 -0.0628026 -2.43791e-20)
(0.928261 -0.230562 -6.39576e-20)
(0.924956 0.0410608 -3.79196e-20)
(1.0908 0.0614469 1.33474e-20)
(1.02463 0.0698308 7.82567e-22)
(1.04393 0.0674145 1.39476e-23)
(1.0182 0.0590792 3.15156e-20)
(0.994963 0.0585782 -2.2637e-20)
(0.938904 0.0395787 1.25315e-21)
(0.934154 0.0280599 -9.34659e-21)
(0.816067 -0.0388048 -3.12539e-20)
(0.853804 -0.182756 1.98372e-19)
(0.926807 0.0350261 -2.24924e-21)
(1.08195 0.0566339 5.40903e-22)
(1.01967 0.0694873 -3.40702e-22)
(1.03974 0.0713848 1.92467e-20)
(1.01811 0.0651552 -3.68348e-21)
(0.994619 0.0678667 2.21046e-20)
(0.941634 0.051009 4.16244e-20)
(0.924654 0.0470985 -9.79615e-21)
(0.81175 -0.00957173 1.05847e-20)
(0.791259 -0.13283 1.07544e-19)
(0.928418 0.0299214 2.7535e-21)
(1.07458 0.0522533 1.91786e-20)
(1.01561 0.068646 1.4211e-20)
(1.03597 0.0745597 -1.6661e-20)
(1.01838 0.0708463 -2.79196e-20)
(0.994031 0.0766837 1.60187e-20)
(0.945892 0.0632376 9.18782e-21)
(0.916213 0.0659981 1.72252e-20)
(0.811581 0.0230363 -3.73393e-21)
(0.740272 -0.0769316 1.77964e-20)
(0.929801 0.0256179 0)
(1.06851 0.0482554 -2.64842e-20)
(1.01231 0.0674535 6.93709e-22)
(1.03268 0.0770074 -1.07845e-21)
(1.01903 0.0761985 -3.07641e-20)
(0.993554 0.0848843 -2.12135e-21)
(0.951187 0.0760816 -1.86961e-20)
(0.91 0.0848545 2.90063e-20)
(0.814383 0.057935 6.39666e-21)
(0.70248 -0.0154415 -1.61622e-19)
(0.930939 0.0219923 0)
(1.06362 0.0445962 0)
(1.00965 0.0660298 -1.60637e-20)
(1.02996 0.0788077 5.00063e-20)
(1.02003 0.0812295 -9.82962e-22)
(0.993566 0.0924213 2.77292e-20)
(0.957106 0.0893048 -3.65257e-20)
(0.906845 0.103684 -2.63826e-20)
(0.819579 0.0942224 -9.51398e-21)
(0.679007 0.0501004 8.81183e-20)
(0.93181 0.0189327 0)
(1.05979 0.0412364 1.72775e-20)
(1.00753 0.0644648 -5.36181e-22)
(1.0279 0.0800506 -9.65335e-23)
(1.02133 0.0859319 3.74532e-20)
(0.994401 0.0993244 -2.32159e-20)
(0.963367 0.102649 -2.28443e-20)
(0.907293 0.122522 -5.50721e-20)
(0.826897 0.131073 4.60356e-20)
(0.669914 0.11863 -9.03458e-20)
(0.932397 0.0163362 1.22316e-21)
(1.05693 0.0381389 3.19678e-20)
(1.00584 0.0628194 2.79121e-22)
(1.02657 0.0808325 -3.46249e-20)
(1.02291 0.0902771 4.85573e-22)
(0.996332 0.105671 -1.35886e-20)
(0.969813 0.115883 1.3854e-20)
(0.911672 0.141336 2.98653e-20)
(0.836301 0.168055 -9.52469e-20)
(0.675059 0.1887 5.1544e-20)
(0.682266 0.0503621 1.35692e-19)
(0.496449 0.0204606 3.05993e-20)
(0.300999 0.0034829 2.96223e-22)
(0.297416 0.00129774 -2.96168e-21)
(0.265846 0.00034724 -8.31811e-22)
(0.265087 -0.000622502 -4.51703e-21)
(0.259269 -0.000921765 1.4065e-21)
(0.308239 -0.00340158 -6.20703e-21)
(0.30048 -0.00866178 -6.0201e-21)
(0.576406 -0.0155038 -1.09575e-20)
(0.908672 0.128975 2.53426e-19)
(0.948506 0.089787 3.456e-21)
(0.749314 0.0368211 3.27323e-21)
(0.740404 0.0119728 -1.07495e-20)
(0.691106 0.00669445 -3.79139e-21)
(0.681254 0.00138597 -7.1187e-21)
(0.652925 -0.0072514 9.07906e-21)
(0.73044 -0.0122288 -1.7643e-20)
(0.695494 -0.0488864 -4.93893e-20)
(1.02848 -0.101005 7.66184e-20)
(0.929446 0.102893 4.65326e-21)
(1.11016 0.093147 6.34273e-21)
(0.966808 0.0475982 6.4233e-23)
(0.960822 0.0224766 -1.3856e-22)
(0.909817 0.0138506 0)
(0.891704 0.00743988 0)
(0.853569 -0.00848351 0)
(0.902398 -0.0217008 0)
(0.910666 -0.0687015 3.08236e-21)
(1.09327 -0.169852 9.27412e-21)
(0.920364 0.0916868 3.45986e-21)
(1.14747 0.093862 8.12712e-22)
(1.03906 0.0577981 1.13025e-20)
(1.03957 0.0332673 0)
(0.991463 0.022122 0)
(0.967377 0.0140355 0)
(0.927818 -0.00449641 0)
(0.946195 -0.0315921 0)
(0.967985 -0.0833568 0)
(1.07853 -0.22884 5.66146e-20)
(0.915712 0.0780072 -1.74792e-21)
(1.1437 0.0867659 1.00442e-21)
(1.05001 0.0624242 0)
(1.05754 0.0419507 -6.5039e-21)
(1.01343 0.0301698 0)
(0.986886 0.0214222 0)
(0.944092 0.000992503 -1.42735e-20)
(0.95745 -0.0368383 3.82814e-20)
(0.932359 -0.0928685 0)
(1.07824 -0.296035 4.65631e-19)
(0.662751 -0.00674536 -6.81624e-20)
(0.655872 0.00324067 1.032e-20)
(0.644751 0.00832455 2.09988e-19)
(0.620587 0.00975089 3.06906e-19)
(0.576626 0.00880187 1.0555e-19)
(0.517848 0.00718469 -3.05742e-19)
(0.452954 0.00558304 -2.23009e-20)
(0.390417 0.00403842 -4.77495e-20)
(0.338195 0.00258869 -1.23121e-19)
(0.301709 0.00138956 8.12188e-20)
(1.16784 -0.0991147 -1.37505e-19)
(1.19951 -0.0858042 -1.29448e-19)
(1.22955 -0.0674048 -4.62178e-20)
(1.25017 -0.0448316 -2.3219e-19)
(1.24172 -0.0243727 1.68615e-19)
(1.19281 -0.0103079 2.83976e-19)
(1.1071 -0.00204447 2.049e-19)
(1.00204 0.00247342 2.81474e-19)
(0.90194 0.00498987 -3.52991e-19)
(0.826597 0.00653315 -1.59656e-20)
(1.28331 -0.190524 -9.02084e-20)
(1.35128 -0.181438 -2.59687e-19)
(1.42746 -0.157388 9.39622e-21)
(1.50212 -0.123125 1.46083e-19)
(1.55721 -0.0868342 -2.85745e-19)
(1.57307 -0.0545495 -8.05191e-20)
(1.53582 -0.0289794 -2.20957e-19)
(1.45175 -0.0107551 2.31647e-19)
(1.35077 0.00192516 4.55516e-20)
(1.26657 0.0109493 9.75156e-21)
(1.28075 -0.283313 -9.00521e-20)
(1.36857 -0.279382 1.42863e-19)
(1.47462 -0.251547 1.63722e-20)
(1.58553 -0.207347 -1.00638e-19)
(1.68753 -0.156866 4.62882e-21)
(1.76256 -0.107177 -3.61217e-21)
(1.78798 -0.0632768 -9.82442e-20)
(1.75522 -0.0289174 -1.83339e-19)
(1.68657 -0.00375247 1.19674e-19)
(1.61876 0.0139045 -2.81984e-19)
(1.28168 -0.37566 -1.73295e-19)
(1.37666 -0.370018 -1.3699e-19)
(1.48557 -0.343575 1.43502e-19)
(1.60353 -0.296882 -3.34782e-19)
(1.72714 -0.236617 2.04586e-19)
(1.84337 -0.171416 -1.66011e-19)
(1.9264 -0.109393 4.1467e-19)
(1.95275 -0.0578009 -2.03803e-19)
(1.92932 -0.0180442 1.66956e-19)
(1.8895 0.0111935 -7.78299e-19)
)
;

boundaryField
{
    left
    {
        type            fixedValue;
        value           uniform (1 0 0);
    }
    right
    {
        type            zeroGradient;
    }
    down
    {
        type            noSlip;
    }
    up
    {
        type            noSlip;
    }
    cylinder
    {
        type            noSlip;
    }
    defaultFaces
    {
        type            empty;
    }
}


// ************************************************************************* //
