/*--------------------------------*- C++ -*----------------------------------*\
  =========                 |
  \\      /  F ield         | OpenFOAM: The Open Source CFD Toolbox
   \\    /   O peration     | Website:  https://openfoam.org
    \\  /    A nd           | Version:  13
     \\/     M anipulation  |
\*---------------------------------------------------------------------------*/
FoamFile
{
    format      ascii;
    class       volScalarField;
    location    "1.49";
    object      p;
}
// * * * * * * * * * * * * * * * * * * * * * * * * * * * * * * * * * * * * * //

dimensions      [0 2 -2 0 0 0 0];

internalField   nonuniform List<scalar> 
440
(
-1.36687
-1.35001
-1.35081
-1.32173
-1.24584
-1.50808
-1.48524
-1.4515
-1.38187
-1.28241
-1.68478
-1.64395
-1.55363
-1.42593
-1.28373
-1.82744
-1.76385
-1.60955
-1.43295
-1.26803
-1.89065
-1.78404
-1.57356
-1.36359
-1.17716
-0.479434
-0.484691
-0.487527
-0.469896
-0.428165
-0.66548
-0.667358
-0.67054
-0.651642
-0.588629
-0.910274
-0.910708
-0.912835
-0.921018
-0.798301
-1.12198
-1.12111
-1.13313
-1.15627
-1.05964
-1.25479
-1.24501
-1.25227
-1.26052
-1.17429
-0.0957905
-0.0023435
0.074489
0.0454175
0.0139886
-0.199698
-0.0110379
0.0683658
0.0428148
0.0131563
-0.332193
-0.0246266
0.0601684
0.0396367
0.0122622
-0.456401
-0.0490482
0.0496655
0.0356832
0.0112509
-0.582796
-0.083094
0.0363795
0.030858
0.0100068
-0.606694
-0.106785
0.0186916
0.0226067
0.00785934
-0.50733
-0.128541
-0.0197257
0.0031935
0.00257888
-0.436887
-0.12862
-0.0243672
-0.00201327
0.000615784
-0.402078
-0.154318
-0.0467793
-0.013777
-0.00294826
-0.375496
-0.163621
-0.0590324
-0.0202674
-0.00480316
-0.874591
-0.979739
-1.02829
-1.05238
-1.04183
-0.617018
-0.710851
-0.763426
-0.781267
-0.776489
-0.442997
-0.528981
-0.582675
-0.599531
-0.596287
-0.330755
-0.41552
-0.467366
-0.485389
-0.482928
-0.274486
-0.360487
-0.413651
-0.434191
-0.431966
0.403139
0.257183
0.0796178
-0.121865
-0.352904
0.0124455
-0.149478
-0.347739
-0.574635
-0.833409
-0.396906
-0.570164
-0.788221
-1.02678
-1.28617
-0.745403
-0.927751
-1.16144
-1.41046
-1.6319
-1.01428
-1.20389
-1.43043
-1.67013
-1.83708
1.70897
1.73033
1.75117
1.76161
1.75752
1.50507
1.51567
1.52126
1.51125
1.48254
1.24812
1.23496
1.20275
1.14949
1.07173
0.971066
0.930393
0.857722
0.75637
0.626139
0.688582
0.595927
0.471122
0.321225
0.14058
1.56753
1.44021
1.54068
1.53108
1.64115
1.555
1.42544
1.51833
1.49519
1.54473
1.54305
1.40896
1.49393
1.44864
1.41862
1.53185
1.39137
1.4675
1.393
1.24094
1.52187
1.37289
1.44036
1.32992
1.04735
1.51077
1.34919
1.40301
1.22727
0.831696
1.50154
1.32361
1.37164
1.13705
0.835719
1.50143
1.30423
1.3487
1.08047
0.838398
1.49794
1.28637
1.33364
1.0374
0.848277
1.52511
1.28267
1.32551
1.01085
0.854998
0.411869
0.124394
-0.21757
-0.50241
-0.72594
0.370412
0.16845
-0.0699394
-0.290438
-0.477595
0.38605
0.206093
0.0175888
-0.163176
-0.315833
0.42467
0.253521
0.0840921
-0.0738797
-0.210102
0.446333
0.280657
0.121815
-0.0261079
-0.156384
-1.09943
-0.973633
-0.824593
-0.707243
-0.638438
-1.11541
-1.06081
-0.950904
-0.856168
-0.798077
-0.99596
-0.950069
-0.881267
-0.826699
-0.786736
-0.818505
-0.765127
-0.740626
-0.738184
-0.755802
-0.718921
-0.675739
-0.661355
-0.703391
-0.764359
-0.800844
-0.795857
-0.786759
-0.896883
-0.888698
-0.794394
-0.811119
-0.8368
-0.942665
-0.861734
-0.593334
-0.608035
-0.642833
-0.674082
-0.630902
-0.436007
-0.442274
-0.450363
-0.441027
-0.406941
-0.401337
-0.409188
-0.415076
-0.403383
-0.372652
-0.496095
-0.0661138
0.069165
0.0491401
0.017235
-0.400116
-0.0306738
0.0793786
0.0554988
0.0176307
-0.238342
-0.00931333
0.0803968
0.0500072
0.0161398
-0.103454
0.000609825
0.0813882
0.0495763
0.0155959
-0.0531705
0.0025171
0.0784653
0.047467
0.0147441
-0.40165
-0.221095
0.0218768
0.0430926
0.0178484
-0.498719
-0.121934
0.0835982
0.0695017
0.0223843
-0.608084
-0.746124
-0.803213
-0.737267
-0.56681
-0.618468
-0.765862
-0.779701
-0.75456
-0.704357
1.58133
1.56219
1.5295
1.48384
1.42335
1.7152
1.73549
1.74455
1.74006
1.72256
1.82343
1.84974
1.8687
1.87722
1.87496
1.86304
1.89631
1.93314
1.96461
1.97995
1.82702
1.85729
1.89164
1.92031
1.93309
-0.244776
-0.336146
-0.48428
-0.662735
-0.874148
0.278021
0.158067
0.000145529
-0.193457
-0.439914
0.757522
0.634433
0.486212
0.30972
0.0890843
1.12807
1.03508
0.922261
0.782875
0.614298
1.41813
1.35603
1.27267
1.17097
1.05232
1.63442
1.48476
1.60758
1.57907
1.67767
1.61993
1.47995
1.5988
1.58601
1.70124
1.60664
1.47303
1.58999
1.58539
1.74718
1.59345
1.46421
1.57653
1.57665
1.72843
1.58039
1.45321
1.56012
1.55828
1.70048
1.68361
1.49396
1.60604
1.53355
1.5886
1.64491
1.48506
1.6021
1.55237
1.58908
1.30423
1.13366
0.812876
0.320768
-0.221483
1.38812
1.16619
0.82648
0.338165
-0.213208
)
;

boundaryField
{
    left
    {
        type            zeroGradient;
    }
    right
    {
        type            fixedValue;
        value           uniform 0;
    }
    down
    {
        type            zeroGradient;
    }
    up
    {
        type            zeroGradient;
    }
    cylinder
    {
        type            zeroGradient;
    }
    defaultFaces
    {
        type            empty;
    }
}


// ************************************************************************* //
